Tax.ID	Frequency	Proportion	Total
394	2	1.63997995616498e-07	12195271
882	1	8.19989978082488e-08	12195271
883	1	8.19989978082488e-08	12195271
1511	5	4.09994989041244e-07	12195271
2762	5	4.09994989041244e-07	12195271
2787	2	1.63997995616498e-07	12195271
2829	1	8.19989978082488e-08	12195271
2850	17	1.39398296274023e-06	12195271
2986	2	1.63997995616498e-07	12195271
3040	1	8.19989978082488e-08	12195271
5907	2	1.63997995616498e-07	12195271
5908	2	1.63997995616498e-07	12195271
5932	1	8.19989978082488e-08	12195271
31964	2	1.63997995616498e-07	12195271
35128	9	7.37990980274239e-07	12195271
43926	2	1.63997995616498e-07	12195271
43989	1	8.19989978082488e-08	12195271
44058	1	8.19989978082488e-08	12195271
59374	2	1.63997995616498e-07	12195271
62928	5	4.09994989041244e-07	12195271
62977	5	4.09994989041244e-07	12195271
63186	1	8.19989978082488e-08	12195271
65071	2	1.63997995616498e-07	12195271
66084	1	8.19989978082488e-08	12195271
69328	1	8.19989978082488e-08	12195271
75379	6	4.91993986849493e-07	12195271
76114	6	4.91993986849493e-07	12195271
76869	4	3.27995991232995e-07	12195271
78245	9	7.37990980274239e-07	12195271
84588	1	8.19989978082488e-08	12195271
85569	1	8.19989978082488e-08	12195271
85643	9	7.37990980274239e-07	12195271
94122	3	2.45996993424746e-07	12195271
96563	2	1.63997995616498e-07	12195271
100226	1	8.19989978082488e-08	12195271
101510	13	1.06598697150723e-06	12195271
103690	2	1.63997995616498e-07	12195271
105559	1	8.19989978082488e-08	12195271
106370	1	8.19989978082488e-08	12195271
109269	1	8.19989978082488e-08	12195271
110662	1	8.19989978082488e-08	12195271
111780	1	8.19989978082488e-08	12195271
114615	4	3.27995991232995e-07	12195271
120807	1	8.19989978082488e-08	12195271
134676	3	2.45996993424746e-07	12195271
137722	1	8.19989978082488e-08	12195271
153948	1	8.19989978082488e-08	12195271
158189	7	5.73992984657742e-07	12195271
158878	2	1.63997995616498e-07	12195271
158879	2	1.63997995616498e-07	12195271
159087	3	2.45996993424746e-07	12195271
160488	2	1.63997995616498e-07	12195271
160490	3	2.45996993424746e-07	12195271
160492	1	8.19989978082488e-08	12195271
160619	12	9.83987973698985e-07	12195271
164756	2	1.63997995616498e-07	12195271
167542	1	8.19989978082488e-08	12195271
171101	2	1.63997995616498e-07	12195271
176279	10	8.19989978082488e-07	12195271
176280	9	7.37990980274239e-07	12195271
176299	1	8.19989978082488e-08	12195271
179408	6	4.91993986849493e-07	12195271
186103	3	2.45996993424746e-07	12195271
187272	4	3.27995991232995e-07	12195271
187303	1	8.19989978082488e-08	12195271
189918	1	8.19989978082488e-08	12195271
190485	7	5.73992984657742e-07	12195271
190486	2	1.63997995616498e-07	12195271
190650	4	3.27995991232995e-07	12195271
192952	4	3.27995991232995e-07	12195271
196162	6	4.91993986849493e-07	12195271
196164	13	1.06598697150723e-06	12195271
203119	2	1.63997995616498e-07	12195271
203120	5	4.09994989041244e-07	12195271
203122	3	2.45996993424746e-07	12195271
203275	3	2.45996993424746e-07	12195271
204773	15	1.22998496712373e-06	12195271
205913	14	1.14798596931548e-06	12195271
205918	4	3.27995991232995e-07	12195271
205922	4	3.27995991232995e-07	12195271
206672	1	8.19989978082488e-08	12195271
208596	2	1.63997995616498e-07	12195271
208963	6	4.91993986849493e-07	12195271
208964	3	2.45996993424746e-07	12195271
213810	1	8.19989978082488e-08	12195271
214092	2	1.63997995616498e-07	12195271
216595	28	2.29597193863097e-06	12195271
216596	5	4.09994989041244e-07	12195271
216599	1	8.19989978082488e-08	12195271
220341	3	2.45996993424746e-07	12195271
220664	2	1.63997995616498e-07	12195271
223283	5	4.09994989041244e-07	12195271
224911	6	4.91993986849493e-07	12195271
226185	1	8.19989978082488e-08	12195271
226186	41	3.3619589101382e-06	12195271
227086	4	3.27995991232995e-07	12195271
227882	1	8.19989978082488e-08	12195271
231023	2	1.63997995616498e-07	12195271
232721	122	1.00038777326064e-05	12195271
234267	1	8.19989978082488e-08	12195271
234621	299	2.45177003446664e-05	12195271
240015	1	8.19989978082488e-08	12195271
242619	1	8.19989978082488e-08	12195271
243159	1	8.19989978082488e-08	12195271
243230	1	8.19989978082488e-08	12195271
243233	1	8.19989978082488e-08	12195271
243243	1	8.19989978082488e-08	12195271
243275	2	1.63997995616498e-07	12195271
243365	4	3.27995991232995e-07	12195271
245014	22	1.80397795178147e-06	12195271
245018	49	4.01795089260419e-06	12195271
246196	1	8.19989978082488e-08	12195271
246197	5	4.09994989041244e-07	12195271
246198	1	8.19989978082488e-08	12195271
257310	1	8.19989978082488e-08	12195271
257311	1	8.19989978082488e-08	12195271
257313	1	8.19989978082488e-08	12195271
257314	1	8.19989978082488e-08	12195271
258594	2	1.63997995616498e-07	12195271
259536	18	1.47598196054848e-06	12195271
261292	21	1.72197895397322e-06	12195271
262724	2	1.63997995616498e-07	12195271
263358	1	8.19989978082488e-08	12195271
264198	5	4.09994989041244e-07	12195271
264199	1	8.19989978082488e-08	12195271
264462	1	8.19989978082488e-08	12195271
264730	3	2.45996993424746e-07	12195271
264731	6	4.91993986849493e-07	12195271
265072	2	1.63997995616498e-07	12195271
266264	6	4.91993986849493e-07	12195271
266265	1	8.19989978082488e-08	12195271
266779	4	3.27995991232995e-07	12195271
266835	2	1.63997995616498e-07	12195271
266940	2	1.63997995616498e-07	12195271
267608	2	1.63997995616498e-07	12195271
267747	6	4.91993986849493e-07	12195271
269482	2	1.63997995616498e-07	12195271
269484	1	8.19989978082488e-08	12195271
269796	1	8.19989978082488e-08	12195271
269797	4	3.27995991232995e-07	12195271
269798	9	7.37990980274239e-07	12195271
272559	8	6.5599198246599e-07	12195271
272563	3	2.45996993424746e-07	12195271
272568	2	1.63997995616498e-07	12195271
272620	6	4.91993986849493e-07	12195271
272622	4	3.27995991232995e-07	12195271
272623	2	1.63997995616498e-07	12195271
272630	3	2.45996993424746e-07	12195271
272943	1	8.19989978082488e-08	12195271
273121	1	8.19989978082488e-08	12195271
278137	1	8.19989978082488e-08	12195271
278197	1	8.19989978082488e-08	12195271
279238	4	3.27995991232995e-07	12195271
279808	1	8.19989978082488e-08	12195271
281090	1	8.19989978082488e-08	12195271
283942	2	1.63997995616498e-07	12195271
284592	1	8.19989978082488e-08	12195271
286636	1	8.19989978082488e-08	12195271
288000	4	3.27995991232995e-07	12195271
288705	6	4.91993986849493e-07	12195271
290339	2	1.63997995616498e-07	12195271
290340	1	8.19989978082488e-08	12195271
290398	1	8.19989978082488e-08	12195271
290399	8	6.5599198246599e-07	12195271
290402	8	6.5599198246599e-07	12195271
291331	2	1.63997995616498e-07	12195271
292415	1	8.19989978082488e-08	12195271
295405	30	2.45996993424746e-06	12195271
296543	8	6.5599198246599e-07	12195271
296591	33	2.70596692767221e-06	12195271
298653	5	4.09994989041244e-07	12195271
298654	4	3.27995991232995e-07	12195271
299768	2	1.63997995616498e-07	12195271
300852	5	4.09994989041244e-07	12195271
304863	1	8.19989978082488e-08	12195271
306537	1	8.19989978082488e-08	12195271
311403	1	8.19989978082488e-08	12195271
312153	1	8.19989978082488e-08	12195271
313595	1	8.19989978082488e-08	12195271
313596	2	1.63997995616498e-07	12195271
313598	1	8.19989978082488e-08	12195271
314225	2	1.63997995616498e-07	12195271
314565	4	3.27995991232995e-07	12195271
315730	1	8.19989978082488e-08	12195271
316055	4	3.27995991232995e-07	12195271
316056	3	2.45996993424746e-07	12195271
316057	2	1.63997995616498e-07	12195271
316058	1	8.19989978082488e-08	12195271
316273	1	8.19989978082488e-08	12195271
316385	1	8.19989978082488e-08	12195271
317655	2	1.63997995616498e-07	12195271
318586	4	3.27995991232995e-07	12195271
320373	1	8.19989978082488e-08	12195271
320388	2	1.63997995616498e-07	12195271
321327	2	1.63997995616498e-07	12195271
321967	1	8.19989978082488e-08	12195271
322159	25	2.04997494520622e-06	12195271
322710	4	3.27995991232995e-07	12195271
323097	1	8.19989978082488e-08	12195271
323098	2	1.63997995616498e-07	12195271
323259	7	5.73992984657742e-07	12195271
323848	1	8.19989978082488e-08	12195271
323850	1	8.19989978082488e-08	12195271
326297	1	8.19989978082488e-08	12195271
326424	7	5.73992984657742e-07	12195271
326425	1	8.19989978082488e-08	12195271
326426	1	8.19989978082488e-08	12195271
330214	3	2.45996993424746e-07	12195271
331104	1	8.19989978082488e-08	12195271
331111	2	1.63997995616498e-07	12195271
331112	3	2.45996993424746e-07	12195271
331271	7	5.73992984657742e-07	12195271
331272	2	1.63997995616498e-07	12195271
335283	1	8.19989978082488e-08	12195271
335284	25	2.04997494520622e-06	12195271
335659	8	6.5599198246599e-07	12195271
337191	2	1.63997995616498e-07	12195271
338969	18	1.47598196054848e-06	12195271
339670	9	7.37990980274239e-07	12195271
340100	16	1.31198396493198e-06	12195271
340322	7	5.73992984657742e-07	12195271
342108	2	1.63997995616498e-07	12195271
342109	1	8.19989978082488e-08	12195271
342451	1	8.19989978082488e-08	12195271
343509	1	8.19989978082488e-08	12195271
344609	4	3.27995991232995e-07	12195271
347253	6	4.91993986849493e-07	12195271
347515	2	1.63997995616498e-07	12195271
348058	1	8.19989978082488e-08	12195271
349101	5	4.09994989041244e-07	12195271
349102	3	2.45996993424746e-07	12195271
349106	5	4.09994989041244e-07	12195271
349124	2	1.63997995616498e-07	12195271
349163	1	8.19989978082488e-08	12195271
349519	2	1.63997995616498e-07	12195271
349741	6	4.91993986849493e-07	12195271
350054	2	1.63997995616498e-07	12195271
350058	2	1.63997995616498e-07	12195271
350688	4	3.27995991232995e-07	12195271
351348	4	3.27995991232995e-07	12195271
351745	1	8.19989978082488e-08	12195271
351746	6	4.91993986849493e-07	12195271
353153	1	8.19989978082488e-08	12195271
354242	3	2.45996993424746e-07	12195271
355278	1	8.19989978082488e-08	12195271
357348	2	1.63997995616498e-07	12195271
357808	4	3.27995991232995e-07	12195271
357809	1	8.19989978082488e-08	12195271
358220	55	4.50994487945368e-06	12195271
359786	9	7.37990980274239e-07	12195271
359787	1	8.19989978082488e-08	12195271
360094	2	1.63997995616498e-07	12195271
360102	4	3.27995991232995e-07	12195271
360910	3	2.45996993424746e-07	12195271
362663	7	5.73992984657742e-07	12195271
365044	114	9.34788575014036e-06	12195271
365046	14	1.14798596931548e-06	12195271
365659	2	1.63997995616498e-07	12195271
366602	3	2.45996993424746e-07	12195271
367737	6	4.91993986849493e-07	12195271
367775	4	3.27995991232995e-07	12195271
367928	22	1.80397795178147e-06	12195271
370354	4	3.27995991232995e-07	12195271
373153	4	3.27995991232995e-07	12195271
373384	18	1.47598196054848e-06	12195271
375286	1	8.19989978082488e-08	12195271
376686	45	3.6899549013712e-06	12195271
377628	4	3.27995991232995e-07	12195271
377629	5	4.09994989041244e-07	12195271
378753	1	8.19989978082488e-08	12195271
379731	11	9.01988975890737e-07	12195271
380358	1	8.19989978082488e-08	12195271
380394	2	1.63997995616498e-07	12195271
380703	9	7.37990980274239e-07	12195271
381666	1	8.19989978082488e-08	12195271
381754	3	2.45996993424746e-07	12195271
382245	10	8.19989978082488e-07	12195271
384676	7	5.73992984657742e-07	12195271
386415	2	1.63997995616498e-07	12195271
386656	2	1.63997995616498e-07	12195271
387092	1	8.19989978082488e-08	12195271
387344	1	8.19989978082488e-08	12195271
390235	3	2.45996993424746e-07	12195271
390333	3	2.45996993424746e-07	12195271
391008	1	8.19989978082488e-08	12195271
391037	1	8.19989978082488e-08	12195271
391038	1	8.19989978082488e-08	12195271
391295	1	8.19989978082488e-08	12195271
391735	21	1.72197895397322e-06	12195271
391904	11	9.01988975890737e-07	12195271
392499	5	4.09994989041244e-07	12195271
393305	4	3.27995991232995e-07	12195271
393595	2	1.63997995616498e-07	12195271
394221	2	1.63997995616498e-07	12195271
395019	14	1.14798596931548e-06	12195271
395491	1	8.19989978082488e-08	12195271
395494	2	1.63997995616498e-07	12195271
395495	22	1.80397795178147e-06	12195271
395960	3	2.45996993424746e-07	12195271
396513	2	1.63997995616498e-07	12195271
396588	1	8.19989978082488e-08	12195271
397945	38	3.11596191671345e-06	12195271
398527	4	3.27995991232995e-07	12195271
398578	47	3.85395289698769e-06	12195271
399739	10	8.19989978082488e-07	12195271
399742	1	8.19989978082488e-08	12195271
400667	15	1.22998496712373e-06	12195271
400673	1	8.19989978082488e-08	12195271
400756	9	7.37990980274239e-07	12195271
401473	2	1.63997995616498e-07	12195271
402612	30	2.45996993424746e-06	12195271
402626	7	5.73992984657742e-07	12195271
402881	3	2.45996993424746e-07	12195271
403677	5	4.09994989041244e-07	12195271
403833	2	1.63997995616498e-07	12195271
404380	1	8.19989978082488e-08	12195271
404589	1	8.19989978082488e-08	12195271
405416	17	1.39398296274023e-06	12195271
405566	2	1.63997995616498e-07	12195271
405948	1	8.19989978082488e-08	12195271
405955	5	4.09994989041244e-07	12195271
409438	2	1.63997995616498e-07	12195271
411154	1	8.19989978082488e-08	12195271
416344	1	8.19989978082488e-08	12195271
416870	5	4.09994989041244e-07	12195271
419610	1	8.19989978082488e-08	12195271
420247	6	4.91993986849493e-07	12195271
420662	20	1.63997995616498e-06	12195271
423368	6	4.91993986849493e-07	12195271
423536	4	3.27995991232995e-07	12195271
424182	1	8.19989978082488e-08	12195271
425011	6	4.91993986849493e-07	12195271
426114	1	8.19989978082488e-08	12195271
426117	2	1.63997995616498e-07	12195271
426355	1	8.19989978082488e-08	12195271
426430	2	1.63997995616498e-07	12195271
428406	7	5.73992984657742e-07	12195271
431895	1	8.19989978082488e-08	12195271
431943	1	8.19989978082488e-08	12195271
431947	1	8.19989978082488e-08	12195271
435590	264	2.16477354213777e-05	12195271
435591	24	1.96797594739797e-06	12195271
435998	1	8.19989978082488e-08	12195271
436717	7	5.73992984657742e-07	12195271
439375	1	8.19989978082488e-08	12195271
439843	3	2.45996993424746e-07	12195271
439855	3	2.45996993424746e-07	12195271
440085	2	1.63997995616498e-07	12195271
441375	2	1.63997995616498e-07	12195271
441620	4	3.27995991232995e-07	12195271
441768	15	1.22998496712373e-06	12195271
442563	1	8.19989978082488e-08	12195271
443143	1	8.19989978082488e-08	12195271
443144	1	8.19989978082488e-08	12195271
443906	1	8.19989978082488e-08	12195271
444179	3	2.45996993424746e-07	12195271
446462	7	5.73992984657742e-07	12195271
446465	4	3.27995991232995e-07	12195271
446466	1	8.19989978082488e-08	12195271
446468	1	8.19989978082488e-08	12195271
446469	6	4.91993986849493e-07	12195271
446471	3	2.45996993424746e-07	12195271
447217	1	8.19989978082488e-08	12195271
448385	1	8.19989978082488e-08	12195271
449447	1	8.19989978082488e-08	12195271
450851	4	3.27995991232995e-07	12195271
452638	2	1.63997995616498e-07	12195271
452652	5	4.09994989041244e-07	12195271
452863	1	8.19989978082488e-08	12195271
454169	1	8.19989978082488e-08	12195271
455488	1	8.19989978082488e-08	12195271
455632	2	1.63997995616498e-07	12195271
456481	1	8.19989978082488e-08	12195271
459349	19	1.55798095835673e-06	12195271
460265	1	8.19989978082488e-08	12195271
465515	5	4.09994989041244e-07	12195271
467705	2	1.63997995616498e-07	12195271
469378	3	2.45996993424746e-07	12195271
469604	1	8.19989978082488e-08	12195271
469607	1	8.19989978082488e-08	12195271
471223	3	2.45996993424746e-07	12195271
471853	2	1.63997995616498e-07	12195271
471854	1	8.19989978082488e-08	12195271
471855	1	8.19989978082488e-08	12195271
474186	1	8.19989978082488e-08	12195271
477641	4	3.27995991232995e-07	12195271
478801	2	1.63997995616498e-07	12195271
479431	2	1.63997995616498e-07	12195271
479432	2	1.63997995616498e-07	12195271
479433	2	1.63997995616498e-07	12195271
479434	1	8.19989978082488e-08	12195271
479435	1	8.19989978082488e-08	12195271
479437	4	3.27995991232995e-07	12195271
480119	2	1.63997995616498e-07	12195271
481448	1	8.19989978082488e-08	12195271
481743	1	8.19989978082488e-08	12195271
481805	8	6.5599198246599e-07	12195271
481877	1	8.19989978082488e-08	12195271
483219	2	1.63997995616498e-07	12195271
484021	3	2.45996993424746e-07	12195271
484906	4	3.27995991232995e-07	12195271
485917	10	8.19989978082488e-07	12195271
485918	1	8.19989978082488e-08	12195271
487213	2	1.63997995616498e-07	12195271
487214	1	8.19989978082488e-08	12195271
489653	1	8.19989978082488e-08	12195271
497978	1	8.19989978082488e-08	12195271
498211	2	1.63997995616498e-07	12195271
502800	2	1.63997995616498e-07	12195271
502801	1	8.19989978082488e-08	12195271
504728	6	4.91993986849493e-07	12195271
504832	2	1.63997995616498e-07	12195271
507522	1	8.19989978082488e-08	12195271
508765	6	4.91993986849493e-07	12195271
508767	4	3.27995991232995e-07	12195271
508771	3	2.45996993424746e-07	12195271
509169	7	5.73992984657742e-07	12195271
509170	10	8.19989978082488e-07	12195271
509173	27	2.21397294082272e-06	12195271
509190	4	3.27995991232995e-07	12195271
511995	1	8.19989978082488e-08	12195271
512565	1	8.19989978082488e-08	12195271
512566	2	1.63997995616498e-07	12195271
515619	83	6.80591681808465e-06	12195271
515620	19	1.55798095835673e-06	12195271
516950	3	2.45996993424746e-07	12195271
521095	1	8.19989978082488e-08	12195271
521096	1	8.19989978082488e-08	12195271
521097	1	8.19989978082488e-08	12195271
522306	9	7.37990980274239e-07	12195271
523791	2	1.63997995616498e-07	12195271
525284	2	1.63997995616498e-07	12195271
525381	3	2.45996993424746e-07	12195271
526225	2	1.63997995616498e-07	12195271
526226	2	1.63997995616498e-07	12195271
526227	8	6.5599198246599e-07	12195271
529507	2	1.63997995616498e-07	12195271
531844	5	4.09994989041244e-07	12195271
535289	63	5.16593686191967e-06	12195271
536019	3	2.45996993424746e-07	12195271
536230	1	8.19989978082488e-08	12195271
537457	3	2.45996993424746e-07	12195271
543728	34	2.78796592548046e-06	12195271
543891	9	7.37990980274239e-07	12195271
543913	11	9.01988975890737e-07	12195271
544556	1	8.19989978082488e-08	12195271
548473	4	3.27995991232995e-07	12195271
548476	1	8.19989978082488e-08	12195271
548479	1	8.19989978082488e-08	12195271
550542	1	8.19989978082488e-08	12195271
553174	3	2.45996993424746e-07	12195271
553190	1	8.19989978082488e-08	12195271
553199	120	9.83987973698986e-06	12195271
557436	1	8.19989978082488e-08	12195271
557598	4	3.27995991232995e-07	12195271
557600	3	2.45996993424746e-07	12195271
557722	5	4.09994989041244e-07	12195271
557760	1	8.19989978082488e-08	12195271
559292	8	6.5599198246599e-07	12195271
561231	1	8.19989978082488e-08	12195271
561276	1	8.19989978082488e-08	12195271
565040	10	8.19989978082488e-07	12195271
565042	7	5.73992984657742e-07	12195271
565050	1	8.19989978082488e-08	12195271
567106	1	8.19989978082488e-08	12195271
568814	1	8.19989978082488e-08	12195271
568816	1	8.19989978082488e-08	12195271
570417	1	8.19989978082488e-08	12195271
571800	31	2.54196893205571e-06	12195271
572480	1	8.19989978082488e-08	12195271
572547	1	8.19989978082488e-08	12195271
573059	1	8.19989978082488e-08	12195271
573061	2	1.63997995616498e-07	12195271
573235	1	8.19989978082488e-08	12195271
573370	1	8.19989978082488e-08	12195271
573729	1	8.19989978082488e-08	12195271
574093	1	8.19989978082488e-08	12195271
578455	1	8.19989978082488e-08	12195271
580050	1	8.19989978082488e-08	12195271
580327	2	1.63997995616498e-07	12195271
580332	3	2.45996993424746e-07	12195271
582744	1	8.19989978082488e-08	12195271
582899	2	1.63997995616498e-07	12195271
583355	2	1.63997995616498e-07	12195271
585034	1	8.19989978082488e-08	12195271
585035	1	8.19989978082488e-08	12195271
585054	3	2.45996993424746e-07	12195271
585056	1	8.19989978082488e-08	12195271
585057	1	8.19989978082488e-08	12195271
585394	37	3.03396291890521e-06	12195271
585395	1	8.19989978082488e-08	12195271
585396	2	1.63997995616498e-07	12195271
590998	1	8.19989978082488e-08	12195271
592029	1	8.19989978082488e-08	12195271
593588	1	8.19989978082488e-08	12195271
595494	5	4.09994989041244e-07	12195271
595495	2	1.63997995616498e-07	12195271
595528	1	8.19989978082488e-08	12195271
595537	21	1.72197895397322e-06	12195271
596153	36	2.95196392109696e-06	12195271
596154	28	2.29597193863097e-06	12195271
598659	2	1.63997995616498e-07	12195271
610130	11	9.01988975890737e-07	12195271
626418	2	1.63997995616498e-07	12195271
627192	3	2.45996993424746e-07	12195271
632772	4	3.27995991232995e-07	12195271
633147	1	8.19989978082488e-08	12195271
633149	4	3.27995991232995e-07	12195271
633699	1	8.19989978082488e-08	12195271
634499	1	8.19989978082488e-08	12195271
634500	1	8.19989978082488e-08	12195271
637379	9	7.37990980274239e-07	12195271
637887	1	8.19989978082488e-08	12195271
640081	4	3.27995991232995e-07	12195271
640131	3	2.45996993424746e-07	12195271
640511	1	8.19989978082488e-08	12195271
643561	27	2.21397294082272e-06	12195271
643867	1	8.19989978082488e-08	12195271
644042	1	8.19989978082488e-08	12195271
644651	1	8.19989978082488e-08	12195271
644801	3	2.45996993424746e-07	12195271
645463	7	5.73992984657742e-07	12195271
645464	2	1.63997995616498e-07	12195271
648999	1	8.19989978082488e-08	12195271
649349	4	3.27995991232995e-07	12195271
649638	1	8.19989978082488e-08	12195271
652103	8	6.5599198246599e-07	12195271
653733	1	8.19989978082488e-08	12195271
655815	2	1.63997995616498e-07	12195271
657309	76	6.23192383342691e-06	12195271
657310	1	8.19989978082488e-08	12195271
657313	44	3.60795590356295e-06	12195271
657314	37	3.03396291890521e-06	12195271
657315	27	2.21397294082272e-06	12195271
657316	12	9.83987973698985e-07	12195271
657317	64	5.24793585972792e-06	12195271
657318	79	6.47792082685165e-06	12195271
657319	7	5.73992984657742e-07	12195271
657321	56	4.59194387726193e-06	12195271
657322	66	5.41193385534442e-06	12195271
657323	50	4.09994989041244e-06	12195271
657324	1	8.19989978082488e-08	12195271
661367	1	8.19989978082488e-08	12195271
661410	3	2.45996993424746e-07	12195271
663278	3	2.45996993424746e-07	12195271
666681	11	9.01988975890737e-07	12195271
666685	1	8.19989978082488e-08	12195271
666686	2	1.63997995616498e-07	12195271
667015	11	9.01988975890737e-07	12195271
670307	1	8.19989978082488e-08	12195271
679935	10	8.19989978082488e-07	12195271
680198	1	8.19989978082488e-08	12195271
684738	2	1.63997995616498e-07	12195271
685727	1	8.19989978082488e-08	12195271
688245	12	9.83987973698985e-07	12195271
688270	4	3.27995991232995e-07	12195271
690566	1	8.19989978082488e-08	12195271
691437	1	8.19989978082488e-08	12195271
693978	2	1.63997995616498e-07	12195271
693979	3	2.45996993424746e-07	12195271
694427	4	3.27995991232995e-07	12195271
696406	1	8.19989978082488e-08	12195271
696749	2	1.63997995616498e-07	12195271
698948	1	8.19989978082488e-08	12195271
700015	2	1.63997995616498e-07	12195271
700598	1	8.19989978082488e-08	12195271
702113	3	2.45996993424746e-07	12195271
702459	1	8.19989978082488e-08	12195271
703613	2	1.63997995616498e-07	12195271
709991	19	1.55798095835673e-06	12195271
710685	2	1.63997995616498e-07	12195271
710696	3	2.45996993424746e-07	12195271
712961	2	1.63997995616498e-07	12195271
716541	3	2.45996993424746e-07	12195271
717608	13	1.06598697150723e-06	12195271
717785	1	8.19989978082488e-08	12195271
717959	9	7.37990980274239e-07	12195271
717960	20	1.63997995616498e-06	12195271
717961	7	5.73992984657742e-07	12195271
717962	33	2.70596692767221e-06	12195271
718252	69	5.65793084876917e-06	12195271
718254	1	8.19989978082488e-08	12195271
718255	34	2.78796592548046e-06	12195271
718271	2	1.63997995616498e-07	12195271
718274	3	2.45996993424746e-07	12195271
720554	5	4.09994989041244e-07	12195271
722911	1	8.19989978082488e-08	12195271
742013	22	1.80397795178147e-06	12195271
743525	36	2.95196392109696e-06	12195271
743718	1	8.19989978082488e-08	12195271
743720	2	1.63997995616498e-07	12195271
743721	3	2.45996993424746e-07	12195271
744872	1	8.19989978082488e-08	12195271
745310	3	2.45996993424746e-07	12195271
745776	1	8.19989978082488e-08	12195271
746361	1	8.19989978082488e-08	12195271
746697	1	8.19989978082488e-08	12195271
748247	2	1.63997995616498e-07	12195271
748280	3	2.45996993424746e-07	12195271
748727	5	4.09994989041244e-07	12195271
749219	1	8.19989978082488e-08	12195271
749222	1	8.19989978082488e-08	12195271
749414	1	8.19989978082488e-08	12195271
749927	1	8.19989978082488e-08	12195271
751585	7	5.73992984657742e-07	12195271
751945	2	1.63997995616498e-07	12195271
754252	1	8.19989978082488e-08	12195271
755732	1	8.19989978082488e-08	12195271
757424	16	1.31198396493198e-06	12195271
758793	1	8.19989978082488e-08	12195271
759350	6	4.91993986849493e-07	12195271
759362	1	8.19989978082488e-08	12195271
760154	3	2.45996993424746e-07	12195271
760192	2	1.63997995616498e-07	12195271
760570	1	8.19989978082488e-08	12195271
761193	1	8.19989978082488e-08	12195271
762051	1	8.19989978082488e-08	12195271
762376	7	5.73992984657742e-07	12195271
762633	2	1.63997995616498e-07	12195271
762903	3	2.45996993424746e-07	12195271
765698	1	8.19989978082488e-08	12195271
765911	1	8.19989978082488e-08	12195271
765912	2	1.63997995616498e-07	12195271
766760	1	8.19989978082488e-08	12195271
767434	1	8.19989978082488e-08	12195271
767462	2	1.63997995616498e-07	12195271
767463	11	9.01988975890737e-07	12195271
768066	1	8.19989978082488e-08	12195271
768486	1	8.19989978082488e-08	12195271
798128	2	1.63997995616498e-07	12195271
858215	3	2.45996993424746e-07	12195271
859655	2	1.63997995616498e-07	12195271
859656	4	3.27995991232995e-07	12195271
859657	3	2.45996993424746e-07	12195271
861208	2	1.63997995616498e-07	12195271
861360	5	4.09994989041244e-07	12195271
862719	1	8.19989978082488e-08	12195271
862962	22	1.80397795178147e-06	12195271
862971	1	8.19989978082488e-08	12195271
866777	1	8.19989978082488e-08	12195271
867900	1	8.19989978082488e-08	12195271
867904	2	1.63997995616498e-07	12195271
868597	1	8.19989978082488e-08	12195271
869209	1	8.19989978082488e-08	12195271
869216	1	8.19989978082488e-08	12195271
869729	1	8.19989978082488e-08	12195271
871585	4	3.27995991232995e-07	12195271
875328	1	8.19989978082488e-08	12195271
879243	1	8.19989978082488e-08	12195271
880071	3	2.45996993424746e-07	12195271
880591	1	8.19989978082488e-08	12195271
880758	7	5.73992984657742e-07	12195271
882884	1	8.19989978082488e-08	12195271
883062	1	8.19989978082488e-08	12195271
884204	1	8.19989978082488e-08	12195271
887061	1	8.19989978082488e-08	12195271
889378	2	1.63997995616498e-07	12195271
889738	2	1.63997995616498e-07	12195271
890402	11	9.01988975890737e-07	12195271
903814	1	8.19989978082488e-08	12195271
909952	8	6.5599198246599e-07	12195271
909954	2	1.63997995616498e-07	12195271
910348	3	2.45996993424746e-07	12195271
911045	1	8.19989978082488e-08	12195271
926556	1	8.19989978082488e-08	12195271
926570	1	8.19989978082488e-08	12195271
927666	2	1.63997995616498e-07	12195271
929102	5	4.09994989041244e-07	12195271
929439	1	8.19989978082488e-08	12195271
929556	4	3.27995991232995e-07	12195271
929562	5	4.09994989041244e-07	12195271
930944	1	8.19989978082488e-08	12195271
931276	2	1.63997995616498e-07	12195271
931626	8	6.5599198246599e-07	12195271
940190	1	8.19989978082488e-08	12195271
944546	4	3.27995991232995e-07	12195271
944547	11	9.01988975890737e-07	12195271
945021	1	8.19989978082488e-08	12195271
946362	4	3.27995991232995e-07	12195271
946483	1	8.19989978082488e-08	12195271
977880	3	2.45996993424746e-07	12195271
979556	3	2.45996993424746e-07	12195271
981368	1	8.19989978082488e-08	12195271
981540	1	8.19989978082488e-08	12195271
983544	2	1.63997995616498e-07	12195271
983548	1	8.19989978082488e-08	12195271
983917	15	1.22998496712373e-06	12195271
990288	1	8.19989978082488e-08	12195271
990315	8	6.5599198246599e-07	12195271
990316	6	4.91993986849493e-07	12195271
990317	1	8.19989978082488e-08	12195271
991905	1	8.19989978082488e-08	12195271
994476	2	1.63997995616498e-07	12195271
994484	7	5.73992984657742e-07	12195271
996285	3	2.45996993424746e-07	12195271
998088	1	8.19989978082488e-08	12195271
1001583	1	8.19989978082488e-08	12195271
1001585	3	2.45996993424746e-07	12195271
1003195	1	8.19989978082488e-08	12195271
1005041	2	1.63997995616498e-07	12195271
1005048	2	1.63997995616498e-07	12195271
1006551	1	8.19989978082488e-08	12195271
1007105	1	8.19989978082488e-08	12195271
1009464	2	1.63997995616498e-07	12195271
1009846	2	1.63997995616498e-07	12195271
1017264	1	8.19989978082488e-08	12195271
1030843	1	8.19989978082488e-08	12195271
1031709	12	9.83987973698985e-07	12195271
1031711	1	8.19989978082488e-08	12195271
1032480	1	8.19989978082488e-08	12195271
1033813	2	1.63997995616498e-07	12195271
1034807	25	2.04997494520622e-06	12195271
1035817	5	4.09994989041244e-07	12195271
1036172	10	8.19989978082488e-07	12195271
1036743	1	8.19989978082488e-08	12195271
1037409	6	4.91993986849493e-07	12195271
1037911	19	1.55798095835673e-06	12195271
1041826	8	6.5599198246599e-07	12195271
1042156	3	2.45996993424746e-07	12195271
1042876	1	8.19989978082488e-08	12195271
1042878	1	8.19989978082488e-08	12195271
1045854	1	8.19989978082488e-08	12195271
1045855	4	3.27995991232995e-07	12195271
1046629	5	4.09994989041244e-07	12195271
1046632	1	8.19989978082488e-08	12195271
1048332	7	5.73992984657742e-07	12195271
1051074	5	4.09994989041244e-07	12195271
1064535	2	1.63997995616498e-07	12195271
1064539	2	1.63997995616498e-07	12195271
1069533	3	2.45996993424746e-07	12195271
1069642	1	8.19989978082488e-08	12195271
1075089	2	1.63997995616498e-07	12195271
1076934	3	2.45996993424746e-07	12195271
1082931	1	8.19989978082488e-08	12195271
1089456	2	1.63997995616498e-07	12195271
1089553	2	1.63997995616498e-07	12195271
1091045	68	5.57593185096092e-06	12195271
1093141	2	1.63997995616498e-07	12195271
1093787	1	8.19989978082488e-08	12195271
1094466	12	9.83987973698985e-07	12195271
1096996	1	8.19989978082488e-08	12195271
1097677	1	8.19989978082488e-08	12195271
1104322	1	8.19989978082488e-08	12195271
1104326	2	1.63997995616498e-07	12195271
1107880	3	2.45996993424746e-07	12195271
1111069	3	2.45996993424746e-07	12195271
1111678	4	3.27995991232995e-07	12195271
1112204	1	8.19989978082488e-08	12195271
1114967	11	9.01988975890737e-07	12195271
1114969	118	9.67588174137336e-06	12195271
1114970	4	3.27995991232995e-07	12195271
1116231	3	2.45996993424746e-07	12195271
1117943	3	2.45996993424746e-07	12195271
1121335	2	1.63997995616498e-07	12195271
1121353	8	6.5599198246599e-07	12195271
1123519	3	2.45996993424746e-07	12195271
1124983	6	4.91993986849493e-07	12195271
1125630	5	4.09994989041244e-07	12195271
1131462	2	1.63997995616498e-07	12195271
1134454	64	5.24793585972792e-06	12195271
1136179	298	2.44357013468581e-05	12195271
1137651	1	8.19989978082488e-08	12195271
1138383	1	8.19989978082488e-08	12195271
1146883	1	8.19989978082488e-08	12195271
1147129	2	1.63997995616498e-07	12195271
1150469	2	1.63997995616498e-07	12195271
1156913	1	8.19989978082488e-08	12195271
1163399	2	1.63997995616498e-07	12195271
1163617	2	1.63997995616498e-07	12195271
1163748	1	8.19989978082488e-08	12195271
1166016	1	8.19989978082488e-08	12195271
1167634	6	4.91993986849493e-07	12195271
1170318	5	4.09994989041244e-07	12195271
1171373	1	8.19989978082488e-08	12195271
1171376	1	8.19989978082488e-08	12195271
1171377	1	8.19989978082488e-08	12195271
1173020	5	4.09994989041244e-07	12195271
1185652	2	1.63997995616498e-07	12195271
1187956	5	4.09994989041244e-07	12195271
1191061	3	2.45996993424746e-07	12195271
1193292	2	1.63997995616498e-07	12195271
1194526	4	3.27995991232995e-07	12195271
1196325	3	2.45996993424746e-07	12195271
1196835	2	1.63997995616498e-07	12195271
1198627	1	8.19989978082488e-08	12195271
1204414	4	3.27995991232995e-07	12195271
1206105	1	8.19989978082488e-08	12195271
1207075	9	7.37990980274239e-07	12195271
1208660	1	8.19989978082488e-08	12195271
1208918	1	8.19989978082488e-08	12195271
1211025	1	8.19989978082488e-08	12195271
1215088	1	8.19989978082488e-08	12195271
1216976	3	2.45996993424746e-07	12195271
1224163	1	8.19989978082488e-08	12195271
1229205	1	8.19989978082488e-08	12195271
1229758	2	1.63997995616498e-07	12195271
1231072	1	8.19989978082488e-08	12195271
1232381	1	8.19989978082488e-08	12195271
1233873	1	8.19989978082488e-08	12195271
1234380	1	8.19989978082488e-08	12195271
1234679	9	7.37990980274239e-07	12195271
1235461	1	8.19989978082488e-08	12195271
1245469	3	2.45996993424746e-07	12195271
1245471	8	6.5599198246599e-07	12195271
1246301	19	1.55798095835673e-06	12195271
1246995	1	8.19989978082488e-08	12195271
1249634	1	8.19989978082488e-08	12195271
1249661	1	8.19989978082488e-08	12195271
1254432	1	8.19989978082488e-08	12195271
1254439	2	1.63997995616498e-07	12195271
1255043	1	8.19989978082488e-08	12195271
1257118	2	1.63997995616498e-07	12195271
1260292	1	8.19989978082488e-08	12195271
1262456	4	3.27995991232995e-07	12195271
1266845	6	4.91993986849493e-07	12195271
1267577	3	2.45996993424746e-07	12195271
1267754	1	8.19989978082488e-08	12195271
1273173	1	8.19989978082488e-08	12195271
1276282	3	2.45996993424746e-07	12195271
1280938	1	8.19989978082488e-08	12195271
1282356	9	7.37990980274239e-07	12195271
1283331	2	1.63997995616498e-07	12195271
1284663	1	8.19989978082488e-08	12195271
1286170	1	8.19989978082488e-08	12195271
1288394	3	2.45996993424746e-07	12195271
1294143	2	1.63997995616498e-07	12195271
1302863	1	8.19989978082488e-08	12195271
1303692	1	8.19989978082488e-08	12195271
1304892	1	8.19989978082488e-08	12195271
1305849	1	8.19989978082488e-08	12195271
1313172	1	8.19989978082488e-08	12195271
1318635	1	8.19989978082488e-08	12195271
1321370	2	1.63997995616498e-07	12195271
1327988	2	1.63997995616498e-07	12195271
1331671	5	4.09994989041244e-07	12195271
1332188	2	1.63997995616498e-07	12195271
1335307	1	8.19989978082488e-08	12195271
1340495	1	8.19989978082488e-08	12195271
1340851	1	8.19989978082488e-08	12195271
1341692	1	8.19989978082488e-08	12195271
1345695	1	8.19989978082488e-08	12195271
1345697	2	1.63997995616498e-07	12195271
1346614	2	1.63997995616498e-07	12195271
1355100	2	1.63997995616498e-07	12195271
1358027	1	8.19989978082488e-08	12195271
1358410	1	8.19989978082488e-08	12195271
1379702	6	4.91993986849493e-07	12195271
1384484	1	8.19989978082488e-08	12195271
1389489	2	1.63997995616498e-07	12195271
1394710	1	8.19989978082488e-08	12195271
1394711	2	1.63997995616498e-07	12195271
1400867	2	1.63997995616498e-07	12195271
1401659	3	2.45996993424746e-07	12195271
1408206	1	8.19989978082488e-08	12195271
1415630	25	2.04997494520622e-06	12195271
1423892	1	8.19989978082488e-08	12195271
1427342	3	2.45996993424746e-07	12195271
1430440	2	1.63997995616498e-07	12195271
1435044	1	8.19989978082488e-08	12195271
1435356	2	1.63997995616498e-07	12195271
1436140	7	5.73992984657742e-07	12195271
