Tax.ID	Frequency	Proportion	Total
394	5	6.98585035570832e-08	71573248
882	2	2.79434014228333e-08	71573248
883	5	6.98585035570832e-08	71573248
1148	2	2.79434014228333e-08	71573248
1511	3	4.19151021342499e-08	71573248
2762	1	1.39717007114166e-08	71573248
2769	4	5.58868028456666e-08	71573248
2771	2	2.79434014228333e-08	71573248
2787	4	5.58868028456666e-08	71573248
2829	1	1.39717007114166e-08	71573248
2832	1	1.39717007114166e-08	71573248
2839	18	2.514906128055e-07	71573248
2850	20	2.79434014228333e-07	71573248
2880	1	1.39717007114166e-08	71573248
2898	3	4.19151021342499e-08	71573248
2986	1	1.39717007114166e-08	71573248
4770	1	1.39717007114166e-08	71573248
4950	1	1.39717007114166e-08	71573248
5145	1	1.39717007114166e-08	71573248
5518	5	6.98585035570832e-08	71573248
5661	4	5.58868028456666e-08	71573248
5749	2	2.79434014228333e-08	71573248
5778	1	1.39717007114166e-08	71573248
5786	2	2.79434014228333e-08	71573248
5821	1	1.39717007114166e-08	71573248
5849	1	1.39717007114166e-08	71573248
5872	2	2.79434014228333e-08	71573248
5885	2	2.79434014228333e-08	71573248
5889	1	1.39717007114166e-08	71573248
5901	1	1.39717007114166e-08	71573248
5908	1	1.39717007114166e-08	71573248
5911	6	8.38302042684999e-08	71573248
5932	8	1.11773605691333e-07	71573248
31964	6	8.38302042684999e-08	71573248
33658	1	1.39717007114166e-08	71573248
35128	29	4.05179320631083e-07	71573248
36809	3	4.19151021342499e-08	71573248
43925	6	8.38302042684999e-08	71573248
43926	3	4.19151021342499e-08	71573248
44056	1	1.39717007114166e-08	71573248
44058	2	2.79434014228333e-08	71573248
46234	2	2.79434014228333e-08	71573248
47573	1	1.39717007114166e-08	71573248
48483	3	4.19151021342499e-08	71573248
48942	1	1.39717007114166e-08	71573248
49266	1	1.39717007114166e-08	71573248
52970	6	8.38302042684999e-08	71573248
55529	11	1.53688707825583e-07	71573248
56107	3	4.19151021342499e-08	71573248
56110	1	1.39717007114166e-08	71573248
59748	2	2.79434014228333e-08	71573248
59922	1	1.39717007114166e-08	71573248
60481	10	1.39717007114166e-07	71573248
62928	33	4.61066123476749e-07	71573248
62977	7	9.78019049799165e-08	71573248
63737	5	6.98585035570832e-08	71573248
64471	2	2.79434014228333e-08	71573248
65071	1	1.39717007114166e-08	71573248
66692	2	2.79434014228333e-08	71573248
69328	9	1.2574530640275e-07	71573248
72520	3	4.19151021342499e-08	71573248
75379	16	2.23547211382666e-07	71573248
76114	12	1.67660408537e-07	71573248
76869	16	2.23547211382666e-07	71573248
78245	11	1.53688707825583e-07	71573248
82654	2	2.79434014228333e-08	71573248
83406	1	1.39717007114166e-08	71573248
85569	1	1.39717007114166e-08	71573248
85643	28	3.91207619919666e-07	71573248
86416	1	1.39717007114166e-08	71573248
90936	3	4.19151021342499e-08	71573248
94122	9	1.2574530640275e-07	71573248
96561	1	1.39717007114166e-08	71573248
96563	6	8.38302042684999e-08	71573248
99287	1	1.39717007114166e-08	71573248
100226	5	6.98585035570832e-08	71573248
101510	38	5.30924627033833e-07	71573248
109269	4	5.58868028456666e-08	71573248
111598	1	1.39717007114166e-08	71573248
114615	20	2.79434014228333e-07	71573248
120807	6	8.38302042684999e-08	71573248
122587	5	6.98585035570832e-08	71573248
126793	2	2.79434014228333e-08	71573248
129356	1	1.39717007114166e-08	71573248
130081	2	2.79434014228333e-08	71573248
134676	3	4.19151021342499e-08	71573248
136089	2	2.79434014228333e-08	71573248
137722	5	6.98585035570832e-08	71573248
145522	2	2.79434014228333e-08	71573248
153948	11	1.53688707825583e-07	71573248
155864	1	1.39717007114166e-08	71573248
156889	2	2.79434014228333e-08	71573248
158189	3	4.19151021342499e-08	71573248
158190	1	1.39717007114166e-08	71573248
159087	14	1.95603809959833e-07	71573248
160488	7	9.78019049799165e-08	71573248
160490	2	2.79434014228333e-08	71573248
160491	1	1.39717007114166e-08	71573248
160492	1	1.39717007114166e-08	71573248
160619	22	3.07377415651166e-07	71573248
164037	2	2.79434014228333e-08	71573248
164328	1	1.39717007114166e-08	71573248
164756	11	1.53688707825583e-07	71573248
164757	1	1.39717007114166e-08	71573248
167542	1	1.39717007114166e-08	71573248
167546	1	1.39717007114166e-08	71573248
167879	2	2.79434014228333e-08	71573248
170187	1	1.39717007114166e-08	71573248
171101	4	5.58868028456666e-08	71573248
172968	2	2.79434014228333e-08	71573248
176279	15	2.0957551067125e-07	71573248
176280	16	2.23547211382666e-07	71573248
176299	6	8.38302042684999e-08	71573248
177437	1	1.39717007114166e-08	71573248
179408	101	1.41114177185308e-06	71573248
180504	1	1.39717007114166e-08	71573248
186103	1	1.39717007114166e-08	71573248
187272	7	9.78019049799165e-08	71573248
187303	2	2.79434014228333e-08	71573248
188937	1	1.39717007114166e-08	71573248
189423	2	2.79434014228333e-08	71573248
189918	2	2.79434014228333e-08	71573248
190485	22	3.07377415651166e-07	71573248
190486	5	6.98585035570832e-08	71573248
190650	15	2.0957551067125e-07	71573248
191026	1	1.39717007114166e-08	71573248
192952	10	1.39717007114166e-07	71573248
195102	2	2.79434014228333e-08	71573248
195103	25	3.49292517785416e-07	71573248
196162	14	1.95603809959833e-07	71573248
196164	49	6.84613334859416e-07	71573248
198215	3	4.19151021342499e-08	71573248
199310	4	5.58868028456666e-08	71573248
203119	9	1.2574530640275e-07	71573248
203120	3	4.19151021342499e-08	71573248
203122	1	1.39717007114166e-08	71573248
203123	1	1.39717007114166e-08	71573248
203275	8	1.11773605691333e-07	71573248
204536	1	1.39717007114166e-08	71573248
204773	33	4.61066123476749e-07	71573248
205913	70	9.78019049799165e-07	71573248
205914	4	5.58868028456666e-08	71573248
205918	11	1.53688707825583e-07	71573248
205921	1	1.39717007114166e-08	71573248
205922	27	3.77235919208249e-07	71573248
206672	4	5.58868028456666e-08	71573248
207559	2	2.79434014228333e-08	71573248
208435	4	5.58868028456666e-08	71573248
208596	4	5.58868028456666e-08	71573248
208963	15	2.0957551067125e-07	71573248
208964	21	2.9340571493975e-07	71573248
210007	2	2.79434014228333e-08	71573248
211110	5	6.98585035570832e-08	71573248
213810	3	4.19151021342499e-08	71573248
214092	1	1.39717007114166e-08	71573248
214684	5	6.98585035570832e-08	71573248
215689	1	1.39717007114166e-08	71573248
216389	2	2.79434014228333e-08	71573248
216432	4	5.58868028456666e-08	71573248
216591	5	6.98585035570832e-08	71573248
216594	1	1.39717007114166e-08	71573248
216595	114	1.5927738811015e-06	71573248
216596	23	3.21349116362583e-07	71573248
216597	1	1.39717007114166e-08	71573248
216599	1	1.39717007114166e-08	71573248
218493	1	1.39717007114166e-08	71573248
218495	1	1.39717007114166e-08	71573248
218497	1	1.39717007114166e-08	71573248
220341	37	5.16952926322416e-07	71573248
220664	12	1.67660408537e-07	71573248
221029	1	1.39717007114166e-08	71573248
223283	17	2.37518912094083e-07	71573248
224911	22	3.07377415651166e-07	71573248
224914	4	5.58868028456666e-08	71573248
225849	1	1.39717007114166e-08	71573248
225937	1	1.39717007114166e-08	71573248
226185	7	9.78019049799165e-08	71573248
226186	180	2.514906128055e-06	71573248
227086	5	6.98585035570832e-08	71573248
227882	10	1.39717007114166e-07	71573248
227941	2	2.79434014228333e-08	71573248
228405	1	1.39717007114166e-08	71573248
229533	2	2.79434014228333e-08	71573248
231023	9	1.2574530640275e-07	71573248
232721	320	4.47094422765333e-06	71573248
233412	2	2.79434014228333e-08	71573248
234267	2	2.79434014228333e-08	71573248
234621	1089	1.52151820747327e-05	71573248
234831	4	5.58868028456666e-08	71573248
242231	1	1.39717007114166e-08	71573248
242619	2	2.79434014228333e-08	71573248
243090	1	1.39717007114166e-08	71573248
243231	1	1.39717007114166e-08	71573248
243233	1	1.39717007114166e-08	71573248
243243	4	5.58868028456666e-08	71573248
243275	1	1.39717007114166e-08	71573248
243365	8	1.11773605691333e-07	71573248
245014	52	7.26528436993666e-07	71573248
245018	189	2.64065143445775e-06	71573248
246196	8	1.11773605691333e-07	71573248
246197	11	1.53688707825583e-07	71573248
246200	2	2.79434014228333e-08	71573248
247156	4	5.58868028456666e-08	71573248
251229	3	4.19151021342499e-08	71573248
257310	11	1.53688707825583e-07	71573248
257311	1	1.39717007114166e-08	71573248
257313	5	6.98585035570832e-08	71573248
258594	5	6.98585035570832e-08	71573248
259536	73	1.01993415193342e-06	71573248
261292	54	7.54471838416499e-07	71573248
262316	1	1.39717007114166e-08	71573248
262543	1	1.39717007114166e-08	71573248
262724	10	1.39717007114166e-07	71573248
262768	1	1.39717007114166e-08	71573248
263358	3	4.19151021342499e-08	71573248
264198	16	2.23547211382666e-07	71573248
264199	4	5.58868028456666e-08	71573248
264201	2	2.79434014228333e-08	71573248
264202	1	1.39717007114166e-08	71573248
264203	1	1.39717007114166e-08	71573248
264462	1	1.39717007114166e-08	71573248
264730	12	1.67660408537e-07	71573248
264731	6	8.38302042684999e-08	71573248
265072	6	8.38302042684999e-08	71573248
266117	2	2.79434014228333e-08	71573248
266264	23	3.21349116362583e-07	71573248
266265	7	9.78019049799165e-08	71573248
266779	12	1.67660408537e-07	71573248
266834	1	1.39717007114166e-08	71573248
266835	13	1.81632109248416e-07	71573248
266940	8	1.11773605691333e-07	71573248
267608	34	4.75037824188166e-07	71573248
267747	24	3.35320817074e-07	71573248
267748	1	1.39717007114166e-08	71573248
269482	13	1.81632109248416e-07	71573248
269796	2	2.79434014228333e-08	71573248
269798	28	3.91207619919666e-07	71573248
269799	2	2.79434014228333e-08	71573248
269800	3	4.19151021342499e-08	71573248
271848	2	2.79434014228333e-08	71573248
272123	4	5.58868028456666e-08	71573248
272559	25	3.49292517785416e-07	71573248
272561	2	2.79434014228333e-08	71573248
272563	21	2.9340571493975e-07	71573248
272568	2	2.79434014228333e-08	71573248
272620	24	3.35320817074e-07	71573248
272621	2	2.79434014228333e-08	71573248
272622	24	3.35320817074e-07	71573248
272623	29	4.05179320631083e-07	71573248
272626	1	1.39717007114166e-08	71573248
272630	14	1.95603809959833e-07	71573248
272632	3	4.19151021342499e-08	71573248
272831	27	3.77235919208249e-07	71573248
272942	7	9.78019049799165e-08	71573248
272943	5	6.98585035570832e-08	71573248
272947	1	1.39717007114166e-08	71573248
273119	3	4.19151021342499e-08	71573248
273121	1	1.39717007114166e-08	71573248
278137	6	8.38302042684999e-08	71573248
278197	4	5.58868028456666e-08	71573248
279010	1	1.39717007114166e-08	71573248
279238	5	6.98585035570832e-08	71573248
279808	6	8.38302042684999e-08	71573248
280463	4	5.58868028456666e-08	71573248
281090	5	6.98585035570832e-08	71573248
281310	1	1.39717007114166e-08	71573248
284591	6	8.38302042684999e-08	71573248
284592	6	8.38302042684999e-08	71573248
284593	2	2.79434014228333e-08	71573248
284811	2	2.79434014228333e-08	71573248
284812	3	4.19151021342499e-08	71573248
285951	1	1.39717007114166e-08	71573248
288000	17	2.37518912094083e-07	71573248
288705	5	6.98585035570832e-08	71573248
289376	1	1.39717007114166e-08	71573248
289380	3	4.19151021342499e-08	71573248
290339	8	1.11773605691333e-07	71573248
290340	21	2.9340571493975e-07	71573248
290398	3	4.19151021342499e-08	71573248
290399	11	1.53688707825583e-07	71573248
290400	3	4.19151021342499e-08	71573248
290402	12	1.67660408537e-07	71573248
290512	1	1.39717007114166e-08	71573248
290633	1	1.39717007114166e-08	71573248
291112	2	2.79434014228333e-08	71573248
291331	4	5.58868028456666e-08	71573248
292414	1	1.39717007114166e-08	71573248
292415	8	1.11773605691333e-07	71573248
292459	2	2.79434014228333e-08	71573248
292563	1	1.39717007114166e-08	71573248
292564	3	4.19151021342499e-08	71573248
293613	1	1.39717007114166e-08	71573248
293614	1	1.39717007114166e-08	71573248
293826	1	1.39717007114166e-08	71573248
294381	2	2.79434014228333e-08	71573248
295405	90	1.2574530640275e-06	71573248
296543	33	4.61066123476749e-07	71573248
296591	107	1.49497197612158e-06	71573248
297245	2	2.79434014228333e-08	71573248
298386	3	4.19151021342499e-08	71573248
298653	4	5.58868028456666e-08	71573248
298654	5	6.98585035570832e-08	71573248
299768	4	5.58868028456666e-08	71573248
300269	1	1.39717007114166e-08	71573248
300852	9	1.2574530640275e-07	71573248
306263	1	1.39717007114166e-08	71573248
306537	8	1.11773605691333e-07	71573248
309807	1	1.39717007114166e-08	71573248
311402	3	4.19151021342499e-08	71573248
311403	6	8.38302042684999e-08	71573248
311424	1	1.39717007114166e-08	71573248
312153	7	9.78019049799165e-08	71573248
313596	1	1.39717007114166e-08	71573248
313598	11	1.53688707825583e-07	71573248
314225	8	1.11773605691333e-07	71573248
314260	3	4.19151021342499e-08	71573248
314275	1	1.39717007114166e-08	71573248
314282	1	1.39717007114166e-08	71573248
314315	1	1.39717007114166e-08	71573248
314565	15	2.0957551067125e-07	71573248
315750	1	1.39717007114166e-08	71573248
316055	19	2.65462313516916e-07	71573248
316056	7	9.78019049799165e-08	71573248
316057	5	6.98585035570832e-08	71573248
316058	8	1.11773605691333e-07	71573248
316067	1	1.39717007114166e-08	71573248
316273	3	4.19151021342499e-08	71573248
316274	1	1.39717007114166e-08	71573248
316275	2	2.79434014228333e-08	71573248
316278	1	1.39717007114166e-08	71573248
316385	12	1.67660408537e-07	71573248
316401	1	1.39717007114166e-08	71573248
317655	19	2.65462313516916e-07	71573248
317936	1	1.39717007114166e-08	71573248
318161	3	4.19151021342499e-08	71573248
318167	8	1.11773605691333e-07	71573248
318586	7	9.78019049799165e-08	71573248
319224	2	2.79434014228333e-08	71573248
319225	1	1.39717007114166e-08	71573248
319795	1	1.39717007114166e-08	71573248
320372	1	1.39717007114166e-08	71573248
320373	4	5.58868028456666e-08	71573248
320388	5	6.98585035570832e-08	71573248
320389	3	4.19151021342499e-08	71573248
321956	5	6.98585035570832e-08	71573248
321967	10	1.39717007114166e-07	71573248
322098	1	1.39717007114166e-08	71573248
322159	69	9.64047349087749e-07	71573248
322710	11	1.53688707825583e-07	71573248
323097	8	1.11773605691333e-07	71573248
323098	2	2.79434014228333e-08	71573248
323259	3	4.19151021342499e-08	71573248
323261	1	1.39717007114166e-08	71573248
323848	1	1.39717007114166e-08	71573248
323850	2	2.79434014228333e-08	71573248
324057	3	4.19151021342499e-08	71573248
324831	6	8.38302042684999e-08	71573248
325240	3	4.19151021342499e-08	71573248
326298	9	1.2574530640275e-07	71573248
326423	3	4.19151021342499e-08	71573248
326424	11	1.53688707825583e-07	71573248
326425	1	1.39717007114166e-08	71573248
326426	3	4.19151021342499e-08	71573248
330214	3	4.19151021342499e-08	71573248
330879	2	2.79434014228333e-08	71573248
331111	29	4.05179320631083e-07	71573248
331112	19	2.65462313516916e-07	71573248
331113	1	1.39717007114166e-08	71573248
331271	63	8.80217144819249e-07	71573248
331272	9	1.2574530640275e-07	71573248
331636	1	1.39717007114166e-08	71573248
333849	7	9.78019049799165e-08	71573248
334380	1	1.39717007114166e-08	71573248
334390	4	5.58868028456666e-08	71573248
334413	5	6.98585035570832e-08	71573248
335283	7	9.78019049799165e-08	71573248
335284	107	1.49497197612158e-06	71573248
335541	1	1.39717007114166e-08	71573248
335543	1	1.39717007114166e-08	71573248
335659	23	3.21349116362583e-07	71573248
337191	1	1.39717007114166e-08	71573248
338966	3	4.19151021342499e-08	71573248
338969	73	1.01993415193342e-06	71573248
339670	61	8.52273743396415e-07	71573248
340100	36	5.02981225610999e-07	71573248
340177	2	2.79434014228333e-08	71573248
340322	16	2.23547211382666e-07	71573248
342108	8	1.11773605691333e-07	71573248
342109	1	1.39717007114166e-08	71573248
342451	3	4.19151021342499e-08	71573248
342610	1	1.39717007114166e-08	71573248
344609	6	8.38302042684999e-08	71573248
345219	3	4.19151021342499e-08	71573248
347253	28	3.91207619919666e-07	71573248
347515	7	9.78019049799165e-08	71573248
347834	2	2.79434014228333e-08	71573248
348535	2	2.79434014228333e-08	71573248
349101	8	1.11773605691333e-07	71573248
349102	7	9.78019049799165e-08	71573248
349106	36	5.02981225610999e-07	71573248
349124	2	2.79434014228333e-08	71573248
349163	3	4.19151021342499e-08	71573248
349519	1	1.39717007114166e-08	71573248
349521	2	2.79434014228333e-08	71573248
349741	23	3.21349116362583e-07	71573248
349747	1	1.39717007114166e-08	71573248
350054	6	8.38302042684999e-08	71573248
350058	2	2.79434014228333e-08	71573248
351348	4	5.58868028456666e-08	71573248
351605	2	2.79434014228333e-08	71573248
351607	2	2.79434014228333e-08	71573248
351745	7	9.78019049799165e-08	71573248
351746	17	2.37518912094083e-07	71573248
352472	2	2.79434014228333e-08	71573248
352914	3	4.19151021342499e-08	71573248
353153	5	6.98585035570832e-08	71573248
353154	1	1.39717007114166e-08	71573248
354242	8	1.11773605691333e-07	71573248
355276	5	6.98585035570832e-08	71573248
355277	2	2.79434014228333e-08	71573248
355278	3	4.19151021342499e-08	71573248
357348	8	1.11773605691333e-07	71573248
357808	4	5.58868028456666e-08	71573248
357809	17	2.37518912094083e-07	71573248
358220	188	2.62667973374633e-06	71573248
359786	19	2.65462313516916e-07	71573248
359787	2	2.79434014228333e-08	71573248
360094	7	9.78019049799165e-08	71573248
360095	1	1.39717007114166e-08	71573248
360102	5	6.98585035570832e-08	71573248
360106	4	5.58868028456666e-08	71573248
360109	4	5.58868028456666e-08	71573248
360910	6	8.38302042684999e-08	71573248
360911	1	1.39717007114166e-08	71573248
362242	1	1.39717007114166e-08	71573248
362663	30	4.19151021342499e-07	71573248
365044	430	6.00783130590916e-06	71573248
365046	97	1.35525496900741e-06	71573248
365659	14	1.95603809959833e-07	71573248
366394	3	4.19151021342499e-08	71573248
366602	18	2.514906128055e-07	71573248
367737	50	6.98585035570832e-07	71573248
367775	15	2.0957551067125e-07	71573248
367928	95	1.32731156758458e-06	71573248
368407	3	4.19151021342499e-08	71573248
369723	3	4.19151021342499e-08	71573248
370354	2	2.79434014228333e-08	71573248
373153	9	1.2574530640275e-07	71573248
373384	49	6.84613334859416e-07	71573248
374833	1	1.39717007114166e-08	71573248
374931	1	1.39717007114166e-08	71573248
375286	22	3.07377415651166e-07	71573248
375451	2	2.79434014228333e-08	71573248
376686	196	2.73845333943766e-06	71573248
377628	2	2.79434014228333e-08	71573248
378806	6	8.38302042684999e-08	71573248
379066	2	2.79434014228333e-08	71573248
379731	33	4.61066123476749e-07	71573248
380358	3	4.19151021342499e-08	71573248
380394	1	1.39717007114166e-08	71573248
380703	24	3.35320817074e-07	71573248
381666	43	6.00783130590916e-07	71573248
381754	14	1.95603809959833e-07	71573248
381764	3	4.19151021342499e-08	71573248
382245	51	7.12556736282249e-07	71573248
383372	1	1.39717007114166e-08	71573248
383407	3	4.19151021342499e-08	71573248
383629	1	1.39717007114166e-08	71573248
384676	47	6.56669933436582e-07	71573248
385025	3	4.19151021342499e-08	71573248
386043	6	8.38302042684999e-08	71573248
386415	2	2.79434014228333e-08	71573248
386585	11	1.53688707825583e-07	71573248
386656	2	2.79434014228333e-08	71573248
387093	3	4.19151021342499e-08	71573248
387344	6	8.38302042684999e-08	71573248
388919	6	8.38302042684999e-08	71573248
390235	12	1.67660408537e-07	71573248
390236	2	2.79434014228333e-08	71573248
390333	13	1.81632109248416e-07	71573248
391008	12	1.67660408537e-07	71573248
391037	3	4.19151021342499e-08	71573248
391038	3	4.19151021342499e-08	71573248
391165	6	8.38302042684999e-08	71573248
391295	4	5.58868028456666e-08	71573248
391296	4	5.58868028456666e-08	71573248
391595	3	4.19151021342499e-08	71573248
391616	1	1.39717007114166e-08	71573248
391735	69	9.64047349087749e-07	71573248
391774	3	4.19151021342499e-08	71573248
391904	39	5.44896327745249e-07	71573248
392021	1	1.39717007114166e-08	71573248
392499	22	3.07377415651166e-07	71573248
392500	2	2.79434014228333e-08	71573248
393011	7	9.78019049799165e-08	71573248
393115	4	5.58868028456666e-08	71573248
393305	10	1.39717007114166e-07	71573248
393595	8	1.11773605691333e-07	71573248
394221	2	2.79434014228333e-08	71573248
394503	6	8.38302042684999e-08	71573248
395019	44	6.14754831302332e-07	71573248
395491	3	4.19151021342499e-08	71573248
395492	2	2.79434014228333e-08	71573248
395494	9	1.2574530640275e-07	71573248
395495	122	1.70454748679283e-06	71573248
395960	9	1.2574530640275e-07	71573248
395963	3	4.19151021342499e-08	71573248
395965	2	2.79434014228333e-08	71573248
396588	6	8.38302042684999e-08	71573248
396595	3	4.19151021342499e-08	71573248
397945	127	1.77440599034991e-06	71573248
398527	9	1.2574530640275e-07	71573248
398577	4	5.58868028456666e-08	71573248
398578	164	2.29135891667233e-06	71573248
398579	1	1.39717007114166e-08	71573248
398580	1	1.39717007114166e-08	71573248
399599	3	4.19151021342499e-08	71573248
399739	23	3.21349116362583e-07	71573248
399741	4	5.58868028456666e-08	71573248
399804	4	5.58868028456666e-08	71573248
400667	56	7.82415239839332e-07	71573248
400668	1	1.39717007114166e-08	71573248
400756	18	2.514906128055e-07	71573248
401473	9	1.2574530640275e-07	71573248
402612	112	1.56483047967866e-06	71573248
402626	19	2.65462313516916e-07	71573248
402881	9	1.2574530640275e-07	71573248
402882	3	4.19151021342499e-08	71573248
403677	30	4.19151021342499e-07	71573248
403833	1	1.39717007114166e-08	71573248
404380	4	5.58868028456666e-08	71573248
404589	2	2.79434014228333e-08	71573248
405416	44	6.14754831302332e-07	71573248
405440	1	1.39717007114166e-08	71573248
405532	3	4.19151021342499e-08	71573248
405566	4	5.58868028456666e-08	71573248
405948	18	2.514906128055e-07	71573248
405955	33	4.61066123476749e-07	71573248
406425	3	4.19151021342499e-08	71573248
407148	1	1.39717007114166e-08	71573248
407976	1	1.39717007114166e-08	71573248
409438	5	6.98585035570832e-08	71573248
410289	2	2.79434014228333e-08	71573248
410358	4	5.58868028456666e-08	71573248
411154	8	1.11773605691333e-07	71573248
412022	3	4.19151021342499e-08	71573248
412694	1	1.39717007114166e-08	71573248
412965	2	2.79434014228333e-08	71573248
413404	2	2.79434014228333e-08	71573248
413997	1	1.39717007114166e-08	71573248
413999	5	6.98585035570832e-08	71573248
414684	8	1.11773605691333e-07	71573248
416269	5	6.98585035570832e-08	71573248
416276	3	4.19151021342499e-08	71573248
416344	4	5.58868028456666e-08	71573248
416870	13	1.81632109248416e-07	71573248
419610	15	2.0957551067125e-07	71573248
419947	1	1.39717007114166e-08	71573248
420246	6	8.38302042684999e-08	71573248
420247	36	5.02981225610999e-07	71573248
420662	81	1.13170775762475e-06	71573248
420890	1	1.39717007114166e-08	71573248
423211	1	1.39717007114166e-08	71573248
423368	11	1.53688707825583e-07	71573248
423536	4	5.58868028456666e-08	71573248
424182	2	2.79434014228333e-08	71573248
425011	19	2.65462313516916e-07	71573248
425104	2	2.79434014228333e-08	71573248
426114	11	1.53688707825583e-07	71573248
426117	9	1.2574530640275e-07	71573248
426355	14	1.95603809959833e-07	71573248
426430	9	1.2574530640275e-07	71573248
428406	20	2.79434014228333e-07	71573248
431943	1	1.39717007114166e-08	71573248
431946	3	4.19151021342499e-08	71573248
431947	3	4.19151021342499e-08	71573248
434271	1	1.39717007114166e-08	71573248
435258	4	5.58868028456666e-08	71573248
435590	1017	1.42092196235107e-05	71573248
435591	121	1.69057578608141e-06	71573248
435998	1	1.39717007114166e-08	71573248
436308	1	1.39717007114166e-08	71573248
436717	19	2.65462313516916e-07	71573248
438753	8	1.11773605691333e-07	71573248
439375	3	4.19151021342499e-08	71573248
439843	33	4.61066123476749e-07	71573248
439855	12	1.67660408537e-07	71573248
440085	9	1.2574530640275e-07	71573248
441620	19	2.65462313516916e-07	71573248
441768	24	3.35320817074e-07	71573248
442563	4	5.58868028456666e-08	71573248
443143	2	2.79434014228333e-08	71573248
443144	2	2.79434014228333e-08	71573248
443218	1	1.39717007114166e-08	71573248
443906	13	1.81632109248416e-07	71573248
444177	7	9.78019049799165e-08	71573248
444178	4	5.58868028456666e-08	71573248
444450	2	2.79434014228333e-08	71573248
446462	6	8.38302042684999e-08	71573248
446465	5	6.98585035570832e-08	71573248
446466	6	8.38302042684999e-08	71573248
446468	3	4.19151021342499e-08	71573248
446469	10	1.39717007114166e-07	71573248
446470	3	4.19151021342499e-08	71573248
446471	6	8.38302042684999e-08	71573248
447217	3	4.19151021342499e-08	71573248
448385	5	6.98585035570832e-08	71573248
449447	3	4.19151021342499e-08	71573248
450851	9	1.2574530640275e-07	71573248
451516	2	2.79434014228333e-08	71573248
452637	4	5.58868028456666e-08	71573248
452638	5	6.98585035570832e-08	71573248
452652	7	9.78019049799165e-08	71573248
452662	15	2.0957551067125e-07	71573248
452863	3	4.19151021342499e-08	71573248
454169	33	4.61066123476749e-07	71573248
455488	1	1.39717007114166e-08	71573248
455632	5	6.98585035570832e-08	71573248
456481	2	2.79434014228333e-08	71573248
457425	5	6.98585035570832e-08	71573248
458233	2	2.79434014228333e-08	71573248
459349	79	1.10376435620192e-06	71573248
460265	10	1.39717007114166e-07	71573248
463137	1	1.39717007114166e-08	71573248
464988	1	1.39717007114166e-08	71573248
465515	46	6.42698232725166e-07	71573248
465817	1	1.39717007114166e-08	71573248
467705	4	5.58868028456666e-08	71573248
469371	5	6.98585035570832e-08	71573248
469378	2	2.79434014228333e-08	71573248
469383	4	5.58868028456666e-08	71573248
469660	1	1.39717007114166e-08	71573248
471223	1	1.39717007114166e-08	71573248
471852	4	5.58868028456666e-08	71573248
471853	5	6.98585035570832e-08	71573248
471854	5	6.98585035570832e-08	71573248
471855	2	2.79434014228333e-08	71573248
477641	10	1.39717007114166e-07	71573248
477974	3	4.19151021342499e-08	71573248
478433	1	1.39717007114166e-08	71573248
478434	1	1.39717007114166e-08	71573248
478801	10	1.39717007114166e-07	71573248
479431	10	1.39717007114166e-07	71573248
479432	4	5.58868028456666e-08	71573248
479433	7	9.78019049799165e-08	71573248
479434	2	2.79434014228333e-08	71573248
479435	7	9.78019049799165e-08	71573248
479436	4	5.58868028456666e-08	71573248
479437	13	1.81632109248416e-07	71573248
480119	16	2.23547211382666e-07	71573248
481448	1	1.39717007114166e-08	71573248
481743	8	1.11773605691333e-07	71573248
481805	47	6.56669933436582e-07	71573248
481877	4	5.58868028456666e-08	71573248
482957	5	6.98585035570832e-08	71573248
483179	4	5.58868028456666e-08	71573248
484020	7	9.78019049799165e-08	71573248
484021	15	2.0957551067125e-07	71573248
485917	20	2.79434014228333e-07	71573248
485918	13	1.81632109248416e-07	71573248
486410	4	5.58868028456666e-08	71573248
487213	3	4.19151021342499e-08	71573248
487214	4	5.58868028456666e-08	71573248
487521	1	1.39717007114166e-08	71573248
488222	1	1.39717007114166e-08	71573248
488223	2	2.79434014228333e-08	71573248
488538	1	1.39717007114166e-08	71573248
489653	3	4.19151021342499e-08	71573248
490759	2	2.79434014228333e-08	71573248
491077	1	1.39717007114166e-08	71573248
491915	3	4.19151021342499e-08	71573248
491916	2	2.79434014228333e-08	71573248
491952	1	1.39717007114166e-08	71573248
497978	28	3.91207619919666e-07	71573248
498211	3	4.19151021342499e-08	71573248
498214	1	1.39717007114166e-08	71573248
498216	3	4.19151021342499e-08	71573248
498217	1	1.39717007114166e-08	71573248
498761	1	1.39717007114166e-08	71573248
502025	3	4.19151021342499e-08	71573248
502558	1	1.39717007114166e-08	71573248
502800	2	2.79434014228333e-08	71573248
502801	2	2.79434014228333e-08	71573248
504472	1	1.39717007114166e-08	71573248
504474	4	5.58868028456666e-08	71573248
504728	7	9.78019049799165e-08	71573248
504832	23	3.21349116362583e-07	71573248
505682	3	4.19151021342499e-08	71573248
505711	2	2.79434014228333e-08	71573248
507522	3	4.19151021342499e-08	71573248
508765	2	2.79434014228333e-08	71573248
508767	3	4.19151021342499e-08	71573248
508771	3	4.19151021342499e-08	71573248
509169	22	3.07377415651166e-07	71573248
509170	18	2.514906128055e-07	71573248
509173	125	1.74646258892708e-06	71573248
509190	11	1.53688707825583e-07	71573248
510516	4	5.58868028456666e-08	71573248
511062	6	8.38302042684999e-08	71573248
511995	1	1.39717007114166e-08	71573248
512565	2	2.79434014228333e-08	71573248
512566	1	1.39717007114166e-08	71573248
515619	363	5.07172735824424e-06	71573248
515620	65	9.08160546242082e-07	71573248
515622	7	9.78019049799165e-08	71573248
515635	1	1.39717007114166e-08	71573248
516950	7	9.78019049799165e-08	71573248
518766	1	1.39717007114166e-08	71573248
521006	3	4.19151021342499e-08	71573248
521095	1	1.39717007114166e-08	71573248
521096	4	5.58868028456666e-08	71573248
521097	9	1.2574530640275e-07	71573248
521674	2	2.79434014228333e-08	71573248
522306	16	2.23547211382666e-07	71573248
522373	5	6.98585035570832e-08	71573248
523791	3	4.19151021342499e-08	71573248
523794	1	1.39717007114166e-08	71573248
523796	1	1.39717007114166e-08	71573248
525146	1	1.39717007114166e-08	71573248
525381	3	4.19151021342499e-08	71573248
525897	1	1.39717007114166e-08	71573248
525898	3	4.19151021342499e-08	71573248
525909	3	4.19151021342499e-08	71573248
525919	1	1.39717007114166e-08	71573248
526218	1	1.39717007114166e-08	71573248
526225	8	1.11773605691333e-07	71573248
526226	12	1.67660408537e-07	71573248
526227	7	9.78019049799165e-08	71573248
529120	1	1.39717007114166e-08	71573248
529507	1	1.39717007114166e-08	71573248
530564	1	1.39717007114166e-08	71573248
531844	15	2.0957551067125e-07	71573248
535289	157	2.19355701169241e-06	71573248
536019	6	8.38302042684999e-08	71573248
536056	3	4.19151021342499e-08	71573248
543728	351	4.90406694970724e-06	71573248
543734	2	2.79434014228333e-08	71573248
543891	30	4.19151021342499e-07	71573248
543913	26	3.63264218496833e-07	71573248
544404	2	2.79434014228333e-08	71573248
544556	2	2.79434014228333e-08	71573248
545693	1	1.39717007114166e-08	71573248
545694	1	1.39717007114166e-08	71573248
546271	4	5.58868028456666e-08	71573248
546414	1	1.39717007114166e-08	71573248
547559	1	1.39717007114166e-08	71573248
548473	13	1.81632109248416e-07	71573248
548479	4	5.58868028456666e-08	71573248
550538	1	1.39717007114166e-08	71573248
550540	6	8.38302042684999e-08	71573248
550542	3	4.19151021342499e-08	71573248
551115	2	2.79434014228333e-08	71573248
551895	1	1.39717007114166e-08	71573248
552526	3	4.19151021342499e-08	71573248
553174	19	2.65462313516916e-07	71573248
553190	1	1.39717007114166e-08	71573248
553199	733	1.02412566214684e-05	71573248
554290	1	1.39717007114166e-08	71573248
555778	4	5.58868028456666e-08	71573248
556484	14	1.95603809959833e-07	71573248
557433	2	2.79434014228333e-08	71573248
557436	2	2.79434014228333e-08	71573248
557598	12	1.67660408537e-07	71573248
557600	6	8.38302042684999e-08	71573248
557722	8	1.11773605691333e-07	71573248
557760	5	6.98585035570832e-08	71573248
559292	56	7.82415239839332e-07	71573248
559295	6	8.38302042684999e-08	71573248
559307	2	2.79434014228333e-08	71573248
561230	1	1.39717007114166e-08	71573248
561276	2	2.79434014228333e-08	71573248
562019	1	1.39717007114166e-08	71573248
563040	5	6.98585035570832e-08	71573248
565040	55	7.68443539127916e-07	71573248
565042	35	4.89009524899583e-07	71573248
565050	10	1.39717007114166e-07	71573248
567106	4	5.58868028456666e-08	71573248
568206	1	1.39717007114166e-08	71573248
568706	3	4.19151021342499e-08	71573248
568707	3	4.19151021342499e-08	71573248
568814	2	2.79434014228333e-08	71573248
568816	7	9.78019049799165e-08	71573248
568817	1	1.39717007114166e-08	71573248
571800	145	2.02589660315541e-06	71573248
572265	1	1.39717007114166e-08	71573248
572477	4	5.58868028456666e-08	71573248
572480	11	1.53688707825583e-07	71573248
572544	5	6.98585035570832e-08	71573248
572547	1	1.39717007114166e-08	71573248
573059	2	2.79434014228333e-08	71573248
573062	1	1.39717007114166e-08	71573248
573065	1	1.39717007114166e-08	71573248
573234	1	1.39717007114166e-08	71573248
573235	3	4.19151021342499e-08	71573248
573370	4	5.58868028456666e-08	71573248
573729	2	2.79434014228333e-08	71573248
573826	1	1.39717007114166e-08	71573248
574521	1	1.39717007114166e-08	71573248
575540	2	2.79434014228333e-08	71573248
575614	2	2.79434014228333e-08	71573248
577650	1	1.39717007114166e-08	71573248
578455	7	9.78019049799165e-08	71573248
580050	3	4.19151021342499e-08	71573248
580327	4	5.58868028456666e-08	71573248
580332	8	1.11773605691333e-07	71573248
581103	1	1.39717007114166e-08	71573248
582744	7	9.78019049799165e-08	71573248
582899	4	5.58868028456666e-08	71573248
583345	3	4.19151021342499e-08	71573248
583358	1	1.39717007114166e-08	71573248
584721	1	1.39717007114166e-08	71573248
585034	1	1.39717007114166e-08	71573248
585035	5	6.98585035570832e-08	71573248
585054	8	1.11773605691333e-07	71573248
585055	7	9.78019049799165e-08	71573248
585056	6	8.38302042684999e-08	71573248
585057	9	1.2574530640275e-07	71573248
585394	145	2.02589660315541e-06	71573248
585395	2	2.79434014228333e-08	71573248
585396	37	5.16952926322416e-07	71573248
585397	1	1.39717007114166e-08	71573248
589865	1	1.39717007114166e-08	71573248
590409	4	5.58868028456666e-08	71573248
590998	4	5.58868028456666e-08	71573248
591001	5	6.98585035570832e-08	71573248
591167	2	2.79434014228333e-08	71573248
591365	2	2.79434014228333e-08	71573248
592029	4	5.58868028456666e-08	71573248
593588	2	2.79434014228333e-08	71573248
593907	3	4.19151021342499e-08	71573248
595494	10	1.39717007114166e-07	71573248
595495	13	1.81632109248416e-07	71573248
595537	322	4.49888762907616e-06	71573248
596153	131	1.83029279319558e-06	71573248
596154	96	1.341283268296e-06	71573248
598659	2	2.79434014228333e-08	71573248
604162	1	1.39717007114166e-08	71573248
608506	3	4.19151021342499e-08	71573248
610130	16	2.23547211382666e-07	71573248
617121	2	2.79434014228333e-08	71573248
622759	4	5.58868028456666e-08	71573248
626418	13	1.81632109248416e-07	71573248
627192	12	1.67660408537e-07	71573248
630626	1	1.39717007114166e-08	71573248
632772	14	1.95603809959833e-07	71573248
633145	1	1.39717007114166e-08	71573248
633147	1	1.39717007114166e-08	71573248
633149	20	2.79434014228333e-07	71573248
633699	1	1.39717007114166e-08	71573248
634176	1	1.39717007114166e-08	71573248
634177	2	2.79434014228333e-08	71573248
634500	2	2.79434014228333e-08	71573248
634504	2	2.79434014228333e-08	71573248
635013	1	1.39717007114166e-08	71573248
637379	11	1.53688707825583e-07	71573248
637887	4	5.58868028456666e-08	71573248
637905	1	1.39717007114166e-08	71573248
637909	5	6.98585035570832e-08	71573248
639283	6	8.38302042684999e-08	71573248
640081	20	2.79434014228333e-07	71573248
640131	2	2.79434014228333e-08	71573248
640510	2	2.79434014228333e-08	71573248
640511	10	1.39717007114166e-07	71573248
640512	10	1.39717007114166e-07	71573248
640513	7	9.78019049799165e-08	71573248
641491	1	1.39717007114166e-08	71573248
642492	6	8.38302042684999e-08	71573248
643561	76	1.06184925406767e-06	71573248
643562	1	1.39717007114166e-08	71573248
643867	2	2.79434014228333e-08	71573248
644282	1	1.39717007114166e-08	71573248
644283	3	4.19151021342499e-08	71573248
644801	8	1.11773605691333e-07	71573248
645127	10	1.39717007114166e-07	71573248
645463	10	1.39717007114166e-07	71573248
645464	5	6.98585035570832e-08	71573248
648757	3	4.19151021342499e-08	71573248
649349	11	1.53688707825583e-07	71573248
649831	3	4.19151021342499e-08	71573248
650150	3	4.19151021342499e-08	71573248
652103	8	1.11773605691333e-07	71573248
653045	2	2.79434014228333e-08	71573248
653733	1	1.39717007114166e-08	71573248
655098	1	1.39717007114166e-08	71573248
655815	7	9.78019049799165e-08	71573248
656024	4	5.58868028456666e-08	71573248
657308	11	1.53688707825583e-07	71573248
657309	232	3.24143456504866e-06	71573248
657313	214	2.98994395224316e-06	71573248
657314	176	2.45901932520933e-06	71573248
657315	153	2.13767020884675e-06	71573248
657316	84	1.173622859759e-06	71573248
657317	263	3.67455728710258e-06	71573248
657318	292	4.07973660773366e-06	71573248
657319	35	4.89009524899583e-07	71573248
657321	183	2.55682123018925e-06	71573248
657322	244	3.40909497358566e-06	71573248
657323	230	3.21349116362583e-06	71573248
657324	2	2.79434014228333e-08	71573248
661410	4	5.58868028456666e-08	71573248
662755	1	1.39717007114166e-08	71573248
663278	1	1.39717007114166e-08	71573248
663917	1	1.39717007114166e-08	71573248
663954	1	1.39717007114166e-08	71573248
666681	37	5.16952926322416e-07	71573248
666685	4	5.58868028456666e-08	71573248
667015	33	4.61066123476749e-07	71573248
669502	2	2.79434014228333e-08	71573248
670487	2	2.79434014228333e-08	71573248
675635	9	1.2574530640275e-07	71573248
679935	35	4.89009524899583e-07	71573248
680198	2	2.79434014228333e-08	71573248
680646	3	4.19151021342499e-08	71573248
682634	3	4.19151021342499e-08	71573248
684738	24	3.35320817074e-07	71573248
685727	8	1.11773605691333e-07	71573248
688245	57	7.96386940550749e-07	71573248
688270	8	1.11773605691333e-07	71573248
690566	12	1.67660408537e-07	71573248
690850	3	4.19151021342499e-08	71573248
691437	3	4.19151021342499e-08	71573248
692420	1	1.39717007114166e-08	71573248
693444	6	8.38302042684999e-08	71573248
693746	9	1.2574530640275e-07	71573248
693970	2	2.79434014228333e-08	71573248
693973	1	1.39717007114166e-08	71573248
693974	1	1.39717007114166e-08	71573248
693977	1	1.39717007114166e-08	71573248
693978	9	1.2574530640275e-07	71573248
693979	18	2.514906128055e-07	71573248
693982	1	1.39717007114166e-08	71573248
694427	5	6.98585035570832e-08	71573248
695562	1	1.39717007114166e-08	71573248
696127	1	1.39717007114166e-08	71573248
696216	3	4.19151021342499e-08	71573248
696281	1	1.39717007114166e-08	71573248
696406	1	1.39717007114166e-08	71573248
696749	3	4.19151021342499e-08	71573248
697329	5	6.98585035570832e-08	71573248
698737	4	5.58868028456666e-08	71573248
698758	3	4.19151021342499e-08	71573248
698761	5	6.98585035570832e-08	71573248
698948	1	1.39717007114166e-08	71573248
698965	1	1.39717007114166e-08	71573248
698972	1	1.39717007114166e-08	71573248
699032	18	2.514906128055e-07	71573248
699033	8	1.11773605691333e-07	71573248
699037	6	8.38302042684999e-08	71573248
699246	3	4.19151021342499e-08	71573248
700598	9	1.2574530640275e-07	71573248
701347	1	1.39717007114166e-08	71573248
701521	6	8.38302042684999e-08	71573248
702113	13	1.81632109248416e-07	71573248
702459	17	2.37518912094083e-07	71573248
703613	1	1.39717007114166e-08	71573248
706587	1	1.39717007114166e-08	71573248
709032	1	1.39717007114166e-08	71573248
709991	36	5.02981225610999e-07	71573248
710421	2	2.79434014228333e-08	71573248
710685	4	5.58868028456666e-08	71573248
710686	1	1.39717007114166e-08	71573248
710696	5	6.98585035570832e-08	71573248
712898	2	2.79434014228333e-08	71573248
712961	1	1.39717007114166e-08	71573248
713604	6	8.38302042684999e-08	71573248
714313	19	2.65462313516916e-07	71573248
715451	1	1.39717007114166e-08	71573248
716541	27	3.77235919208249e-07	71573248
716544	2	2.79434014228333e-08	71573248
717231	2	2.79434014228333e-08	71573248
717605	2	2.79434014228333e-08	71573248
717608	33	4.61066123476749e-07	71573248
717774	1	1.39717007114166e-08	71573248
717785	4	5.58868028456666e-08	71573248
717959	33	4.61066123476749e-07	71573248
717960	50	6.98585035570832e-07	71573248
717961	27	3.77235919208249e-07	71573248
717962	132	1.844264493907e-06	71573248
718251	1	1.39717007114166e-08	71573248
718252	199	2.78036844157191e-06	71573248
718254	3	4.19151021342499e-08	71573248
718255	137	1.91412299746408e-06	71573248
718271	4	5.58868028456666e-08	71573248
718274	1	1.39717007114166e-08	71573248
720554	10	1.39717007114166e-07	71573248
722911	9	1.2574530640275e-07	71573248
741091	5	6.98585035570832e-08	71573248
742013	97	1.35525496900741e-06	71573248
743525	191	2.66859483588058e-06	71573248
743718	7	9.78019049799165e-08	71573248
743720	13	1.81632109248416e-07	71573248
743721	7	9.78019049799165e-08	71573248
743722	3	4.19151021342499e-08	71573248
744872	1	1.39717007114166e-08	71573248
745277	6	8.38302042684999e-08	71573248
745310	21	2.9340571493975e-07	71573248
745776	2	2.79434014228333e-08	71573248
746361	5	6.98585035570832e-08	71573248
746697	3	4.19151021342499e-08	71573248
748247	6	8.38302042684999e-08	71573248
748280	4	5.58868028456666e-08	71573248
748671	1	1.39717007114166e-08	71573248
748727	2	2.79434014228333e-08	71573248
749219	3	4.19151021342499e-08	71573248
749414	3	4.19151021342499e-08	71573248
749927	8	1.11773605691333e-07	71573248
751585	61	8.52273743396415e-07	71573248
751945	11	1.53688707825583e-07	71573248
754035	5	6.98585035570832e-08	71573248
754252	5	6.98585035570832e-08	71573248
754476	1	1.39717007114166e-08	71573248
754477	3	4.19151021342499e-08	71573248
755732	14	1.95603809959833e-07	71573248
756272	2	2.79434014228333e-08	71573248
757424	46	6.42698232725166e-07	71573248
757425	3	4.19151021342499e-08	71573248
758793	6	8.38302042684999e-08	71573248
759350	34	4.75037824188166e-07	71573248
760154	2	2.79434014228333e-08	71573248
760192	7	9.78019049799165e-08	71573248
760570	5	6.98585035570832e-08	71573248
761193	5	6.98585035570832e-08	71573248
761659	3	4.19151021342499e-08	71573248
762051	1	1.39717007114166e-08	71573248
762376	29	4.05179320631083e-07	71573248
762550	1	1.39717007114166e-08	71573248
762570	1	1.39717007114166e-08	71573248
762633	24	3.35320817074e-07	71573248
762903	7	9.78019049799165e-08	71573248
765698	13	1.81632109248416e-07	71573248
765911	4	5.58868028456666e-08	71573248
765912	1	1.39717007114166e-08	71573248
765952	1	1.39717007114166e-08	71573248
767031	3	4.19151021342499e-08	71573248
767434	1	1.39717007114166e-08	71573248
767455	2	2.79434014228333e-08	71573248
767462	1	1.39717007114166e-08	71573248
767463	56	7.82415239839332e-07	71573248
767817	1	1.39717007114166e-08	71573248
768066	3	4.19151021342499e-08	71573248
768486	3	4.19151021342499e-08	71573248
768490	2	2.79434014228333e-08	71573248
771875	2	2.79434014228333e-08	71573248
797210	1	1.39717007114166e-08	71573248
798128	19	2.65462313516916e-07	71573248
798300	1	1.39717007114166e-08	71573248
858215	1	1.39717007114166e-08	71573248
858619	4	5.58868028456666e-08	71573248
859655	8	1.11773605691333e-07	71573248
859656	17	2.37518912094083e-07	71573248
859657	26	3.63264218496833e-07	71573248
860228	5	6.98585035570832e-08	71573248
861208	1	1.39717007114166e-08	71573248
861360	5	6.98585035570832e-08	71573248
862719	8	1.11773605691333e-07	71573248
862751	3	4.19151021342499e-08	71573248
862908	4	5.58868028456666e-08	71573248
862962	63	8.80217144819249e-07	71573248
862965	3	4.19151021342499e-08	71573248
862966	1	1.39717007114166e-08	71573248
862970	2	2.79434014228333e-08	71573248
862971	4	5.58868028456666e-08	71573248
865938	2	2.79434014228333e-08	71573248
866536	9	1.2574530640275e-07	71573248
866630	1	1.39717007114166e-08	71573248
866768	22	3.07377415651166e-07	71573248
866775	3	4.19151021342499e-08	71573248
866777	10	1.39717007114166e-07	71573248
866895	1	1.39717007114166e-08	71573248
867900	8	1.11773605691333e-07	71573248
867904	5	6.98585035570832e-08	71573248
868131	1	1.39717007114166e-08	71573248
868595	1	1.39717007114166e-08	71573248
868597	5	6.98585035570832e-08	71573248
869209	1	1.39717007114166e-08	71573248
869210	1	1.39717007114166e-08	71573248
869215	1	1.39717007114166e-08	71573248
869216	1	1.39717007114166e-08	71573248
869306	1	1.39717007114166e-08	71573248
869309	8	1.11773605691333e-07	71573248
869729	5	6.98585035570832e-08	71573248
871585	14	1.95603809959833e-07	71573248
877468	1	1.39717007114166e-08	71573248
880070	5	6.98585035570832e-08	71573248
880071	7	9.78019049799165e-08	71573248
880591	1	1.39717007114166e-08	71573248
880758	10	1.39717007114166e-07	71573248
882378	5	6.98585035570832e-08	71573248
882884	1	1.39717007114166e-08	71573248
883062	12	1.67660408537e-07	71573248
884204	2	2.79434014228333e-08	71573248
885276	2	2.79434014228333e-08	71573248
886293	1	1.39717007114166e-08	71573248
886377	4	5.58868028456666e-08	71573248
887061	2	2.79434014228333e-08	71573248
889378	3	4.19151021342499e-08	71573248
889738	20	2.79434014228333e-07	71573248
890402	53	7.40500137705082e-07	71573248
891391	2	2.79434014228333e-08	71573248
903814	9	1.2574530640275e-07	71573248
905079	6	8.38302042684999e-08	71573248
908937	5	6.98585035570832e-08	71573248
909946	1	1.39717007114166e-08	71573248
909952	48	6.70641634147999e-07	71573248
909954	1	1.39717007114166e-08	71573248
910348	2	2.79434014228333e-08	71573248
914149	1	1.39717007114166e-08	71573248
926550	1	1.39717007114166e-08	71573248
926562	2	2.79434014228333e-08	71573248
926566	1	1.39717007114166e-08	71573248
926569	1	1.39717007114166e-08	71573248
926570	1	1.39717007114166e-08	71573248
927666	5	6.98585035570832e-08	71573248
929102	13	1.81632109248416e-07	71573248
929439	2	2.79434014228333e-08	71573248
929556	3	4.19151021342499e-08	71573248
929562	9	1.2574530640275e-07	71573248
930169	3	4.19151021342499e-08	71573248
930171	3	4.19151021342499e-08	71573248
930944	4	5.58868028456666e-08	71573248
931276	5	6.98585035570832e-08	71573248
931281	6	8.38302042684999e-08	71573248
931626	2	2.79434014228333e-08	71573248
931890	2	2.79434014228333e-08	71573248
935296	1	1.39717007114166e-08	71573248
936153	1	1.39717007114166e-08	71573248
936154	2	2.79434014228333e-08	71573248
937777	1	1.39717007114166e-08	71573248
941193	2	2.79434014228333e-08	71573248
941639	2	2.79434014228333e-08	71573248
942513	1	1.39717007114166e-08	71573248
944168	2	2.79434014228333e-08	71573248
944546	27	3.77235919208249e-07	71573248
944547	52	7.26528436993666e-07	71573248
945021	1	1.39717007114166e-08	71573248
945556	1	1.39717007114166e-08	71573248
945704	2	2.79434014228333e-08	71573248
945713	1	1.39717007114166e-08	71573248
946362	2	2.79434014228333e-08	71573248
946483	6	8.38302042684999e-08	71573248
953739	7	9.78019049799165e-08	71573248
977880	23	3.21349116362583e-07	71573248
979556	19	2.65462313516916e-07	71573248
981222	1	1.39717007114166e-08	71573248
981368	2	2.79434014228333e-08	71573248
981540	8	1.11773605691333e-07	71573248
983544	13	1.81632109248416e-07	71573248
983548	7	9.78019049799165e-08	71573248
983917	70	9.78019049799165e-07	71573248
984892	1	1.39717007114166e-08	71573248
990288	1	1.39717007114166e-08	71573248
990315	11	1.53688707825583e-07	71573248
990316	11	1.53688707825583e-07	71573248
990317	7	9.78019049799165e-08	71573248
991905	4	5.58868028456666e-08	71573248
992406	3	4.19151021342499e-08	71573248
994476	8	1.11773605691333e-07	71573248
994484	24	3.35320817074e-07	71573248
996285	7	9.78019049799165e-08	71573248
998088	16	2.23547211382666e-07	71573248
999541	12	1.67660408537e-07	71573248
999552	1	1.39717007114166e-08	71573248
999953	4	5.58868028456666e-08	71573248
1001583	2	2.79434014228333e-08	71573248
1001585	15	2.0957551067125e-07	71573248
1002809	9	1.2574530640275e-07	71573248
1003195	10	1.39717007114166e-07	71573248
1003232	1	1.39717007114166e-08	71573248
1004788	1	1.39717007114166e-08	71573248
1004952	2	2.79434014228333e-08	71573248
1005041	3	4.19151021342499e-08	71573248
1005042	3	4.19151021342499e-08	71573248
1005048	27	3.77235919208249e-07	71573248
1005058	1	1.39717007114166e-08	71573248
1006551	3	4.19151021342499e-08	71573248
1007064	1	1.39717007114166e-08	71573248
1007105	12	1.67660408537e-07	71573248
1009846	5	6.98585035570832e-08	71573248
1016998	2	2.79434014228333e-08	71573248
1017264	1	1.39717007114166e-08	71573248
1028307	1	1.39717007114166e-08	71573248
1030843	1	1.39717007114166e-08	71573248
1031709	40	5.58868028456666e-07	71573248
1031710	9	1.2574530640275e-07	71573248
1031711	14	1.95603809959833e-07	71573248
1032480	7	9.78019049799165e-08	71573248
1033813	2	2.79434014228333e-08	71573248
1033837	1	1.39717007114166e-08	71573248
1034807	82	1.14567945833616e-06	71573248
1034809	3	4.19151021342499e-08	71573248
1035817	21	2.9340571493975e-07	71573248
1036172	20	2.79434014228333e-07	71573248
1036672	1	1.39717007114166e-08	71573248
1036673	1	1.39717007114166e-08	71573248
1036743	2	2.79434014228333e-08	71573248
1037409	25	3.49292517785416e-07	71573248
1037911	93	1.29936816616175e-06	71573248
1041826	35	4.89009524899583e-07	71573248
1042156	24	3.35320817074e-07	71573248
1042876	13	1.81632109248416e-07	71573248
1042878	33	4.61066123476749e-07	71573248
1045854	3	4.19151021342499e-08	71573248
1045855	9	1.2574530640275e-07	71573248
1045856	4	5.58868028456666e-08	71573248
1045858	2	2.79434014228333e-08	71573248
1046624	9	1.2574530640275e-07	71573248
1046629	36	5.02981225610999e-07	71573248
1046632	1	1.39717007114166e-08	71573248
1048332	32	4.47094422765333e-07	71573248
1049565	6	8.38302042684999e-08	71573248
1051072	1	1.39717007114166e-08	71573248
1051074	10	1.39717007114166e-07	71573248
1054460	5	6.98585035570832e-08	71573248
1064535	18	2.514906128055e-07	71573248
1064539	8	1.11773605691333e-07	71573248
1064592	1	1.39717007114166e-08	71573248
1069533	5	6.98585035570832e-08	71573248
1069534	1	1.39717007114166e-08	71573248
1071378	5	6.98585035570832e-08	71573248
1071381	2	2.79434014228333e-08	71573248
1071382	3	4.19151021342499e-08	71573248
1072459	1	1.39717007114166e-08	71573248
1075089	11	1.53688707825583e-07	71573248
1076934	8	1.11773605691333e-07	71573248
1080228	2	2.79434014228333e-08	71573248
1082931	1	1.39717007114166e-08	71573248
1089456	7	9.78019049799165e-08	71573248
1089553	1	1.39717007114166e-08	71573248
1091045	290	4.05179320631083e-06	71573248
1091494	1	1.39717007114166e-08	71573248
1093141	16	2.23547211382666e-07	71573248
1093787	4	5.58868028456666e-08	71573248
1094466	23	3.21349116362583e-07	71573248
1096995	1	1.39717007114166e-08	71573248
1096996	12	1.67660408537e-07	71573248
1097668	11	1.53688707825583e-07	71573248
1097677	8	1.11773605691333e-07	71573248
1100841	1	1.39717007114166e-08	71573248
1104320	1	1.39717007114166e-08	71573248
1104322	19	2.65462313516916e-07	71573248
1104325	7	9.78019049799165e-08	71573248
1104326	9	1.2574530640275e-07	71573248
1105104	1	1.39717007114166e-08	71573248
1105110	1	1.39717007114166e-08	71573248
1110502	2	2.79434014228333e-08	71573248
1111068	2	2.79434014228333e-08	71573248
1111069	13	1.81632109248416e-07	71573248
1111678	8	1.11773605691333e-07	71573248
1112204	3	4.19151021342499e-08	71573248
1114965	4	5.58868028456666e-08	71573248
1114966	9	1.2574530640275e-07	71573248
1114967	69	9.64047349087749e-07	71573248
1114969	702	9.80813389941448e-06	71573248
1114970	21	2.9340571493975e-07	71573248
1116231	13	1.81632109248416e-07	71573248
1116391	1	1.39717007114166e-08	71573248
1117647	3	4.19151021342499e-08	71573248
1117943	7	9.78019049799165e-08	71573248
1118963	6	8.38302042684999e-08	71573248
1121335	4	5.58868028456666e-08	71573248
1121353	7	9.78019049799165e-08	71573248
1121362	7	9.78019049799165e-08	71573248
1121448	1	1.39717007114166e-08	71573248
1121451	1	1.39717007114166e-08	71573248
1123519	5	6.98585035570832e-08	71573248
1123523	2	2.79434014228333e-08	71573248
1124936	2	2.79434014228333e-08	71573248
1124983	18	2.514906128055e-07	71573248
1125630	7	9.78019049799165e-08	71573248
1127134	6	8.38302042684999e-08	71573248
1128398	4	5.58868028456666e-08	71573248
1129794	1	1.39717007114166e-08	71573248
1133849	4	5.58868028456666e-08	71573248
1133850	8	1.11773605691333e-07	71573248
1133852	2	2.79434014228333e-08	71573248
1133853	4	5.58868028456666e-08	71573248
1134454	395	5.51882178100957e-06	71573248
1136179	1049	1.46563140462761e-05	71573248
1137651	2	2.79434014228333e-08	71573248
1138383	2	2.79434014228333e-08	71573248
1138871	1	1.39717007114166e-08	71573248
1142394	1	1.39717007114166e-08	71573248
1144275	2	2.79434014228333e-08	71573248
1146883	8	1.11773605691333e-07	71573248
1150469	6	8.38302042684999e-08	71573248
1151116	2	2.79434014228333e-08	71573248
1155766	11	1.53688707825583e-07	71573248
1156431	2	2.79434014228333e-08	71573248
1156433	2	2.79434014228333e-08	71573248
1156913	1	1.39717007114166e-08	71573248
1163399	2	2.79434014228333e-08	71573248
1163617	8	1.11773605691333e-07	71573248
1167634	29	4.05179320631083e-07	71573248
1170318	30	4.19151021342499e-07	71573248
1170562	2	2.79434014228333e-08	71573248
1171373	6	8.38302042684999e-08	71573248
1171376	2	2.79434014228333e-08	71573248
1173020	21	2.9340571493975e-07	71573248
1173022	1	1.39717007114166e-08	71573248
1179773	5	6.98585035570832e-08	71573248
1184267	3	4.19151021342499e-08	71573248
1185652	4	5.58868028456666e-08	71573248
1187956	12	1.67660408537e-07	71573248
1191061	23	3.21349116362583e-07	71573248
1193292	10	1.39717007114166e-07	71573248
1193729	1	1.39717007114166e-08	71573248
1194526	6	8.38302042684999e-08	71573248
1196325	8	1.11773605691333e-07	71573248
1196835	9	1.2574530640275e-07	71573248
1198232	1	1.39717007114166e-08	71573248
1198627	2	2.79434014228333e-08	71573248
1200352	2	2.79434014228333e-08	71573248
1203460	3	4.19151021342499e-08	71573248
1203670	4	5.58868028456666e-08	71573248
1204414	9	1.2574530640275e-07	71573248
1205910	9	1.2574530640275e-07	71573248
1206105	4	5.58868028456666e-08	71573248
1207075	33	4.61066123476749e-07	71573248
1208660	1	1.39717007114166e-08	71573248
1208918	1	1.39717007114166e-08	71573248
1208923	3	4.19151021342499e-08	71573248
1211579	15	2.0957551067125e-07	71573248
1214101	6	8.38302042684999e-08	71573248
1214242	2	2.79434014228333e-08	71573248
1215088	18	2.514906128055e-07	71573248
1215343	3	4.19151021342499e-08	71573248
1216976	17	2.37518912094083e-07	71573248
1217737	1	1.39717007114166e-08	71573248
1217984	1	1.39717007114166e-08	71573248
1218175	2	2.79434014228333e-08	71573248
1219076	1	1.39717007114166e-08	71573248
1224163	5	6.98585035570832e-08	71573248
1224746	3	4.19151021342499e-08	71573248
1228997	4	5.58868028456666e-08	71573248
1229205	2	2.79434014228333e-08	71573248
1229492	1	1.39717007114166e-08	71573248
1229756	1	1.39717007114166e-08	71573248
1229758	2	2.79434014228333e-08	71573248
1229909	1	1.39717007114166e-08	71573248
1230587	2	2.79434014228333e-08	71573248
1232381	1	1.39717007114166e-08	71573248
1232724	1	1.39717007114166e-08	71573248
1233873	1	1.39717007114166e-08	71573248
1234380	3	4.19151021342499e-08	71573248
1234679	22	3.07377415651166e-07	71573248
1236903	6	8.38302042684999e-08	71573248
1244085	3	4.19151021342499e-08	71573248
1245469	9	1.2574530640275e-07	71573248
1245471	20	2.79434014228333e-07	71573248
1246301	266	3.71647238923683e-06	71573248
1246365	2	2.79434014228333e-08	71573248
1246995	2	2.79434014228333e-08	71573248
1254432	2	2.79434014228333e-08	71573248
1254439	2	2.79434014228333e-08	71573248
1255043	4	5.58868028456666e-08	71573248
1257118	4	5.58868028456666e-08	71573248
1261557	1	1.39717007114166e-08	71573248
1262456	13	1.81632109248416e-07	71573248
1265601	3	4.19151021342499e-08	71573248
1266845	11	1.53688707825583e-07	71573248
1267577	6	8.38302042684999e-08	71573248
1271863	1	1.39717007114166e-08	71573248
1271864	1	1.39717007114166e-08	71573248
1274814	1	1.39717007114166e-08	71573248
1276282	3	4.19151021342499e-08	71573248
1276647	1	1.39717007114166e-08	71573248
1278073	3	4.19151021342499e-08	71573248
1279007	1	1.39717007114166e-08	71573248
1279008	2	2.79434014228333e-08	71573248
1279365	1	1.39717007114166e-08	71573248
1280938	3	4.19151021342499e-08	71573248
1282356	48	6.70641634147999e-07	71573248
1283331	6	8.38302042684999e-08	71573248
1286170	10	1.39717007114166e-07	71573248
1288394	12	1.67660408537e-07	71573248
1294143	8	1.11773605691333e-07	71573248
1295826	1	1.39717007114166e-08	71573248
1298593	6	8.38302042684999e-08	71573248
1300150	1	1.39717007114166e-08	71573248
1300253	1	1.39717007114166e-08	71573248
1300254	1	1.39717007114166e-08	71573248
1302863	2	2.79434014228333e-08	71573248
1303024	2	2.79434014228333e-08	71573248
1303692	5	6.98585035570832e-08	71573248
1305849	4	5.58868028456666e-08	71573248
1309806	2	2.79434014228333e-08	71573248
1310161	4	5.58868028456666e-08	71573248
1313172	5	6.98585035570832e-08	71573248
1318615	1	1.39717007114166e-08	71573248
1321369	2	2.79434014228333e-08	71573248
1327988	1	1.39717007114166e-08	71573248
1328306	5	6.98585035570832e-08	71573248
1331671	18	2.514906128055e-07	71573248
1332188	2	2.79434014228333e-08	71573248
1335307	2	2.79434014228333e-08	71573248
1340495	2	2.79434014228333e-08	71573248
1340847	1	1.39717007114166e-08	71573248
1340851	2	2.79434014228333e-08	71573248
1343740	6	8.38302042684999e-08	71573248
1345695	5	6.98585035570832e-08	71573248
1346614	2	2.79434014228333e-08	71573248
1348660	1	1.39717007114166e-08	71573248
1348662	4	5.58868028456666e-08	71573248
1355100	1	1.39717007114166e-08	71573248
1367477	1	1.39717007114166e-08	71573248
1367847	4	5.58868028456666e-08	71573248
1379702	9	1.2574530640275e-07	71573248
1380774	5	6.98585035570832e-08	71573248
1380908	11	1.53688707825583e-07	71573248
1384484	4	5.58868028456666e-08	71573248
1389489	4	5.58868028456666e-08	71573248
1399116	4	5.58868028456666e-08	71573248
1400867	6	8.38302042684999e-08	71573248
1401659	1	1.39717007114166e-08	71573248
1415630	94	1.31333986687316e-06	71573248
1416914	4	5.58868028456666e-08	71573248
1423144	2	2.79434014228333e-08	71573248
1427342	2	2.79434014228333e-08	71573248
1430440	2	2.79434014228333e-08	71573248
1435044	7	9.78019049799165e-08	71573248
1435058	1	1.39717007114166e-08	71573248
1435356	11	1.53688707825583e-07	71573248
1436140	30	4.19151021342499e-07	71573248
