Tax.ID	Frequency	Proportion	Total
394	17	3.24417098330651e-07	52401677
882	3	5.72500761759972e-08	52401677
883	4	7.63334349013296e-08	52401677
1148	3	5.72500761759972e-08	52401677
1311	31	5.91584120485304e-07	52401677
1639	71	1.3549184694986e-06	52401677
2762	15	2.86250380879986e-07	52401677
2769	12	2.29000304703989e-07	52401677
2771	5	9.5416793626662e-08	52401677
2787	23	4.38917250682645e-07	52401677
2829	9	1.71750228527992e-07	52401677
2839	81	1.54575205675192e-06	52401677
2850	95	1.81291907890658e-06	52401677
2898	8	1.52666869802659e-07	52401677
2903	3	5.72500761759972e-08	52401677
3040	7	1.33583511077327e-07	52401677
4770	10	1.90833587253324e-07	52401677
4950	21	4.0075053323198e-07	52401677
4959	3	5.72500761759972e-08	52401677
5061	3	5.72500761759972e-08	52401677
5145	6	1.14500152351994e-07	52401677
5518	43	8.20584425189293e-07	52401677
5661	10	1.90833587253324e-07	52401677
5749	1	1.90833587253324e-08	52401677
5755	1	1.90833587253324e-08	52401677
5762	5	9.5416793626662e-08	52401677
5763	1	1.90833587253324e-08	52401677
5786	18	3.43500457055983e-07	52401677
5851	45	8.58751142639958e-07	52401677
5872	3	5.72500761759972e-08	52401677
5901	3	5.72500761759972e-08	52401677
5905	2	3.81667174506648e-08	52401677
5907	4	7.63334349013296e-08	52401677
5908	5	9.5416793626662e-08	52401677
5911	50	9.5416793626662e-07	52401677
5932	39	7.44250990287963e-07	52401677
10359	2	3.81667174506648e-08	52401677
10376	1	1.90833587253324e-08	52401677
10693	1	1.90833587253324e-08	52401677
10870	1	1.90833587253324e-08	52401677
12509	1	1.90833587253324e-08	52401677
13035	1	1.90833587253324e-08	52401677
28173	4	7.63334349013296e-08	52401677
31271	7	1.33583511077327e-07	52401677
31964	41	7.82417707738628e-07	52401677
32049	3	5.72500761759972e-08	52401677
32051	1	1.90833587253324e-08	52401677
33658	9	1.71750228527992e-07	52401677
35128	88	1.67933556782925e-06	52401677
35688	1	1.90833587253324e-08	52401677
36329	4	7.63334349013296e-08	52401677
36809	13	2.48083663429321e-07	52401677
37296	2	3.81667174506648e-08	52401677
40041	1	1.90833587253324e-08	52401677
43925	1	1.90833587253324e-08	52401677
43926	1	1.90833587253324e-08	52401677
43989	3	5.72500761759972e-08	52401677
44056	7	1.33583511077327e-07	52401677
44058	5	9.5416793626662e-08	52401677
45406	1	1.90833587253324e-08	52401677
46234	1	1.90833587253324e-08	52401677
48483	1	1.90833587253324e-08	52401677
48942	2	3.81667174506648e-08	52401677
49266	2	3.81667174506648e-08	52401677
52970	22	4.19833891957313e-07	52401677
55529	43	8.20584425189293e-07	52401677
56107	17	3.24417098330651e-07	52401677
56110	1	1.90833587253324e-08	52401677
59922	6	1.14500152351994e-07	52401677
60480	4	7.63334349013296e-08	52401677
60481	44	8.39667783914625e-07	52401677
62928	100	1.90833587253324e-06	52401677
62977	16	3.05333739605318e-07	52401677
63186	1	1.90833587253324e-08	52401677
63737	3	5.72500761759972e-08	52401677
64471	6	1.14500152351994e-07	52401677
65071	19	3.62583815781316e-07	52401677
65093	1	1.90833587253324e-08	52401677
65393	2	3.81667174506648e-08	52401677
66692	1	1.90833587253324e-08	52401677
67593	15	2.86250380879986e-07	52401677
69328	58	1.10683480606928e-06	52401677
72520	4	7.63334349013296e-08	52401677
74547	2	3.81667174506648e-08	52401677
74557	6	1.14500152351994e-07	52401677
75379	87	1.66025220910392e-06	52401677
76114	49	9.35084577541287e-07	52401677
76869	91	1.73658564400525e-06	52401677
78245	63	1.20225159969594e-06	52401677
82654	2	3.81667174506648e-08	52401677
83406	4	7.63334349013296e-08	52401677
84588	2	3.81667174506648e-08	52401677
85643	97	1.85108579635724e-06	52401677
85963	2	3.81667174506648e-08	52401677
88149	1	1.90833587253324e-08	52401677
94122	24	4.58000609407978e-07	52401677
96561	3	5.72500761759972e-08	52401677
96563	177	3.37775449438383e-06	52401677
99287	4	7.63334349013296e-08	52401677
99598	1	1.90833587253324e-08	52401677
100226	26	4.96167326858642e-07	52401677
101510	208	3.96933861486914e-06	52401677
103690	4	7.63334349013296e-08	52401677
106370	10	1.90833587253324e-07	52401677
107806	1	1.90833587253324e-08	52401677
108098	3	5.72500761759972e-08	52401677
110662	1	1.90833587253324e-08	52401677
111781	1	1.90833587253324e-08	52401677
114615	116	2.21366961213856e-06	52401677
115713	2	3.81667174506648e-08	52401677
118163	1	1.90833587253324e-08	52401677
120807	1	1.90833587253324e-08	52401677
122586	1	1.90833587253324e-08	52401677
122587	8	1.52666869802659e-07	52401677
126793	21	4.0075053323198e-07	52401677
129356	7	1.33583511077327e-07	52401677
129358	4	7.63334349013296e-08	52401677
130081	4	7.63334349013296e-08	52401677
134676	25	4.7708396813331e-07	52401677
137722	36	6.87000914111966e-07	52401677
145522	1	1.90833587253324e-08	52401677
150340	78	1.48850198057593e-06	52401677
151537	2	3.81667174506648e-08	52401677
151538	5	9.5416793626662e-08	52401677
153948	4	7.63334349013296e-08	52401677
155864	44	8.39667783914625e-07	52401677
158189	3	5.72500761759972e-08	52401677
158878	1	1.90833587253324e-08	52401677
158879	2	3.81667174506648e-08	52401677
159087	96	1.83200243763191e-06	52401677
160488	51	9.73251294991952e-07	52401677
160490	149	2.84342045007453e-06	52401677
160491	102	1.9465025899839e-06	52401677
160492	8	1.52666869802659e-07	52401677
160619	46	8.7783450136529e-07	52401677
164328	12	2.29000304703989e-07	52401677
164756	45	8.58751142639958e-07	52401677
164757	4	7.63334349013296e-08	52401677
167542	1	1.90833587253324e-08	52401677
167879	13	2.48083663429321e-07	52401677
170187	4	7.63334349013296e-08	52401677
171101	56	1.06866808861861e-06	52401677
172968	1	1.90833587253324e-08	52401677
176279	150	2.86250380879986e-06	52401677
176280	156	2.97700396115185e-06	52401677
176299	56	1.06866808861861e-06	52401677
177437	3	5.72500761759972e-08	52401677
179408	22	4.19833891957313e-07	52401677
186103	57	1.08775144734395e-06	52401677
187272	20	3.81667174506648e-07	52401677
187303	31	5.91584120485304e-07	52401677
187410	1	1.90833587253324e-08	52401677
189423	15	2.86250380879986e-07	52401677
189918	15	2.86250380879986e-07	52401677
190304	14	2.67167022154654e-07	52401677
190485	146	2.78617037389853e-06	52401677
190486	32	6.10667479210637e-07	52401677
190650	32	6.10667479210637e-07	52401677
192952	4	7.63334349013296e-08	52401677
193567	40	7.63334349013296e-07	52401677
194439	1	1.90833587253324e-08	52401677
195103	42	8.01501066463961e-07	52401677
195253	4	7.63334349013296e-08	52401677
196162	76	1.45033526312526e-06	52401677
196164	30	5.72500761759972e-07	52401677
196600	10	1.90833587253324e-07	52401677
196627	4	7.63334349013296e-08	52401677
197221	3	5.72500761759972e-08	52401677
198215	7	1.33583511077327e-07	52401677
198466	21	4.0075053323198e-07	52401677
198628	7	1.33583511077327e-07	52401677
199310	9	1.71750228527992e-07	52401677
203119	3	5.72500761759972e-08	52401677
203120	10	1.90833587253324e-07	52401677
203122	3	5.72500761759972e-08	52401677
203123	9	1.71750228527992e-07	52401677
203124	14	2.67167022154654e-07	52401677
203267	3	5.72500761759972e-08	52401677
203275	5	9.5416793626662e-08	52401677
204669	9	1.71750228527992e-07	52401677
204773	163	3.11058747222918e-06	52401677
205913	15	2.86250380879986e-07	52401677
205914	1	1.90833587253324e-08	52401677
205918	33	6.29750837935969e-07	52401677
205921	9	1.71750228527992e-07	52401677
205922	208	3.96933861486914e-06	52401677
207559	17	3.24417098330651e-07	52401677
208435	4455	8.50163631213558e-05	52401677
208596	55	1.04958472989328e-06	52401677
208963	408	7.78601035993562e-06	52401677
208964	492	9.38901249286354e-06	52401677
210007	17	3.24417098330651e-07	52401677
211110	3095	5.90629952549038e-05	52401677
211586	3	5.72500761759972e-08	52401677
212717	2	3.81667174506648e-08	52401677
213810	5	9.5416793626662e-08	52401677
214092	5	9.5416793626662e-08	52401677
214684	14	2.67167022154654e-07	52401677
215689	1	1.90833587253324e-08	52401677
216389	2	3.81667174506648e-08	52401677
216432	3	5.72500761759972e-08	52401677
216591	85	1.62208549165325e-06	52401677
216592	3	5.72500761759972e-08	52401677
216594	21	4.0075053323198e-07	52401677
216595	813	1.55147706436952e-05	52401677
216596	51	9.73251294991952e-07	52401677
216599	8	1.52666869802659e-07	52401677
216895	8	1.52666869802659e-07	52401677
218491	1	1.90833587253324e-08	52401677
218493	3	5.72500761759972e-08	52401677
218495	12	2.29000304703989e-07	52401677
218496	3	5.72500761759972e-08	52401677
220341	32453	0.000619312240713212	52401677
220664	85	1.62208549165325e-06	52401677
220668	7	1.33583511077327e-07	52401677
221109	1	1.90833587253324e-08	52401677
223283	66	1.25950167587194e-06	52401677
223926	52	9.92334653717285e-07	52401677
224308	1	1.90833587253324e-08	52401677
224911	160	3.05333739605318e-06	52401677
224914	16	3.05333739605318e-07	52401677
225937	2	3.81667174506648e-08	52401677
226185	11	2.09916945978656e-07	52401677
226186	37	7.06084272837299e-07	52401677
227086	14	2.67167022154654e-07	52401677
227882	30	5.72500761759972e-07	52401677
227941	3	5.72500761759972e-08	52401677
228405	11	2.09916945978656e-07	52401677
228410	5	9.5416793626662e-08	52401677
229533	18	3.43500457055983e-07	52401677
231023	62	1.18316824097061e-06	52401677
232721	1878	3.58385476861742e-05	52401677
233413	4	7.63334349013296e-08	52401677
234267	36	6.87000914111966e-07	52401677
234621	5282	0.000100798300787206	52401677
234831	6	1.14500152351994e-07	52401677
235909	4	7.63334349013296e-08	52401677
240015	15	2.86250380879986e-07	52401677
242507	1	1.90833587253324e-08	52401677
243090	1	1.90833587253324e-08	52401677
243159	6	1.14500152351994e-07	52401677
243160	1	1.90833587253324e-08	52401677
243164	1	1.90833587253324e-08	52401677
243230	22	4.19833891957313e-07	52401677
243231	5	9.5416793626662e-08	52401677
243233	4	7.63334349013296e-08	52401677
243243	28	5.34334044309307e-07	52401677
243265	4	7.63334349013296e-08	52401677
243272	4	7.63334349013296e-08	52401677
243365	45	8.58751142639958e-07	52401677
245014	9	1.71750228527992e-07	52401677
245018	23	4.38917250682645e-07	52401677
246195	10	1.90833587253324e-07	52401677
246196	33	6.29750837935969e-07	52401677
246197	43	8.20584425189293e-07	52401677
246200	11	2.09916945978656e-07	52401677
247156	22	4.19833891957313e-07	52401677
251221	7	1.33583511077327e-07	52401677
251229	6	1.14500152351994e-07	52401677
257310	62	1.18316824097061e-06	52401677
257311	22	4.19833891957313e-07	52401677
257313	28	5.34334044309307e-07	52401677
257314	1	1.90833587253324e-08	52401677
258594	57	1.08775144734395e-06	52401677
259536	7	1.33583511077327e-07	52401677
261292	56	1.06866808861861e-06	52401677
261658	2	3.81667174506648e-08	52401677
262316	15	2.86250380879986e-07	52401677
262543	8	1.52666869802659e-07	52401677
262724	55	1.04958472989328e-06	52401677
262727	3	5.72500761759972e-08	52401677
262728	2	3.81667174506648e-08	52401677
263358	15	2.86250380879986e-07	52401677
264198	177	3.37775449438383e-06	52401677
264199	3	5.72500761759972e-08	52401677
264203	7	1.33583511077327e-07	52401677
264462	5	9.5416793626662e-08	52401677
264730	28	5.34334044309307e-07	52401677
265072	11	2.09916945978656e-07	52401677
266117	7	1.33583511077327e-07	52401677
266264	276	5.26700700819174e-06	52401677
266265	61	1.16408488224528e-06	52401677
266779	58	1.10683480606928e-06	52401677
266834	30	5.72500761759972e-07	52401677
266835	39	7.44250990287963e-07	52401677
266940	25	4.7708396813331e-07	52401677
267608	115	2.19458625341323e-06	52401677
267747	167	3.18692090713051e-06	52401677
269482	112	2.13733617723723e-06	52401677
269796	8	1.52666869802659e-07	52401677
269798	13	2.48083663429321e-07	52401677
269799	14	2.67167022154654e-07	52401677
269800	6	1.14500152351994e-07	52401677
271848	22	4.19833891957313e-07	52401677
272123	3	5.72500761759972e-08	52401677
272558	2	3.81667174506648e-08	52401677
272559	5	9.5416793626662e-08	52401677
272561	4	7.63334349013296e-08	52401677
272563	14	2.67167022154654e-07	52401677
272564	1	1.90833587253324e-08	52401677
272568	25	4.7708396813331e-07	52401677
272620	118	2.25183632958922e-06	52401677
272621	1	1.90833587253324e-08	52401677
272622	91	1.73658564400525e-06	52401677
272623	137	2.61442014537054e-06	52401677
272624	1	1.90833587253324e-08	52401677
272626	18	3.43500457055983e-07	52401677
272630	77	1.46941862185059e-06	52401677
272631	1	1.90833587253324e-08	52401677
272635	1	1.90833587253324e-08	52401677
272831	28	5.34334044309307e-07	52401677
272942	20	3.81667174506648e-07	52401677
272943	3	5.72500761759972e-08	52401677
272947	3	5.72500761759972e-08	52401677
273119	6	1.14500152351994e-07	52401677
273133	25	4.7708396813331e-07	52401677
278137	12	2.29000304703989e-07	52401677
278197	14	2.67167022154654e-07	52401677
279238	46	8.7783450136529e-07	52401677
279808	9	1.71750228527992e-07	52401677
280463	36	6.87000914111966e-07	52401677
280699	11	2.09916945978656e-07	52401677
280701	1	1.90833587253324e-08	52401677
281090	26	4.96167326858642e-07	52401677
281310	7	1.33583511077327e-07	52401677
282458	1	1.90833587253324e-08	52401677
283007	1	1.90833587253324e-08	52401677
284591	26	4.96167326858642e-07	52401677
284592	17	3.24417098330651e-07	52401677
284593	18	3.43500457055983e-07	52401677
284811	7	1.33583511077327e-07	52401677
284812	10	1.90833587253324e-07	52401677
288000	98	1.87016915508257e-06	52401677
288705	47	8.96917860090623e-07	52401677
289380	6	1.14500152351994e-07	52401677
290317	2	3.81667174506648e-08	52401677
290338	18	3.43500457055983e-07	52401677
290339	20	3.81667174506648e-07	52401677
290340	254	4.84717311623443e-06	52401677
290397	13	2.48083663429321e-07	52401677
290398	1	1.90833587253324e-08	52401677
290399	102	1.9465025899839e-06	52401677
290400	8	1.52666869802659e-07	52401677
290402	5	9.5416793626662e-08	52401677
290633	3	5.72500761759972e-08	52401677
291112	2	3.81667174506648e-08	52401677
291331	19	3.62583815781316e-07	52401677
292414	13	2.48083663429321e-07	52401677
292415	20	3.81667174506648e-07	52401677
292564	15	2.86250380879986e-07	52401677
293613	1	1.90833587253324e-08	52401677
293614	1	1.90833587253324e-08	52401677
294381	3	5.72500761759972e-08	52401677
295405	23	4.38917250682645e-07	52401677
296543	135	2.57625342791987e-06	52401677
296591	226	4.31283907192512e-06	52401677
298653	21	4.0075053323198e-07	52401677
298654	20	3.81667174506648e-07	52401677
299768	2	3.81667174506648e-08	52401677
300267	7	1.33583511077327e-07	52401677
300268	1	1.90833587253324e-08	52401677
300269	1	1.90833587253324e-08	52401677
300852	22	4.19833891957313e-07	52401677
306263	1	1.90833587253324e-08	52401677
306537	8	1.52666869802659e-07	52401677
309800	3	5.72500761759972e-08	52401677
309801	4	7.63334349013296e-08	52401677
309807	1	1.90833587253324e-08	52401677
311402	16	3.05333739605318e-07	52401677
311403	29	5.5341740303464e-07	52401677
311424	1	1.90833587253324e-08	52401677
312153	64	1.22133495842127e-06	52401677
313595	2	3.81667174506648e-08	52401677
313598	7	1.33583511077327e-07	52401677
313603	2	3.81667174506648e-08	52401677
314225	19	3.62583815781316e-07	52401677
314260	3	5.72500761759972e-08	52401677
314282	1	1.90833587253324e-08	52401677
314315	21	4.0075053323198e-07	52401677
314565	100	1.90833587253324e-06	52401677
315730	3	5.72500761759972e-08	52401677
315749	7	1.33583511077327e-07	52401677
315750	3	5.72500761759972e-08	52401677
316055	126	2.40450319939188e-06	52401677
316056	63	1.20225159969594e-06	52401677
316057	75	1.43125190439993e-06	52401677
316058	86	1.64116885037859e-06	52401677
316067	1	1.90833587253324e-08	52401677
316273	39	7.44250990287963e-07	52401677
316274	4	7.63334349013296e-08	52401677
316385	92	1.75566900273058e-06	52401677
316407	5	9.5416793626662e-08	52401677
317655	110	2.09916945978656e-06	52401677
318161	1	1.90833587253324e-08	52401677
318167	8	1.52666869802659e-07	52401677
318586	43	8.20584425189293e-07	52401677
319224	15	2.86250380879986e-07	52401677
319701	37	7.06084272837299e-07	52401677
319795	3	5.72500761759972e-08	52401677
320372	1	1.90833587253324e-08	52401677
320373	16	3.05333739605318e-07	52401677
320388	61	1.16408488224528e-06	52401677
320389	11	2.09916945978656e-07	52401677
321327	1	1.90833587253324e-08	52401677
321332	1	1.90833587253324e-08	52401677
321956	1	1.90833587253324e-08	52401677
321967	19	3.62583815781316e-07	52401677
322019	1	1.90833587253324e-08	52401677
322104	3	5.72500761759972e-08	52401677
322159	107	2.04191938361057e-06	52401677
322710	46	8.7783450136529e-07	52401677
323097	44	8.39667783914625e-07	52401677
323098	20	3.81667174506648e-07	52401677
323848	2	3.81667174506648e-08	52401677
323850	2	3.81667174506648e-08	52401677
324602	2	3.81667174506648e-08	52401677
324831	6	1.14500152351994e-07	52401677
324925	2	3.81667174506648e-08	52401677
325240	3	5.72500761759972e-08	52401677
326297	8	1.52666869802659e-07	52401677
326423	5	9.5416793626662e-08	52401677
326424	36	6.87000914111966e-07	52401677
326425	6	1.14500152351994e-07	52401677
326426	1	1.90833587253324e-08	52401677
326442	2	3.81667174506648e-08	52401677
329726	3	5.72500761759972e-08	52401677
330214	13	2.48083663429321e-07	52401677
330879	1	1.90833587253324e-08	52401677
331104	4	7.63334349013296e-08	52401677
331111	166	3.16783754840518e-06	52401677
331112	119	2.27091968831456e-06	52401677
331271	146	2.78617037389853e-06	52401677
331272	99	1.88925251380791e-06	52401677
331636	4	7.63334349013296e-08	52401677
333849	7	1.33583511077327e-07	52401677
334380	3	5.72500761759972e-08	52401677
334390	6	1.14500152351994e-07	52401677
334413	21	4.0075053323198e-07	52401677
335283	20	3.81667174506648e-07	52401677
335284	10	1.90833587253324e-07	52401677
335541	8	1.52666869802659e-07	52401677
335543	3	5.72500761759972e-08	52401677
335659	134	2.55717006919454e-06	52401677
336982	26	4.96167326858642e-07	52401677
337191	18	3.43500457055983e-07	52401677
338187	1681	3.20791260172838e-05	52401677
338963	5	9.5416793626662e-08	52401677
338966	18	3.43500457055983e-07	52401677
338969	132	2.51900335174388e-06	52401677
339670	438	8.35851112169559e-06	52401677
340100	220	4.19833891957313e-06	52401677
340322	48	9.16001218815955e-07	52401677
340907	6	1.14500152351994e-07	52401677
342108	38	7.25167631562631e-07	52401677
342109	13	2.48083663429321e-07	52401677
342451	11	2.09916945978656e-07	52401677
344021	1	1.90833587253324e-08	52401677
344609	61	1.16408488224528e-06	52401677
345073	12	2.29000304703989e-07	52401677
345219	2	3.81667174506648e-08	52401677
347253	34	6.48834196661301e-07	52401677
347256	8	1.52666869802659e-07	52401677
347324	3	5.72500761759972e-08	52401677
347515	6	1.14500152351994e-07	52401677
347834	12	2.29000304703989e-07	52401677
348535	2	3.81667174506648e-08	52401677
349101	39	7.44250990287963e-07	52401677
349102	24	4.58000609407978e-07	52401677
349106	6	1.14500152351994e-07	52401677
349124	12	2.29000304703989e-07	52401677
349163	10	1.90833587253324e-07	52401677
349215	5	9.5416793626662e-08	52401677
349519	9	1.71750228527992e-07	52401677
349741	26	4.96167326858642e-07	52401677
349746	2	3.81667174506648e-08	52401677
350054	21	4.0075053323198e-07	52401677
350058	19	3.62583815781316e-07	52401677
351348	20	3.81667174506648e-07	52401677
351605	6	1.14500152351994e-07	52401677
351607	8	1.52666869802659e-07	52401677
351745	17	3.24417098330651e-07	52401677
351746	81	1.54575205675192e-06	52401677
352914	31	5.91584120485304e-07	52401677
353151	27	5.15250685583975e-07	52401677
353152	21	4.0075053323198e-07	52401677
353153	27	5.15250685583975e-07	52401677
353154	2	3.81667174506648e-08	52401677
354242	2	3.81667174506648e-08	52401677
354260	2	3.81667174506648e-08	52401677
355278	2	3.81667174506648e-08	52401677
357244	3	5.72500761759972e-08	52401677
357348	42	8.01501066463961e-07	52401677
357804	4	7.63334349013296e-08	52401677
357808	4	7.63334349013296e-08	52401677
357809	16	3.05333739605318e-07	52401677
358220	2418	4.61435613978537e-05	52401677
358681	13	2.48083663429321e-07	52401677
359786	28	5.34334044309307e-07	52401677
359787	1	1.90833587253324e-08	52401677
360094	43	8.20584425189293e-07	52401677
360095	3	5.72500761759972e-08	52401677
360102	22	4.19833891957313e-07	52401677
360104	4	7.63334349013296e-08	52401677
360105	2	3.81667174506648e-08	52401677
360106	2	3.81667174506648e-08	52401677
360107	3	5.72500761759972e-08	52401677
360109	5	9.5416793626662e-08	52401677
360910	22	4.19833891957313e-07	52401677
360911	8	1.52666869802659e-07	52401677
362242	13	2.48083663429321e-07	52401677
362663	213	4.0647554084958e-06	52401677
362948	3	5.72500761759972e-08	52401677
365044	409	7.80509371866095e-06	52401677
365046	398	7.59517677268229e-06	52401677
365659	145	2.7670870151732e-06	52401677
366394	11	2.09916945978656e-07	52401677
366602	57	1.08775144734395e-06	52401677
367737	12	2.29000304703989e-07	52401677
367775	42	8.01501066463961e-07	52401677
367928	32	6.10667479210637e-07	52401677
368407	1	1.90833587253324e-08	52401677
369723	22	4.19833891957313e-07	52401677
370354	4	7.63334349013296e-08	52401677
370554	6	1.14500152351994e-07	52401677
372461	4	7.63334349013296e-08	52401677
373153	101	1.92741923125857e-06	52401677
373384	298	5.68684090014905e-06	52401677
373903	1	1.90833587253324e-08	52401677
374463	1	1.90833587253324e-08	52401677
374833	6	1.14500152351994e-07	52401677
374930	5	9.5416793626662e-08	52401677
374931	2	3.81667174506648e-08	52401677
375286	45	8.58751142639958e-07	52401677
375451	2	3.81667174506648e-08	52401677
376686	107	2.04191938361057e-06	52401677
376758	23	4.38917250682645e-07	52401677
377628	14	2.67167022154654e-07	52401677
378753	84	1.60300213292792e-06	52401677
378806	7	1.33583511077327e-07	52401677
379066	7	1.33583511077327e-07	52401677
379731	207	3.95025525614381e-06	52401677
380358	40	7.63334349013296e-07	52401677
380394	13	2.48083663429321e-07	52401677
380703	32	6.10667479210637e-07	52401677
380749	1	1.90833587253324e-08	52401677
381666	185	3.53042136418649e-06	52401677
381754	159	3.03425403732785e-06	52401677
382245	55	1.04958472989328e-06	52401677
382638	6	1.14500152351994e-07	52401677
382640	4	7.63334349013296e-08	52401677
383372	2	3.81667174506648e-08	52401677
383379	2	3.81667174506648e-08	52401677
383407	11	2.09916945978656e-07	52401677
383629	1	1.90833587253324e-08	52401677
384676	145	2.7670870151732e-06	52401677
386043	18	3.43500457055983e-07	52401677
386415	9	1.71750228527992e-07	52401677
386585	47	8.96917860090623e-07	52401677
386656	10	1.90833587253324e-07	52401677
387092	3	5.72500761759972e-08	52401677
387344	59	1.12591816479461e-06	52401677
387909	1	1.90833587253324e-08	52401677
388396	1	1.90833587253324e-08	52401677
388919	46	8.7783450136529e-07	52401677
390235	95	1.81291907890658e-06	52401677
390333	50	9.5416793626662e-07	52401677
391008	161	3.07242075477852e-06	52401677
391037	9	1.71750228527992e-07	52401677
391038	29	5.5341740303464e-07	52401677
391165	16	3.05333739605318e-07	52401677
391295	80	1.52666869802659e-06	52401677
391296	64	1.22133495842127e-06	52401677
391595	1	1.90833587253324e-08	52401677
391616	2	3.81667174506648e-08	52401677
391619	3	5.72500761759972e-08	52401677
391735	277	5.28609036691707e-06	52401677
391774	5	9.5416793626662e-08	52401677
391896	1	1.90833587253324e-08	52401677
391904	9	1.71750228527992e-07	52401677
392499	108	2.0610027423359e-06	52401677
393011	9	1.71750228527992e-07	52401677
393115	2	3.81667174506648e-08	52401677
393127	1	1.90833587253324e-08	52401677
393133	3	5.72500761759972e-08	52401677
393305	5	9.5416793626662e-08	52401677
393595	5	9.5416793626662e-08	52401677
394221	9	1.71750228527992e-07	52401677
394503	5	9.5416793626662e-08	52401677
395019	274	5.22884029074108e-06	52401677
395491	16	3.05333739605318e-07	52401677
395492	23	4.38917250682645e-07	52401677
395494	20	3.81667174506648e-07	52401677
395495	487	9.29359569923688e-06	52401677
395960	102	1.9465025899839e-06	52401677
395961	7	1.33583511077327e-07	52401677
395962	1	1.90833587253324e-08	52401677
395963	14	2.67167022154654e-07	52401677
395965	7	1.33583511077327e-07	52401677
396513	7	1.33583511077327e-07	52401677
396588	31	5.91584120485304e-07	52401677
396595	3	5.72500761759972e-08	52401677
397945	519	9.90426317844751e-06	52401677
398511	1	1.90833587253324e-08	52401677
398527	85	1.62208549165325e-06	52401677
398577	54	1.03050137116795e-06	52401677
398578	860	1.64116885037859e-05	52401677
398580	9	1.71750228527992e-07	52401677
398767	3	5.72500761759972e-08	52401677
398839	1	1.90833587253324e-08	52401677
399739	139	2.6525868628212e-06	52401677
399741	14	2.67167022154654e-07	52401677
399742	10	1.90833587253324e-07	52401677
399781	2	3.81667174506648e-08	52401677
399804	6	1.14500152351994e-07	52401677
400667	80	1.52666869802659e-06	52401677
400668	2	3.81667174506648e-08	52401677
400673	2	3.81667174506648e-08	52401677
400756	38	7.25167631562631e-07	52401677
401053	8	1.52666869802659e-07	52401677
401473	8	1.52666869802659e-07	52401677
401614	1	1.90833587253324e-08	52401677
402612	51	9.73251294991952e-07	52401677
402626	218	4.16017220212246e-06	52401677
402881	34	6.48834196661301e-07	52401677
402882	1	1.90833587253324e-08	52401677
403677	155	2.95792060242652e-06	52401677
404380	11	2.09916945978656e-07	52401677
404589	21	4.0075053323198e-07	52401677
405416	55	1.04958472989328e-06	52401677
405440	6	1.14500152351994e-07	52401677
405532	3	5.72500761759972e-08	52401677
405534	3	5.72500761759972e-08	52401677
405566	24	4.58000609407978e-07	52401677
405948	35	6.67917555386634e-07	52401677
405955	149	2.84342045007453e-06	52401677
406425	43	8.20584425189293e-07	52401677
406818	1	1.90833587253324e-08	52401677
407976	4	7.63334349013296e-08	52401677
409438	13	2.48083663429321e-07	52401677
410289	447	8.53026135022358e-06	52401677
411154	2	3.81667174506648e-08	52401677
412022	23	4.38917250682645e-07	52401677
412030	33	6.29750837935969e-07	52401677
412133	9	1.71750228527992e-07	52401677
412694	15	2.86250380879986e-07	52401677
413404	2	3.81667174506648e-08	52401677
413949	8	1.52666869802659e-07	52401677
413997	25	4.7708396813331e-07	52401677
413999	3	5.72500761759972e-08	52401677
414684	15	2.86250380879986e-07	52401677
416276	1	1.90833587253324e-08	52401677
416344	20	3.81667174506648e-07	52401677
416348	1	1.90833587253324e-08	52401677
416870	75	1.43125190439993e-06	52401677
418127	3	5.72500761759972e-08	52401677
419610	122	2.32816976449055e-06	52401677
419947	466	8.8928451660049e-06	52401677
420246	13	2.48083663429321e-07	52401677
420247	3	5.72500761759972e-08	52401677
420662	417	7.95776058846361e-06	52401677
423211	2	3.81667174506648e-08	52401677
423212	1	1.90833587253324e-08	52401677
423368	38	7.25167631562631e-07	52401677
423536	70	1.33583511077327e-06	52401677
424182	54	1.03050137116795e-06	52401677
425011	39	7.44250990287963e-07	52401677
426114	45	8.58751142639958e-07	52401677
426117	52	9.92334653717285e-07	52401677
426355	181	3.45408792928516e-06	52401677
426430	33	6.29750837935969e-07	52401677
428406	217	4.14108884339713e-06	52401677
429009	7	1.33583511077327e-07	52401677
430066	1	1.90833587253324e-08	52401677
431895	12	2.29000304703989e-07	52401677
431943	4	7.63334349013296e-08	52401677
431946	2	3.81667174506648e-08	52401677
431947	3	5.72500761759972e-08	52401677
434922	2	3.81667174506648e-08	52401677
435258	10	1.90833587253324e-07	52401677
435590	278	5.30517372564241e-06	52401677
435591	41	7.82417707738628e-07	52401677
435998	10	1.90833587253324e-07	52401677
436308	2	3.81667174506648e-08	52401677
436717	26	4.96167326858642e-07	52401677
438753	39	7.44250990287963e-07	52401677
439235	1	1.90833587253324e-08	52401677
439375	187	3.56858808163716e-06	52401677
439843	32648	0.000623033495664652	52401677
439851	1	1.90833587253324e-08	52401677
439855	54	1.03050137116795e-06	52401677
440085	78	1.48850198057593e-06	52401677
441375	32	6.10667479210637e-07	52401677
441620	107	2.04191938361057e-06	52401677
441768	2	3.81667174506648e-08	52401677
442563	6	1.14500152351994e-07	52401677
443143	6	1.14500152351994e-07	52401677
443144	9	1.71750228527992e-07	52401677
443218	4	7.63334349013296e-08	52401677
443906	50	9.5416793626662e-07	52401677
444177	4	7.63334349013296e-08	52401677
444178	23	4.38917250682645e-07	52401677
444179	2	3.81667174506648e-08	52401677
444450	3	5.72500761759972e-08	52401677
445932	1	1.90833587253324e-08	52401677
446462	25	4.7708396813331e-07	52401677
446465	34	6.48834196661301e-07	52401677
446466	27	5.15250685583975e-07	52401677
446468	17	3.24417098330651e-07	52401677
446469	24	4.58000609407978e-07	52401677
446470	10	1.90833587253324e-07	52401677
446471	6	1.14500152351994e-07	52401677
447217	13	2.48083663429321e-07	52401677
448385	75	1.43125190439993e-06	52401677
449447	1	1.90833587253324e-08	52401677
450851	33	6.29750837935969e-07	52401677
451516	7	1.33583511077327e-07	52401677
452471	4	7.63334349013296e-08	52401677
452637	22	4.19833891957313e-07	52401677
452638	30	5.72500761759972e-07	52401677
452652	27	5.15250685583975e-07	52401677
452662	127	2.42358655811721e-06	52401677
452863	49	9.35084577541287e-07	52401677
454169	32470	0.000619636657811543	52401677
455488	10	1.90833587253324e-07	52401677
455632	26	4.96167326858642e-07	52401677
456481	2	3.81667174506648e-08	52401677
457425	20	3.81667174506648e-07	52401677
458233	6	1.14500152351994e-07	52401677
459424	3	5.72500761759972e-08	52401677
460265	39	7.44250990287963e-07	52401677
464988	4	7.63334349013296e-08	52401677
465515	176	3.3586711356585e-06	52401677
465817	7	1.33583511077327e-07	52401677
467705	41	7.82417707738628e-07	52401677
469008	6	1.14500152351994e-07	52401677
469371	30	5.72500761759972e-07	52401677
469383	26	4.96167326858642e-07	52401677
469604	13	2.48083663429321e-07	52401677
469607	28	5.34334044309307e-07	52401677
470137	1	1.90833587253324e-08	52401677
471223	8	1.52666869802659e-07	52401677
471821	1	1.90833587253324e-08	52401677
471852	32	6.10667479210637e-07	52401677
471853	19	3.62583815781316e-07	52401677
471854	11	2.09916945978656e-07	52401677
471855	1	1.90833587253324e-08	52401677
471856	6	1.14500152351994e-07	52401677
471857	8	1.52666869802659e-07	52401677
471876	33	6.29750837935969e-07	52401677
474186	2	3.81667174506648e-08	52401677
476213	2	3.81667174506648e-08	52401677
477641	29	5.5341740303464e-07	52401677
477974	2	3.81667174506648e-08	52401677
478433	284	5.4196738779944e-06	52401677
478434	291	5.55325738907173e-06	52401677
478801	23	4.38917250682645e-07	52401677
479431	58	1.10683480606928e-06	52401677
479432	33	6.29750837935969e-07	52401677
479433	20	3.81667174506648e-07	52401677
479434	4	7.63334349013296e-08	52401677
479435	29	5.5341740303464e-07	52401677
479436	27	5.15250685583975e-07	52401677
479437	13	2.48083663429321e-07	52401677
480119	184	3.51133800546116e-06	52401677
481448	6	1.14500152351994e-07	52401677
481743	9	1.71750228527992e-07	52401677
481805	367	7.00359265219699e-06	52401677
481877	10	1.90833587253324e-07	52401677
482957	111	2.1182528185119e-06	52401677
483179	18	3.43500457055983e-07	52401677
483219	12	2.29000304703989e-07	52401677
484021	63	1.20225159969594e-06	52401677
484906	12	2.29000304703989e-07	52401677
485915	1	1.90833587253324e-08	52401677
485916	3	5.72500761759972e-08	52401677
485917	14	2.67167022154654e-07	52401677
485918	15	2.86250380879986e-07	52401677
486410	66	1.25950167587194e-06	52401677
487213	34	6.48834196661301e-07	52401677
487214	29	5.5341740303464e-07	52401677
487215	5	9.5416793626662e-08	52401677
487521	8	1.52666869802659e-07	52401677
488221	5	9.5416793626662e-08	52401677
488222	4	7.63334349013296e-08	52401677
488223	13	2.48083663429321e-07	52401677
489653	13	2.48083663429321e-07	52401677
490759	1	1.90833587253324e-08	52401677
491915	33	6.29750837935969e-07	52401677
491916	18	3.43500457055983e-07	52401677
491952	3	5.72500761759972e-08	52401677
497965	1	1.90833587253324e-08	52401677
497978	15	2.86250380879986e-07	52401677
498211	10	1.90833587253324e-07	52401677
498216	4	7.63334349013296e-08	52401677
498217	4	7.63334349013296e-08	52401677
498761	4	7.63334349013296e-08	52401677
502025	14	2.67167022154654e-07	52401677
502801	2	3.81667174506648e-08	52401677
504472	15	2.86250380879986e-07	52401677
504474	14	2.67167022154654e-07	52401677
504728	11	2.09916945978656e-07	52401677
504832	125	2.38541984066655e-06	52401677
505682	4	7.63334349013296e-08	52401677
507522	71	1.3549184694986e-06	52401677
508765	3	5.72500761759972e-08	52401677
508771	23	4.38917250682645e-07	52401677
509169	177	3.37775449438383e-06	52401677
509170	48	9.16001218815955e-07	52401677
509173	116	2.21366961213856e-06	52401677
509190	31	5.91584120485304e-07	52401677
510516	25	4.7708396813331e-07	52401677
511051	1	1.90833587253324e-08	52401677
511062	8	1.52666869802659e-07	52401677
511691	7	1.33583511077327e-07	52401677
511995	2	3.81667174506648e-08	52401677
512565	25	4.7708396813331e-07	52401677
512566	17	3.24417098330651e-07	52401677
515619	95	1.81291907890658e-06	52401677
515620	16	3.05333739605318e-07	52401677
515622	1	1.90833587253324e-08	52401677
516950	93	1.77475236145591e-06	52401677
517417	5	9.5416793626662e-08	52401677
517418	1	1.90833587253324e-08	52401677
518766	5	9.5416793626662e-08	52401677
521006	7	1.33583511077327e-07	52401677
521011	8	1.52666869802659e-07	52401677
521045	2	3.81667174506648e-08	52401677
521096	15	2.86250380879986e-07	52401677
521097	3	5.72500761759972e-08	52401677
521098	4	7.63334349013296e-08	52401677
521460	3	5.72500761759972e-08	52401677
521674	5	9.5416793626662e-08	52401677
522306	55	1.04958472989328e-06	52401677
522373	207	3.95025525614381e-06	52401677
523791	2	3.81667174506648e-08	52401677
523794	11	2.09916945978656e-07	52401677
525146	3	5.72500761759972e-08	52401677
525284	36	6.87000914111966e-07	52401677
525381	19	3.62583815781316e-07	52401677
525897	7	1.33583511077327e-07	52401677
525898	1	1.90833587253324e-08	52401677
525903	2	3.81667174506648e-08	52401677
525909	24	4.58000609407978e-07	52401677
525919	3	5.72500761759972e-08	52401677
526222	2	3.81667174506648e-08	52401677
526225	36	6.87000914111966e-07	52401677
526226	52	9.92334653717285e-07	52401677
526227	24	4.58000609407978e-07	52401677
529120	2	3.81667174506648e-08	52401677
529507	2	3.81667174506648e-08	52401677
530564	5	9.5416793626662e-08	52401677
531844	24	4.58000609407978e-07	52401677
532075	1	1.90833587253324e-08	52401677
535289	821	1.56674375134979e-05	52401677
536019	32	6.10667479210637e-07	52401677
536056	54	1.03050137116795e-06	52401677
536230	5	9.5416793626662e-08	52401677
543728	862	1.64498552212365e-05	52401677
543734	8	1.52666869802659e-07	52401677
543891	157	2.99608731987719e-06	52401677
543913	142	2.7098369389972e-06	52401677
544556	8	1.52666869802659e-07	52401677
545693	2	3.81667174506648e-08	52401677
545695	2	3.81667174506648e-08	52401677
546269	2	3.81667174506648e-08	52401677
546271	10	1.90833587253324e-07	52401677
546342	1	1.90833587253324e-08	52401677
546414	3	5.72500761759972e-08	52401677
547558	1	1.90833587253324e-08	52401677
548473	20	3.81667174506648e-07	52401677
548476	16	3.05333739605318e-07	52401677
550540	5	9.5416793626662e-08	52401677
550542	8	1.52666869802659e-07	52401677
551895	5	9.5416793626662e-08	52401677
552526	16	3.05333739605318e-07	52401677
553174	11	2.09916945978656e-07	52401677
553190	55	1.04958472989328e-06	52401677
553199	5940	0.000113355150828474	52401677
553482	6	1.14500152351994e-07	52401677
555778	7	1.33583511077327e-07	52401677
556484	47	8.96917860090623e-07	52401677
557393	4	7.63334349013296e-08	52401677
557598	33	6.29750837935969e-07	52401677
557599	13	2.48083663429321e-07	52401677
557600	19	3.62583815781316e-07	52401677
557722	334	6.37384181426102e-06	52401677
557760	20	3.81667174506648e-07	52401677
559292	1609	3.07051241890598e-05	52401677
559295	61	1.16408488224528e-06	52401677
559307	34	6.48834196661301e-07	52401677
561229	12	2.29000304703989e-07	52401677
561230	5	9.5416793626662e-08	52401677
561231	3	5.72500761759972e-08	52401677
561276	43	8.20584425189293e-07	52401677
561304	1	1.90833587253324e-08	52401677
562019	1	1.90833587253324e-08	52401677
562970	4	7.63334349013296e-08	52401677
563178	1	1.90833587253324e-08	52401677
564886	2	3.81667174506648e-08	52401677
565040	9	1.71750228527992e-07	52401677
565042	5	9.5416793626662e-08	52401677
565050	23	4.38917250682645e-07	52401677
565655	10	1.90833587253324e-07	52401677
568206	1	1.90833587253324e-08	52401677
568703	2	3.81667174506648e-08	52401677
568706	14	2.67167022154654e-07	52401677
568707	29	5.5341740303464e-07	52401677
568814	40	7.63334349013296e-07	52401677
568816	6	1.14500152351994e-07	52401677
568819	1	1.90833587253324e-08	52401677
571800	26	4.96167326858642e-07	52401677
572307	4	7.63334349013296e-08	52401677
572418	2	3.81667174506648e-08	52401677
572477	11	2.09916945978656e-07	52401677
572480	9	1.71750228527992e-07	52401677
572547	2	3.81667174506648e-08	52401677
573059	5	9.5416793626662e-08	52401677
573065	3	5.72500761759972e-08	52401677
573234	2	3.81667174506648e-08	52401677
573235	10	1.90833587253324e-07	52401677
573370	10	1.90833587253324e-07	52401677
573729	34	6.48834196661301e-07	52401677
573826	4	7.63334349013296e-08	52401677
574093	8	1.52666869802659e-07	52401677
574521	3	5.72500761759972e-08	52401677
575540	6	1.14500152351994e-07	52401677
575614	6	1.14500152351994e-07	52401677
575788	4	7.63334349013296e-08	52401677
577650	6	1.14500152351994e-07	52401677
578455	48	9.16001218815955e-07	52401677
579138	2	3.81667174506648e-08	52401677
579405	13	2.48083663429321e-07	52401677
580050	6	1.14500152351994e-07	52401677
580327	4	7.63334349013296e-08	52401677
580332	21	4.0075053323198e-07	52401677
581103	8	1.52666869802659e-07	52401677
582744	16	3.05333739605318e-07	52401677
582899	14	2.67167022154654e-07	52401677
583345	28	5.34334044309307e-07	52401677
583346	4	7.63334349013296e-08	52401677
583355	3	5.72500761759972e-08	52401677
585035	3	5.72500761759972e-08	52401677
585054	50	9.5416793626662e-07	52401677
585055	6	1.14500152351994e-07	52401677
585056	20	3.81667174506648e-07	52401677
585057	43	8.20584425189293e-07	52401677
585394	42	8.01501066463961e-07	52401677
585395	3	5.72500761759972e-08	52401677
585396	32652	0.000623109829099553	52401677
585397	3	5.72500761759972e-08	52401677
589865	4	7.63334349013296e-08	52401677
590409	4	7.63334349013296e-08	52401677
590998	19	3.62583815781316e-07	52401677
591001	4	7.63334349013296e-08	52401677
591020	1	1.90833587253324e-08	52401677
591167	12	2.29000304703989e-07	52401677
591365	8	1.52666869802659e-07	52401677
591946	1	1.90833587253324e-08	52401677
592022	2	3.81667174506648e-08	52401677
592316	3	5.72500761759972e-08	52401677
593588	1	1.90833587253324e-08	52401677
593750	1	1.90833587253324e-08	52401677
593907	11	2.09916945978656e-07	52401677
595494	4	7.63334349013296e-08	52401677
595495	50	9.5416793626662e-07	52401677
595496	32	6.10667479210637e-07	52401677
595499	1	1.90833587253324e-08	52401677
595528	24	4.58000609407978e-07	52401677
595537	736	1.40453520218446e-05	52401677
596153	684	1.30530173681274e-05	52401677
596154	533	1.01714302006022e-05	52401677
598659	2	3.81667174506648e-08	52401677
600809	2	3.81667174506648e-08	52401677
604162	7	1.33583511077327e-07	52401677
608506	1	1.90833587253324e-08	52401677
610130	11	2.09916945978656e-07	52401677
617121	13	2.48083663429321e-07	52401677
622759	16	3.05333739605318e-07	52401677
626418	55	1.04958472989328e-06	52401677
627192	77	1.46941862185059e-06	52401677
630588	2	3.81667174506648e-08	52401677
630626	7	1.33583511077327e-07	52401677
632772	57	1.08775144734395e-06	52401677
633147	4	7.63334349013296e-08	52401677
633149	39	7.44250990287963e-07	52401677
633699	5	9.5416793626662e-08	52401677
634176	1	1.90833587253324e-08	52401677
634177	1	1.90833587253324e-08	52401677
634452	2	3.81667174506648e-08	52401677
634456	1	1.90833587253324e-08	52401677
634498	2	3.81667174506648e-08	52401677
634499	3	5.72500761759972e-08	52401677
634500	32	6.10667479210637e-07	52401677
634956	5	9.5416793626662e-08	52401677
635013	2	3.81667174506648e-08	52401677
637379	71	1.3549184694986e-06	52401677
637909	7	1.33583511077327e-07	52401677
637910	3	5.72500761759972e-08	52401677
639282	3	5.72500761759972e-08	52401677
639283	34	6.48834196661301e-07	52401677
640081	73	1.39308518694927e-06	52401677
640131	58	1.10683480606928e-06	52401677
640132	2	3.81667174506648e-08	52401677
640510	26	4.96167326858642e-07	52401677
640511	36	6.87000914111966e-07	52401677
640512	29	5.5341740303464e-07	52401677
640513	17	3.24417098330651e-07	52401677
641491	9	1.71750228527992e-07	52401677
643561	415	7.91959387101295e-06	52401677
643562	4	7.63334349013296e-08	52401677
643648	2	3.81667174506648e-08	52401677
643867	10	1.90833587253324e-07	52401677
644007	1	1.90833587253324e-08	52401677
644042	5	9.5416793626662e-08	52401677
644223	2	3.81667174506648e-08	52401677
644282	9	1.71750228527992e-07	52401677
644283	24	4.58000609407978e-07	52401677
644284	4	7.63334349013296e-08	52401677
644651	1	1.90833587253324e-08	52401677
644801	56	1.06866808861861e-06	52401677
644966	9	1.71750228527992e-07	52401677
645127	71	1.3549184694986e-06	52401677
645463	3	5.72500761759972e-08	52401677
645464	1	1.90833587253324e-08	52401677
646529	5	9.5416793626662e-08	52401677
648757	11	2.09916945978656e-07	52401677
648996	2	3.81667174506648e-08	52401677
648999	19	3.62583815781316e-07	52401677
649349	1	1.90833587253324e-08	52401677
649638	2	3.81667174506648e-08	52401677
649639	3	5.72500761759972e-08	52401677
649831	28	5.34334044309307e-07	52401677
651182	5	9.5416793626662e-08	52401677
651822	2	3.81667174506648e-08	52401677
652103	79	1.50758533930126e-06	52401677
652616	5	9.5416793626662e-08	52401677
653045	30	5.72500761759972e-07	52401677
653733	2	3.81667174506648e-08	52401677
653938	22	4.19833891957313e-07	52401677
655815	1	1.90833587253324e-08	52401677
656024	4	7.63334349013296e-08	52401677
657308	10	1.90833587253324e-07	52401677
657309	55	1.04958472989328e-06	52401677
657310	4	7.63334349013296e-08	52401677
657313	57	1.08775144734395e-06	52401677
657314	47	8.96917860090623e-07	52401677
657315	38	7.25167631562631e-07	52401677
657316	36	6.87000914111966e-07	52401677
657317	90	1.71750228527992e-06	52401677
657318	105	2.0037526661599e-06	52401677
657319	13	2.48083663429321e-07	52401677
657321	70	1.33583511077327e-06	52401677
657322	54	1.03050137116795e-06	52401677
657323	75	1.43125190439993e-06	52401677
658172	1	1.90833587253324e-08	52401677
660470	2	3.81667174506648e-08	52401677
661367	10	1.90833587253324e-07	52401677
661410	51	9.73251294991952e-07	52401677
662598	6	1.14500152351994e-07	52401677
662755	5	9.5416793626662e-08	52401677
663278	1	1.90833587253324e-08	52401677
663917	4	7.63334349013296e-08	52401677
663951	1	1.90833587253324e-08	52401677
663954	127	2.42358655811721e-06	52401677
665029	1	1.90833587253324e-08	52401677
666681	33	6.29750837935969e-07	52401677
666685	30	5.72500761759972e-07	52401677
667015	6	1.14500152351994e-07	52401677
668336	2	3.81667174506648e-08	52401677
669502	1	1.90833587253324e-08	52401677
670307	15	2.86250380879986e-07	52401677
670487	4	7.63334349013296e-08	52401677
675635	24	4.58000609407978e-07	52401677
679897	2	3.81667174506648e-08	52401677
679935	24	4.58000609407978e-07	52401677
680198	19	3.62583815781316e-07	52401677
680646	57	1.08775144734395e-06	52401677
682634	4	7.63334349013296e-08	52401677
682795	15	2.86250380879986e-07	52401677
683837	3	5.72500761759972e-08	52401677
684738	98	1.87016915508257e-06	52401677
685727	35	6.67917555386634e-07	52401677
688245	268	5.11434013838908e-06	52401677
688270	8	1.52666869802659e-07	52401677
690566	67	1.27858503459727e-06	52401677
690850	3	5.72500761759972e-08	52401677
691437	10	1.90833587253324e-07	52401677
693216	6	1.14500152351994e-07	52401677
693444	9	1.71750228527992e-07	52401677
693970	1	1.90833587253324e-08	52401677
693974	5	9.5416793626662e-08	52401677
693977	5	9.5416793626662e-08	52401677
693978	3	5.72500761759972e-08	52401677
693979	1	1.90833587253324e-08	52401677
693982	10	1.90833587253324e-07	52401677
694427	4	7.63334349013296e-08	52401677
694430	1	1.90833587253324e-08	52401677
694569	2	3.81667174506648e-08	52401677
695560	12	2.29000304703989e-07	52401677
695562	3	5.72500761759972e-08	52401677
696125	2	3.81667174506648e-08	52401677
696216	6	1.14500152351994e-07	52401677
696749	14	2.67167022154654e-07	52401677
697283	6	1.14500152351994e-07	52401677
697329	10	1.90833587253324e-07	52401677
698737	4	7.63334349013296e-08	52401677
698758	10	1.90833587253324e-07	52401677
698761	7	1.33583511077327e-07	52401677
698948	4	7.63334349013296e-08	52401677
698965	2	3.81667174506648e-08	52401677
698966	1	1.90833587253324e-08	52401677
698967	4	7.63334349013296e-08	52401677
698969	3	5.72500761759972e-08	52401677
698970	2	3.81667174506648e-08	52401677
698973	14	2.67167022154654e-07	52401677
699032	3	5.72500761759972e-08	52401677
699037	5	9.5416793626662e-08	52401677
700015	1	1.90833587253324e-08	52401677
700508	16	3.05333739605318e-07	52401677
700598	35	6.67917555386634e-07	52401677
701347	15	2.86250380879986e-07	52401677
701521	4	7.63334349013296e-08	52401677
702113	59	1.12591816479461e-06	52401677
702459	5	9.5416793626662e-08	52401677
706191	7	1.33583511077327e-07	52401677
706194	1	1.90833587253324e-08	52401677
706587	3	5.72500761759972e-08	52401677
707235	2	3.81667174506648e-08	52401677
707241	5	9.5416793626662e-08	52401677
707757	5	9.5416793626662e-08	52401677
709032	5	9.5416793626662e-08	52401677
709986	6	1.14500152351994e-07	52401677
709991	13	2.48083663429321e-07	52401677
710421	8	1.52666869802659e-07	52401677
710685	10	1.90833587253324e-07	52401677
710686	7	1.33583511077327e-07	52401677
710696	29	5.5341740303464e-07	52401677
712898	8	1.52666869802659e-07	52401677
712961	8	1.52666869802659e-07	52401677
713604	12	2.29000304703989e-07	52401677
713887	3	5.72500761759972e-08	52401677
716540	2	3.81667174506648e-08	52401677
716541	73	1.39308518694927e-06	52401677
716544	3	5.72500761759972e-08	52401677
717605	2	3.81667174506648e-08	52401677
717608	12	2.29000304703989e-07	52401677
717774	3	5.72500761759972e-08	52401677
717785	15	2.86250380879986e-07	52401677
717959	13	2.48083663429321e-07	52401677
717960	8	1.52666869802659e-07	52401677
717961	7	1.33583511077327e-07	52401677
717962	35	6.67917555386634e-07	52401677
718251	2	3.81667174506648e-08	52401677
718252	43	8.20584425189293e-07	52401677
718254	44	8.39667783914625e-07	52401677
718255	36	6.87000914111966e-07	52401677
718271	2	3.81667174506648e-08	52401677
718274	3	5.72500761759972e-08	52401677
722911	1	1.90833587253324e-08	52401677
741091	12	2.29000304703989e-07	52401677
742013	536	1.02286802767782e-05	52401677
743525	673	1.28431004221487e-05	52401677
743718	20	3.81667174506648e-07	52401677
743720	59	1.12591816479461e-06	52401677
743721	64	1.22133495842127e-06	52401677
743722	6	1.14500152351994e-07	52401677
743965	1	1.90833587253324e-08	52401677
744533	15	2.86250380879986e-07	52401677
745277	6	1.14500152351994e-07	52401677
745310	136	2.59533678664521e-06	52401677
745776	8	1.52666869802659e-07	52401677
746361	21	4.0075053323198e-07	52401677
748247	56	1.06866808861861e-06	52401677
748280	56	1.06866808861861e-06	52401677
748671	21	4.0075053323198e-07	52401677
749219	7	1.33583511077327e-07	52401677
749414	20	3.81667174506648e-07	52401677
749927	19	3.62583815781316e-07	52401677
751585	13	2.48083663429321e-07	52401677
751945	54	1.03050137116795e-06	52401677
754035	25	4.7708396813331e-07	52401677
754252	14	2.67167022154654e-07	52401677
754476	6	1.14500152351994e-07	52401677
754477	21	4.0075053323198e-07	52401677
754507	2	3.81667174506648e-08	52401677
755731	1	1.90833587253324e-08	52401677
755732	9	1.71750228527992e-07	52401677
756272	20	3.81667174506648e-07	52401677
757424	174	3.32050441820784e-06	52401677
757425	1	1.90833587253324e-08	52401677
758793	19	3.62583815781316e-07	52401677
759350	10	1.90833587253324e-07	52401677
759362	1	1.90833587253324e-08	52401677
759913	34	6.48834196661301e-07	52401677
760142	2	3.81667174506648e-08	52401677
760154	8	1.52666869802659e-07	52401677
760192	7	1.33583511077327e-07	52401677
760570	17	3.24417098330651e-07	52401677
761193	1	1.90833587253324e-08	52401677
761659	1	1.90833587253324e-08	52401677
762376	140	2.67167022154654e-06	52401677
762550	1	1.90833587253324e-08	52401677
762570	4	7.63334349013296e-08	52401677
762633	136	2.59533678664521e-06	52401677
762903	19	3.62583815781316e-07	52401677
762948	13	2.48083663429321e-07	52401677
765698	33	6.29750837935969e-07	52401677
765911	5	9.5416793626662e-08	52401677
765912	8	1.52666869802659e-07	52401677
765952	3	5.72500761759972e-08	52401677
767029	13	2.48083663429321e-07	52401677
767031	2	3.81667174506648e-08	52401677
767434	4	7.63334349013296e-08	52401677
767453	4	7.63334349013296e-08	52401677
767455	2	3.81667174506648e-08	52401677
767463	45	8.58751142639958e-07	52401677
767468	6	1.14500152351994e-07	52401677
767817	1	1.90833587253324e-08	52401677
768066	8	1.52666869802659e-07	52401677
768486	1	1.90833587253324e-08	52401677
768490	5	9.5416793626662e-08	52401677
768492	3	5.72500761759972e-08	52401677
797303	3	5.72500761759972e-08	52401677
797304	2	3.81667174506648e-08	52401677
798128	92	1.75566900273058e-06	52401677
798300	2	3.81667174506648e-08	52401677
856793	4	7.63334349013296e-08	52401677
857087	1	1.90833587253324e-08	52401677
858619	19	3.62583815781316e-07	52401677
859655	62	1.18316824097061e-06	52401677
859656	78	1.48850198057593e-06	52401677
859657	60	1.14500152351994e-06	52401677
860228	1	1.90833587253324e-08	52401677
861208	78	1.48850198057593e-06	52401677
861360	38	7.25167631562631e-07	52401677
862719	11	2.09916945978656e-07	52401677
862751	10	1.90833587253324e-07	52401677
862908	2	3.81667174506648e-08	52401677
862962	23	4.38917250682645e-07	52401677
862964	2	3.81667174506648e-08	52401677
862965	23	4.38917250682645e-07	52401677
862966	9	1.71750228527992e-07	52401677
862967	2	3.81667174506648e-08	52401677
862968	2	3.81667174506648e-08	52401677
862969	2	3.81667174506648e-08	52401677
862970	25	4.7708396813331e-07	52401677
862971	9	1.71750228527992e-07	52401677
866536	12	2.29000304703989e-07	52401677
866768	220	4.19833891957313e-06	52401677
866775	1	1.90833587253324e-08	52401677
866777	1	1.90833587253324e-08	52401677
867900	2	3.81667174506648e-08	52401677
867902	3	5.72500761759972e-08	52401677
868131	4	7.63334349013296e-08	52401677
868132	7	1.33583511077327e-07	52401677
868597	161	3.07242075477852e-06	52401677
868864	1	1.90833587253324e-08	52401677
869209	3	5.72500761759972e-08	52401677
869210	6	1.14500152351994e-07	52401677
869212	4	7.63334349013296e-08	52401677
869215	4	7.63334349013296e-08	52401677
869216	3	5.72500761759972e-08	52401677
869269	1	1.90833587253324e-08	52401677
869309	77	1.46941862185059e-06	52401677
869729	11	2.09916945978656e-07	52401677
871585	31	5.91584120485304e-07	52401677
875328	13	2.48083663429321e-07	52401677
879088	7	1.33583511077327e-07	52401677
879243	7	1.33583511077327e-07	52401677
880070	6	1.14500152351994e-07	52401677
880071	3	5.72500761759972e-08	52401677
880072	2	3.81667174506648e-08	52401677
880591	4	7.63334349013296e-08	52401677
880633	3	5.72500761759972e-08	52401677
880758	47	8.96917860090623e-07	52401677
881621	9	1.71750228527992e-07	52401677
882095	17	3.24417098330651e-07	52401677
882096	3	5.72500761759972e-08	52401677
882097	1	1.90833587253324e-08	52401677
882378	12	2.29000304703989e-07	52401677
882884	12	2.29000304703989e-07	52401677
883062	6	1.14500152351994e-07	52401677
884204	3	5.72500761759972e-08	52401677
886293	28	5.34334044309307e-07	52401677
887061	7	1.33583511077327e-07	52401677
889738	9	1.71750228527992e-07	52401677
889932	5	9.5416793626662e-08	52401677
890402	3	5.72500761759972e-08	52401677
891391	6	1.14500152351994e-07	52401677
891968	2	3.81667174506648e-08	52401677
903510	5	9.5416793626662e-08	52401677
905079	24	4.58000609407978e-07	52401677
907265	1	1.90833587253324e-08	52401677
907287	1	1.90833587253324e-08	52401677
908937	3	5.72500761759972e-08	52401677
909420	2	3.81667174506648e-08	52401677
909946	1	1.90833587253324e-08	52401677
909952	479	9.14092882943422e-06	52401677
909954	1	1.90833587253324e-08	52401677
910348	11	2.09916945978656e-07	52401677
911045	8	1.52666869802659e-07	52401677
914127	4	7.63334349013296e-08	52401677
914149	1	1.90833587253324e-08	52401677
926550	8	1.52666869802659e-07	52401677
926556	8	1.52666869802659e-07	52401677
926562	4	7.63334349013296e-08	52401677
926566	8	1.52666869802659e-07	52401677
926570	7	1.33583511077327e-07	52401677
927666	84	1.60300213292792e-06	52401677
927704	1	1.90833587253324e-08	52401677
929102	58	1.10683480606928e-06	52401677
929439	7	1.33583511077327e-07	52401677
929506	1	1.90833587253324e-08	52401677
929556	2	3.81667174506648e-08	52401677
929562	9	1.71750228527992e-07	52401677
930169	12	2.29000304703989e-07	52401677
930171	70	1.33583511077327e-06	52401677
930944	2	3.81667174506648e-08	52401677
931276	6	1.14500152351994e-07	52401677
931281	38	7.25167631562631e-07	52401677
931626	4	7.63334349013296e-08	52401677
931890	14	2.67167022154654e-07	52401677
932677	11	2.09916945978656e-07	52401677
932919	20	3.81667174506648e-07	52401677
935296	51	9.73251294991952e-07	52401677
935588	5	9.5416793626662e-08	52401677
935589	1	1.90833587253324e-08	52401677
935591	5	9.5416793626662e-08	52401677
935593	9	1.71750228527992e-07	52401677
935599	5	9.5416793626662e-08	52401677
936153	4	7.63334349013296e-08	52401677
936154	17	3.24417098330651e-07	52401677
936156	1	1.90833587253324e-08	52401677
936157	2	3.81667174506648e-08	52401677
937777	8	1.52666869802659e-07	52401677
940190	1	1.90833587253324e-08	52401677
940296	3	5.72500761759972e-08	52401677
941193	104	1.98466930743457e-06	52401677
941639	1	1.90833587253324e-08	52401677
942513	2	3.81667174506648e-08	52401677
944546	3	5.72500761759972e-08	52401677
944547	22	4.19833891957313e-07	52401677
945021	22	4.19833891957313e-07	52401677
945556	8	1.52666869802659e-07	52401677
945704	6	1.14500152351994e-07	52401677
945712	1	1.90833587253324e-08	52401677
945713	1	1.90833587253324e-08	52401677
946362	12	2.29000304703989e-07	52401677
946483	15	2.86250380879986e-07	52401677
953739	11	2.09916945978656e-07	52401677
956149	1	1.90833587253324e-08	52401677
977880	138	2.63350350409587e-06	52401677
979556	90	1.71750228527992e-06	52401677
980514	171	3.26325434203184e-06	52401677
981222	4	7.63334349013296e-08	52401677
981368	21	4.0075053323198e-07	52401677
981540	2	3.81667174506648e-08	52401677
983544	13	2.48083663429321e-07	52401677
983548	4	7.63334349013296e-08	52401677
983917	397	7.57609341395696e-06	52401677
984262	4	7.63334349013296e-08	52401677
984892	2	3.81667174506648e-08	52401677
985002	2	3.81667174506648e-08	52401677
985006	1	1.90833587253324e-08	52401677
990288	2	3.81667174506648e-08	52401677
990315	103	1.96558594870924e-06	52401677
990316	24	4.58000609407978e-07	52401677
990317	5	9.5416793626662e-08	52401677
991905	29	5.5341740303464e-07	52401677
994476	3	5.72500761759972e-08	52401677
994484	153	2.91975388497586e-06	52401677
996285	103	1.96558594870924e-06	52401677
998088	13	2.48083663429321e-07	52401677
998820	1	1.90833587253324e-08	52401677
999378	3	5.72500761759972e-08	52401677
999541	69	1.31675175204794e-06	52401677
999552	5	9.5416793626662e-08	52401677
999953	14	2.67167022154654e-07	52401677
1001583	43	8.20584425189293e-07	52401677
1001585	83	1.58391877420259e-06	52401677
1002809	6	1.14500152351994e-07	52401677
1003195	50	9.5416793626662e-07	52401677
1004786	1	1.90833587253324e-08	52401677
1004788	2	3.81667174506648e-08	52401677
1004952	7	1.33583511077327e-07	52401677
1005041	19	3.62583815781316e-07	52401677
1005042	5	9.5416793626662e-08	52401677
1005048	247	4.7135896051571e-06	52401677
1006007	2	3.81667174506648e-08	52401677
1006551	30	5.72500761759972e-07	52401677
1007105	16	3.05333739605318e-07	52401677
1008459	3	5.72500761759972e-08	52401677
1009464	39	7.44250990287963e-07	52401677
1009846	116	2.21366961213856e-06	52401677
1016998	7	1.33583511077327e-07	52401677
1017264	9	1.71750228527992e-07	52401677
1028307	10	1.90833587253324e-07	52401677
1029756	26	4.96167326858642e-07	52401677
1030843	7	1.33583511077327e-07	52401677
1031709	315	6.01125799847971e-06	52401677
1031710	40	7.63334349013296e-07	52401677
1031711	49	9.35084577541287e-07	52401677
1032480	15	2.86250380879986e-07	52401677
1033813	3	5.72500761759972e-08	52401677
1033837	1	1.90833587253324e-08	52401677
1034807	33	6.29750837935969e-07	52401677
1034809	3	5.72500761759972e-08	52401677
1035817	1	1.90833587253324e-08	52401677
1036172	2	3.81667174506648e-08	52401677
1036672	7	1.33583511077327e-07	52401677
1036743	12	2.29000304703989e-07	52401677
1037409	131	2.49991999301854e-06	52401677
1037911	1106	2.11061947502176e-05	52401677
1041826	32	6.10667479210637e-07	52401677
1042156	2	3.81667174506648e-08	52401677
1042876	102	1.9465025899839e-06	52401677
1042878	84	1.60300213292792e-06	52401677
1045854	2	3.81667174506648e-08	52401677
1045855	30	5.72500761759972e-07	52401677
1045856	15	2.86250380879986e-07	52401677
1046624	3	5.72500761759972e-08	52401677
1046629	34	6.48834196661301e-07	52401677
1048260	1	1.90833587253324e-08	52401677
1048332	31	5.91584120485304e-07	52401677
1048689	2	3.81667174506648e-08	52401677
1049565	10	1.90833587253324e-07	52401677
1051072	8	1.52666869802659e-07	52401677
1051074	37	7.06084272837299e-07	52401677
1052588	1	1.90833587253324e-08	52401677
1054217	2	3.81667174506648e-08	52401677
1054460	41	7.82417707738628e-07	52401677
1055530	2	3.81667174506648e-08	52401677
1064535	5	9.5416793626662e-08	52401677
1064539	19	3.62583815781316e-07	52401677
1064592	18	3.43500457055983e-07	52401677
1069533	22	4.19833891957313e-07	52401677
1069534	6	1.14500152351994e-07	52401677
1069642	4	7.63334349013296e-08	52401677
1071378	19	3.62583815781316e-07	52401677
1071381	21	4.0075053323198e-07	52401677
1071382	22	4.19833891957313e-07	52401677
1071400	1	1.90833587253324e-08	52401677
1074252	1	1.90833587253324e-08	52401677
1074889	1	1.90833587253324e-08	52401677
1075399	1	1.90833587253324e-08	52401677
1076934	7	1.33583511077327e-07	52401677
1080228	1	1.90833587253324e-08	52401677
1082931	2	3.81667174506648e-08	52401677
1085623	1	1.90833587253324e-08	52401677
1089456	386	7.36617646797831e-06	52401677
1091041	1	1.90833587253324e-08	52401677
1091045	2512	4.7937397118035e-05	52401677
1091495	3	5.72500761759972e-08	52401677
1093141	36	6.87000914111966e-07	52401677
1093787	57	1.08775144734395e-06	52401677
1094466	17	3.24417098330651e-07	52401677
1094497	2	3.81667174506648e-08	52401677
1094980	1	1.90833587253324e-08	52401677
1095774	8	1.52666869802659e-07	52401677
1096996	16	3.05333739605318e-07	52401677
1097668	30	5.72500761759972e-07	52401677
1097669	1	1.90833587253324e-08	52401677
1097677	29	5.5341740303464e-07	52401677
1100841	1	1.90833587253324e-08	52401677
1104320	4	7.63334349013296e-08	52401677
1104321	1	1.90833587253324e-08	52401677
1104322	35	6.67917555386634e-07	52401677
1104325	23	4.38917250682645e-07	52401677
1104326	21	4.0075053323198e-07	52401677
1105114	1	1.90833587253324e-08	52401677
1107880	6	1.14500152351994e-07	52401677
1110502	55	1.04958472989328e-06	52401677
1111068	11	2.09916945978656e-07	52401677
1111069	109	2.08008610106123e-06	52401677
1111678	17	3.24417098330651e-07	52401677
1112204	8	1.52666869802659e-07	52401677
1114958	1	1.90833587253324e-08	52401677
1114965	17	3.24417098330651e-07	52401677
1114966	60	1.14500152351994e-06	52401677
1114967	522	9.96151325462351e-06	52401677
1114969	5533	0.000105588223827264	52401677
1114970	158	3.01517067860252e-06	52401677
1116211	1	1.90833587253324e-08	52401677
1116231	14	2.67167022154654e-07	52401677
1116375	30	5.72500761759972e-07	52401677
1117647	5	9.5416793626662e-08	52401677
1117943	20	3.81667174506648e-07	52401677
1118959	1	1.90833587253324e-08	52401677
1118963	139	2.6525868628212e-06	52401677
1120755	6	1.14500152351994e-07	52401677
1121353	16	3.05333739605318e-07	52401677
1121362	9	1.71750228527992e-07	52401677
1121448	1	1.90833587253324e-08	52401677
1123519	27	5.15250685583975e-07	52401677
1123523	3	5.72500761759972e-08	52401677
1123863	7	1.33583511077327e-07	52401677
1124936	2	3.81667174506648e-08	52401677
1124983	111	2.1182528185119e-06	52401677
1125630	28	5.34334044309307e-07	52401677
1127134	21	4.0075053323198e-07	52401677
1130804	1	1.90833587253324e-08	52401677
1133849	22	4.19833891957313e-07	52401677
1133850	23	4.38917250682645e-07	52401677
1133852	4	7.63334349013296e-08	52401677
1133853	5	9.5416793626662e-08	52401677
1134454	2851	5.44066557259227e-05	52401677
1136179	5193	9.90998818606511e-05	52401677
1137651	13	2.48083663429321e-07	52401677
1138308	5	9.5416793626662e-08	52401677
1138382	1	1.90833587253324e-08	52401677
1138383	12	2.29000304703989e-07	52401677
1138871	5	9.5416793626662e-08	52401677
1138877	5	9.5416793626662e-08	52401677
1142394	3	5.72500761759972e-08	52401677
1144275	13	2.48083663429321e-07	52401677
1146883	13	2.48083663429321e-07	52401677
1147128	1	1.90833587253324e-08	52401677
1150469	4	7.63334349013296e-08	52401677
1151116	7	1.33583511077327e-07	52401677
1155071	2	3.81667174506648e-08	52401677
1155084	3	5.72500761759972e-08	52401677
1155766	12	2.29000304703989e-07	52401677
1156431	29	5.5341740303464e-07	52401677
1156433	31	5.91584120485304e-07	52401677
1156913	27	5.15250685583975e-07	52401677
1157951	1	1.90833587253324e-08	52401677
1162668	1	1.90833587253324e-08	52401677
1163399	173	3.3014210594825e-06	52401677
1163617	21	4.0075053323198e-07	52401677
1163745	1	1.90833587253324e-08	52401677
1166016	2	3.81667174506648e-08	52401677
1166018	5	9.5416793626662e-08	52401677
1166130	8	1.52666869802659e-07	52401677
1167634	174	3.32050441820784e-06	52401677
1168287	7	1.33583511077327e-07	52401677
1170318	231	4.40825586555178e-06	52401677
1170562	4	7.63334349013296e-08	52401677
1171373	18	3.43500457055983e-07	52401677
1173020	51	9.73251294991952e-07	52401677
1173022	4	7.63334349013296e-08	52401677
1173025	2	3.81667174506648e-08	52401677
1173026	3	5.72500761759972e-08	52401677
1173027	3	5.72500761759972e-08	52401677
1179773	14	2.67167022154654e-07	52401677
1185652	15	2.86250380879986e-07	52401677
1186051	2	3.81667174506648e-08	52401677
1187956	7	1.33583511077327e-07	52401677
1191061	38	7.25167631562631e-07	52401677
1192196	1	1.90833587253324e-08	52401677
1193292	28	5.34334044309307e-07	52401677
1194526	58	1.10683480606928e-06	52401677
1195464	5	9.5416793626662e-08	52401677
1196325	60	1.14500152351994e-06	52401677
1196835	62	1.18316824097061e-06	52401677
1197325	2	3.81667174506648e-08	52401677
1197719	1	1.90833587253324e-08	52401677
1198114	18	3.43500457055983e-07	52401677
1198627	1	1.90833587253324e-08	52401677
1198676	5	9.5416793626662e-08	52401677
1199187	4	7.63334349013296e-08	52401677
1200352	11	2.09916945978656e-07	52401677
1202772	9	1.71750228527992e-07	52401677
1203460	11	2.09916945978656e-07	52401677
1203670	631	1.20415993556847e-05	52401677
1204414	51	9.73251294991952e-07	52401677
1205674	1	1.90833587253324e-08	52401677
1205675	4	7.63334349013296e-08	52401677
1205910	12	2.29000304703989e-07	52401677
1206105	1	1.90833587253324e-08	52401677
1206109	2	3.81667174506648e-08	52401677
1207075	151	2.88158716752519e-06	52401677
1207470	1	1.90833587253324e-08	52401677
1208658	24	4.58000609407978e-07	52401677
1208660	27	5.15250685583975e-07	52401677
1211025	42	8.01501066463961e-07	52401677
1211579	69	1.31675175204794e-06	52401677
1211705	23	4.38917250682645e-07	52401677
1214101	13	2.48083663429321e-07	52401677
1214242	11	2.09916945978656e-07	52401677
1215088	128	2.44266991684255e-06	52401677
1215343	3	5.72500761759972e-08	52401677
1215914	1	1.90833587253324e-08	52401677
1216976	115	2.19458625341323e-06	52401677
1217984	2	3.81667174506648e-08	52401677
1218175	1	1.90833587253324e-08	52401677
1218933	4	7.63334349013296e-08	52401677
1219076	66	1.25950167587194e-06	52401677
1224163	10	1.90833587253324e-07	52401677
1224746	1	1.90833587253324e-08	52401677
1225179	1	1.90833587253324e-08	52401677
1229205	13	2.48083663429321e-07	52401677
1229756	2	3.81667174506648e-08	52401677
1231072	1	1.90833587253324e-08	52401677
1231389	87	1.66025220910392e-06	52401677
1231626	1	1.90833587253324e-08	52401677
1232381	3	5.72500761759972e-08	52401677
1232724	4	7.63334349013296e-08	52401677
1233873	10	1.90833587253324e-07	52401677
1234380	81	1.54575205675192e-06	52401677
1234679	5830	0.000111255981368688	52401677
1236903	4	7.63334349013296e-08	52401677
1239881	2	3.81667174506648e-08	52401677
1241583	3	5.72500761759972e-08	52401677
1244085	3	5.72500761759972e-08	52401677
1245469	89	1.69841892655458e-06	52401677
1245471	170	3.24417098330651e-06	52401677
1246301	567	1.08202643972635e-05	52401677
1246365	3	5.72500761759972e-08	52401677
1246995	15	2.86250380879986e-07	52401677
1247189	8	1.52666869802659e-07	52401677
1249480	1	1.90833587253324e-08	52401677
1249526	1	1.90833587253324e-08	52401677
1249531	1	1.90833587253324e-08	52401677
1249634	13	2.48083663429321e-07	52401677
1249661	27	5.15250685583975e-07	52401677
1254432	30	5.72500761759972e-07	52401677
1254439	4	7.63334349013296e-08	52401677
1255043	16	3.05333739605318e-07	52401677
1257118	7	1.33583511077327e-07	52401677
1260251	1	1.90833587253324e-08	52401677
1260292	1	1.90833587253324e-08	52401677
1261126	1	1.90833587253324e-08	52401677
1261557	1	1.90833587253324e-08	52401677
1262161	1	1.90833587253324e-08	52401677
1262456	62	1.18316824097061e-06	52401677
1265601	12	2.29000304703989e-07	52401677
1266845	25	4.7708396813331e-07	52401677
1267753	1	1.90833587253324e-08	52401677
1267754	4	7.63334349013296e-08	52401677
1271862	1	1.90833587253324e-08	52401677
1271863	1	1.90833587253324e-08	52401677
1276220	1	1.90833587253324e-08	52401677
1276221	1	1.90833587253324e-08	52401677
1276282	43	8.20584425189293e-07	52401677
1278073	10	1.90833587253324e-07	52401677
1279007	12	2.29000304703989e-07	52401677
1279008	32	6.10667479210637e-07	52401677
1280938	21	4.0075053323198e-07	52401677
1282356	344	6.56467540151434e-06	52401677
1283331	24	4.58000609407978e-07	52401677
1286170	33	6.29750837935969e-07	52401677
1286640	1	1.90833587253324e-08	52401677
1288122	1	1.90833587253324e-08	52401677
1288394	11	2.09916945978656e-07	52401677
1291379	1	1.90833587253324e-08	52401677
1292033	1	1.90833587253324e-08	52401677
1294143	69	1.31675175204794e-06	52401677
1295826	4	7.63334349013296e-08	52401677
1297582	3	5.72500761759972e-08	52401677
1298593	2	3.81667174506648e-08	52401677
1302863	10	1.90833587253324e-07	52401677
1303692	10	1.90833587253324e-07	52401677
1304279	3	5.72500761759972e-08	52401677
1304892	17	3.24417098330651e-07	52401677
1305849	5	9.5416793626662e-08	52401677
1309806	104	1.98466930743457e-06	52401677
1309807	47	8.96917860090623e-07	52401677
1310161	22	4.19833891957313e-07	52401677
1313172	24	4.58000609407978e-07	52401677
1316444	1	1.90833587253324e-08	52401677
1316932	1	1.90833587253324e-08	52401677
1318615	22	4.19833891957313e-07	52401677
1318633	12	2.29000304703989e-07	52401677
1321369	3	5.72500761759972e-08	52401677
1321370	2	3.81667174506648e-08	52401677
1327988	1	1.90833587253324e-08	52401677
1328306	15	2.86250380879986e-07	52401677
1331671	94	1.79383572018125e-06	52401677
1332188	61	1.16408488224528e-06	52401677
1334187	3	5.72500761759972e-08	52401677
1335307	1	1.90833587253324e-08	52401677
1335757	2	3.81667174506648e-08	52401677
1336746	2	3.81667174506648e-08	52401677
1338032	36	6.87000914111966e-07	52401677
1338034	22	4.19833891957313e-07	52401677
1340847	5	9.5416793626662e-08	52401677
1340851	95	1.81291907890658e-06	52401677
1343077	2	3.81667174506648e-08	52401677
1343740	21	4.0075053323198e-07	52401677
1345695	6	1.14500152351994e-07	52401677
1345697	4	7.63334349013296e-08	52401677
1346614	5	9.5416793626662e-08	52401677
1348660	1	1.90833587253324e-08	52401677
1348662	1	1.90833587253324e-08	52401677
1355100	1	1.90833587253324e-08	52401677
1367477	2	3.81667174506648e-08	52401677
1367491	2	3.81667174506648e-08	52401677
1367847	12	2.29000304703989e-07	52401677
1380774	31	5.91584120485304e-07	52401677
1380908	29	5.5341740303464e-07	52401677
1384484	3	5.72500761759972e-08	52401677
1389489	18	3.43500457055983e-07	52401677
1394710	2	3.81667174506648e-08	52401677
1394711	1	1.90833587253324e-08	52401677
1394889	3	5.72500761759972e-08	52401677
1399115	6	1.14500152351994e-07	52401677
1399116	5	9.5416793626662e-08	52401677
1400867	6	1.14500152351994e-07	52401677
1401659	15	2.86250380879986e-07	52401677
1407053	1	1.90833587253324e-08	52401677
1408206	1	1.90833587253324e-08	52401677
1408272	13	2.48083663429321e-07	52401677
1415629	20	3.81667174506648e-07	52401677
1415630	737	1.406443538057e-05	52401677
1416914	30	5.72500761759972e-07	52401677
1423144	4	7.63334349013296e-08	52401677
1427342	79	1.50758533930126e-06	52401677
1430440	15	2.86250380879986e-07	52401677
1435044	31	5.91584120485304e-07	52401677
1435058	6	1.14500152351994e-07	52401677
1435356	24	4.58000609407978e-07	52401677
1436140	87	1.66025220910392e-06	52401677
