Tax.ID	Frequency	Proportion	Total
1148	1	2.43426599394914e-08	41080145
1639	16	3.89482559031863e-07	41080145
2769	3	7.30279798184743e-08	41080145
2839	13	3.16454579213389e-07	41080145
2850	13	3.16454579213389e-07	41080145
4770	5	1.21713299697457e-07	41080145
5661	1	2.43426599394914e-08	41080145
5762	1	2.43426599394914e-08	41080145
5823	2	4.86853198789829e-08	41080145
10870	1	2.43426599394914e-08	41080145
10871	1	2.43426599394914e-08	41080145
13035	2	4.86853198789829e-08	41080145
27989	1	2.43426599394914e-08	41080145
31271	2	4.86853198789829e-08	41080145
31964	4	9.73706397579658e-08	41080145
33658	1	2.43426599394914e-08	41080145
35128	16	3.89482559031863e-07	41080145
46234	1	2.43426599394914e-08	41080145
49266	1	2.43426599394914e-08	41080145
55529	2	4.86853198789829e-08	41080145
60480	3	7.30279798184743e-08	41080145
60481	30	7.30279798184744e-07	41080145
62928	12	2.92111919273897e-07	41080145
62977	3	7.30279798184743e-08	41080145
63737	1	2.43426599394914e-08	41080145
65093	2	4.86853198789829e-08	41080145
67593	1	2.43426599394914e-08	41080145
69328	14	3.4079723915288e-07	41080145
75379	11	2.67769259334406e-07	41080145
76114	3	7.30279798184743e-08	41080145
76869	12	2.92111919273897e-07	41080145
78245	7	1.7039861957644e-07	41080145
84588	2	4.86853198789829e-08	41080145
85643	16	3.89482559031863e-07	41080145
94122	7	1.7039861957644e-07	41080145
96563	35	8.51993097882201e-07	41080145
99287	1	2.43426599394914e-08	41080145
100226	2	4.86853198789829e-08	41080145
101510	21	5.1119585872932e-07	41080145
103690	1	2.43426599394914e-08	41080145
106370	1	2.43426599394914e-08	41080145
114615	13	3.16454579213389e-07	41080145
115987	1	2.43426599394914e-08	41080145
122587	1	2.43426599394914e-08	41080145
127509	1	2.43426599394914e-08	41080145
129356	1	2.43426599394914e-08	41080145
130081	1	2.43426599394914e-08	41080145
134676	1	2.43426599394914e-08	41080145
136089	1	2.43426599394914e-08	41080145
137722	2	4.86853198789829e-08	41080145
150340	35	8.51993097882201e-07	41080145
153948	1	2.43426599394914e-08	41080145
155864	71	1.72832885570389e-06	41080145
158189	1	2.43426599394914e-08	41080145
159087	12	2.92111919273897e-07	41080145
160488	14	3.4079723915288e-07	41080145
160490	5	1.21713299697457e-07	41080145
160491	1	2.43426599394914e-08	41080145
160619	5	1.21713299697457e-07	41080145
164328	1	2.43426599394914e-08	41080145
164756	7	1.7039861957644e-07	41080145
167542	1	2.43426599394914e-08	41080145
170187	1	2.43426599394914e-08	41080145
171101	10	2.43426599394915e-07	41080145
172968	1	2.43426599394914e-08	41080145
176279	38	9.25021077700675e-07	41080145
176280	47	1.1441050171561e-06	41080145
176299	2	4.86853198789829e-08	41080145
179408	2	4.86853198789829e-08	41080145
187272	4	9.73706397579658e-08	41080145
187303	2	4.86853198789829e-08	41080145
188937	2	4.86853198789829e-08	41080145
190304	4	9.73706397579658e-08	41080145
190485	27	6.57251818366269e-07	41080145
190486	2	4.86853198789829e-08	41080145
190650	4	9.73706397579658e-08	41080145
191026	2	4.86853198789829e-08	41080145
192952	1	2.43426599394914e-08	41080145
193567	1	2.43426599394914e-08	41080145
196162	14	3.4079723915288e-07	41080145
196164	3	7.30279798184743e-08	41080145
196600	4	9.73706397579658e-08	41080145
197221	1	2.43426599394914e-08	41080145
198214	1	2.43426599394914e-08	41080145
198215	13	3.16454579213389e-07	41080145
198628	2	4.86853198789829e-08	41080145
199310	1	2.43426599394914e-08	41080145
203120	4	9.73706397579658e-08	41080145
203124	6	1.46055959636949e-07	41080145
203275	2	4.86853198789829e-08	41080145
204669	2	4.86853198789829e-08	41080145
204773	24	5.84223838547795e-07	41080145
205913	3	7.30279798184743e-08	41080145
205914	3	7.30279798184743e-08	41080145
205918	3	7.30279798184743e-08	41080145
205922	25	6.08566498487286e-07	41080145
207559	1	2.43426599394914e-08	41080145
208435	78	1.89872747528033e-06	41080145
208596	10	2.43426599394915e-07	41080145
208963	80	1.94741279515932e-06	41080145
208964	93	2.2638673743727e-06	41080145
210007	1	2.43426599394914e-08	41080145
211110	58	1.4118742764905e-06	41080145
211586	1	2.43426599394914e-08	41080145
216591	13	3.16454579213389e-07	41080145
216592	1	2.43426599394914e-08	41080145
216594	5	1.21713299697457e-07	41080145
216595	62	1.50924491624847e-06	41080145
216596	2	4.86853198789829e-08	41080145
216599	13	3.16454579213389e-07	41080145
220341	192	4.67379070838236e-06	41080145
220664	7	1.7039861957644e-07	41080145
221109	1	2.43426599394914e-08	41080145
223283	2	4.86853198789829e-08	41080145
223926	22	5.35538518668812e-07	41080145
224911	10	2.43426599394915e-07	41080145
224914	1	2.43426599394914e-08	41080145
225937	1	2.43426599394914e-08	41080145
226185	4	9.73706397579658e-08	41080145
226186	5	1.21713299697457e-07	41080145
227086	2	4.86853198789829e-08	41080145
227882	4	9.73706397579658e-08	41080145
228410	1	2.43426599394914e-08	41080145
231023	8	1.94741279515932e-07	41080145
232721	339	8.2521617194876e-06	41080145
234267	7	1.7039861957644e-07	41080145
234621	528	1.28529244480515e-05	41080145
234831	3	7.30279798184743e-08	41080145
242231	1	2.43426599394914e-08	41080145
243233	1	2.43426599394914e-08	41080145
243243	4	9.73706397579658e-08	41080145
243275	2	4.86853198789829e-08	41080145
243277	1	2.43426599394914e-08	41080145
243365	4	9.73706397579658e-08	41080145
245018	5	1.21713299697457e-07	41080145
246195	1	2.43426599394914e-08	41080145
246196	6	1.46055959636949e-07	41080145
246197	3	7.30279798184743e-08	41080145
246200	2	4.86853198789829e-08	41080145
247156	2	4.86853198789829e-08	41080145
251221	1	2.43426599394914e-08	41080145
257310	5	1.21713299697457e-07	41080145
257311	5	1.21713299697457e-07	41080145
257313	6	1.46055959636949e-07	41080145
258594	7	1.7039861957644e-07	41080145
261292	7	1.7039861957644e-07	41080145
262316	2	4.86853198789829e-08	41080145
262543	1	2.43426599394914e-08	41080145
262724	4	9.73706397579658e-08	41080145
262728	1	2.43426599394914e-08	41080145
264198	22	5.35538518668812e-07	41080145
264201	1	2.43426599394914e-08	41080145
264462	4	9.73706397579658e-08	41080145
264730	5	1.21713299697457e-07	41080145
265072	2	4.86853198789829e-08	41080145
266264	40	9.73706397579658e-07	41080145
266265	13	3.16454579213389e-07	41080145
266779	5	1.21713299697457e-07	41080145
266834	1	2.43426599394914e-08	41080145
266835	2	4.86853198789829e-08	41080145
266940	2	4.86853198789829e-08	41080145
267608	21	5.1119585872932e-07	41080145
267747	42	1.02239171745864e-06	41080145
269482	105	2.5559792936466e-06	41080145
269796	1	2.43426599394914e-08	41080145
269797	22	5.35538518668812e-07	41080145
269798	6	1.46055959636949e-07	41080145
271848	3	7.30279798184743e-08	41080145
272559	2	4.86853198789829e-08	41080145
272563	1	2.43426599394914e-08	41080145
272564	3	7.30279798184743e-08	41080145
272568	5	1.21713299697457e-07	41080145
272569	1	2.43426599394914e-08	41080145
272620	9	2.19083939455423e-07	41080145
272622	3	7.30279798184743e-08	41080145
272623	1	2.43426599394914e-08	41080145
272626	1	2.43426599394914e-08	41080145
272630	13	3.16454579213389e-07	41080145
272831	3	7.30279798184743e-08	41080145
272942	2	4.86853198789829e-08	41080145
272943	1	2.43426599394914e-08	41080145
273119	5	1.21713299697457e-07	41080145
273133	21	5.1119585872932e-07	41080145
278137	2	4.86853198789829e-08	41080145
278197	1	2.43426599394914e-08	41080145
279238	6	1.46055959636949e-07	41080145
279808	5	1.21713299697457e-07	41080145
280463	4	9.73706397579658e-08	41080145
281090	2	4.86853198789829e-08	41080145
281310	2	4.86853198789829e-08	41080145
283942	1	2.43426599394914e-08	41080145
284590	3	7.30279798184743e-08	41080145
284591	1	2.43426599394914e-08	41080145
284592	1	2.43426599394914e-08	41080145
284593	6	1.46055959636949e-07	41080145
284812	3	7.30279798184743e-08	41080145
288000	10	2.43426599394915e-07	41080145
290338	7	1.7039861957644e-07	41080145
290339	12	2.92111919273897e-07	41080145
290340	26	6.32909158426778e-07	41080145
290397	1	2.43426599394914e-08	41080145
290398	1	2.43426599394914e-08	41080145
290399	25	6.08566498487286e-07	41080145
291331	4	9.73706397579658e-08	41080145
292415	5	1.21713299697457e-07	41080145
292564	1	2.43426599394914e-08	41080145
293614	1	2.43426599394914e-08	41080145
295405	3	7.30279798184743e-08	41080145
296543	11	2.67769259334406e-07	41080145
296591	15	3.65139899092372e-07	41080145
298654	5	1.21713299697457e-07	41080145
300267	4	9.73706397579658e-08	41080145
300269	2	4.86853198789829e-08	41080145
300852	2	4.86853198789829e-08	41080145
306537	5	1.21713299697457e-07	41080145
311402	1	2.43426599394914e-08	41080145
311403	2	4.86853198789829e-08	41080145
312153	3	7.30279798184743e-08	41080145
312309	1	2.43426599394914e-08	41080145
314225	4	9.73706397579658e-08	41080145
314282	1	2.43426599394914e-08	41080145
314315	6	1.46055959636949e-07	41080145
314565	19	4.62510538850338e-07	41080145
315750	1	2.43426599394914e-08	41080145
316055	10	2.43426599394915e-07	41080145
316056	1	2.43426599394914e-08	41080145
316057	4	9.73706397579658e-08	41080145
316058	2	4.86853198789829e-08	41080145
316273	7	1.7039861957644e-07	41080145
316385	481	1.17088194308954e-05	41080145
316407	33	8.03307778003218e-07	41080145
317025	2	4.86853198789829e-08	41080145
317655	10	2.43426599394915e-07	41080145
318167	4	9.73706397579658e-08	41080145
318586	6	1.46055959636949e-07	41080145
320373	3	7.30279798184743e-08	41080145
320388	7	1.7039861957644e-07	41080145
321023	1	2.43426599394914e-08	41080145
321956	1	2.43426599394914e-08	41080145
321967	3	7.30279798184743e-08	41080145
322159	11	2.67769259334406e-07	41080145
322710	8	1.94741279515932e-07	41080145
323097	5	1.21713299697457e-07	41080145
324831	3	7.30279798184743e-08	41080145
325240	1	2.43426599394914e-08	41080145
326424	4	9.73706397579658e-08	41080145
326425	1	2.43426599394914e-08	41080145
330214	1	2.43426599394914e-08	41080145
331111	500	1.21713299697457e-05	41080145
331112	479	1.16601341110164e-05	41080145
331271	31	7.54622458124235e-07	41080145
331272	13	3.16454579213389e-07	41080145
334390	4	9.73706397579658e-08	41080145
334413	3	7.30279798184743e-08	41080145
335283	4	9.73706397579658e-08	41080145
335284	1	2.43426599394914e-08	41080145
335541	1	2.43426599394914e-08	41080145
335659	7	1.7039861957644e-07	41080145
337191	1	2.43426599394914e-08	41080145
338187	733	1.78431697356472e-05	41080145
338966	4	9.73706397579658e-08	41080145
338969	19	4.62510538850338e-07	41080145
339670	59	1.43621693643e-06	41080145
340100	31	7.54622458124235e-07	41080145
342108	2	4.86853198789829e-08	41080145
342109	2	4.86853198789829e-08	41080145
342451	1	2.43426599394914e-08	41080145
342610	1	2.43426599394914e-08	41080145
344609	205	4.99024528759575e-06	41080145
345073	6	1.46055959636949e-07	41080145
347253	5	1.21713299697457e-07	41080145
347515	2	4.86853198789829e-08	41080145
347834	2	4.86853198789829e-08	41080145
349101	2	4.86853198789829e-08	41080145
349102	4	9.73706397579658e-08	41080145
349106	1	2.43426599394914e-08	41080145
349163	3	7.30279798184743e-08	41080145
349215	1	2.43426599394914e-08	41080145
349519	1	2.43426599394914e-08	41080145
349741	2	4.86853198789829e-08	41080145
350054	3	7.30279798184743e-08	41080145
350058	1	2.43426599394914e-08	41080145
351348	2	4.86853198789829e-08	41080145
351607	2	4.86853198789829e-08	41080145
351745	2	4.86853198789829e-08	41080145
351746	21	5.1119585872932e-07	41080145
352914	1	2.43426599394914e-08	41080145
353153	7	1.7039861957644e-07	41080145
355276	1	2.43426599394914e-08	41080145
355277	2	4.86853198789829e-08	41080145
357348	8	1.94741279515932e-07	41080145
357804	5	1.21713299697457e-07	41080145
358220	228	5.55012646620405e-06	41080145
358681	1	2.43426599394914e-08	41080145
359786	4	9.73706397579658e-08	41080145
359787	1	2.43426599394914e-08	41080145
360094	6	1.46055959636949e-07	41080145
360102	3	7.30279798184743e-08	41080145
360910	2	4.86853198789829e-08	41080145
360911	1	2.43426599394914e-08	41080145
362242	3	7.30279798184743e-08	41080145
362663	449	1.09298543128317e-05	41080145
365044	45	1.09541969727712e-06	41080145
365046	30	7.30279798184744e-07	41080145
365659	12	2.92111919273897e-07	41080145
366394	1	2.43426599394914e-08	41080145
366602	5	1.21713299697457e-07	41080145
367737	2	4.86853198789829e-08	41080145
367928	4	9.73706397579658e-08	41080145
369723	1	2.43426599394914e-08	41080145
370354	8	1.94741279515932e-07	41080145
373153	12	2.92111919273897e-07	41080145
373384	726	1.76727711160708e-05	41080145
374833	3	7.30279798184743e-08	41080145
374930	1	2.43426599394914e-08	41080145
374931	1	2.43426599394914e-08	41080145
375286	6	1.46055959636949e-07	41080145
376686	15	3.65139899092372e-07	41080145
376758	2	4.86853198789829e-08	41080145
378753	10	2.43426599394915e-07	41080145
379731	24	5.84223838547795e-07	41080145
380358	1	2.43426599394914e-08	41080145
380703	3	7.30279798184743e-08	41080145
381666	19	4.62510538850338e-07	41080145
381754	27	6.57251818366269e-07	41080145
382245	6	1.46055959636949e-07	41080145
383407	6	1.46055959636949e-07	41080145
384676	26	6.32909158426778e-07	41080145
386585	128	3.11586047225491e-06	41080145
387344	4	9.73706397579658e-08	41080145
388919	3	7.30279798184743e-08	41080145
390235	15	3.65139899092372e-07	41080145
390333	4	9.73706397579658e-08	41080145
391008	15	3.65139899092372e-07	41080145
391038	2	4.86853198789829e-08	41080145
391295	2	4.86853198789829e-08	41080145
391296	2	4.86853198789829e-08	41080145
391626	1	2.43426599394914e-08	41080145
391735	28	6.81594478305761e-07	41080145
391904	1	2.43426599394914e-08	41080145
392499	13	3.16454579213389e-07	41080145
393305	2	4.86853198789829e-08	41080145
393595	3	7.30279798184743e-08	41080145
395019	52	1.26581831685356e-06	41080145
395491	2	4.86853198789829e-08	41080145
395492	1	2.43426599394914e-08	41080145
395494	1	2.43426599394914e-08	41080145
395495	55	1.33884629667203e-06	41080145
395960	9	2.19083939455423e-07	41080145
395961	2	4.86853198789829e-08	41080145
395965	2	4.86853198789829e-08	41080145
396513	1	2.43426599394914e-08	41080145
396588	8	1.94741279515932e-07	41080145
397945	51	1.24147565691406e-06	41080145
398527	7	1.7039861957644e-07	41080145
398577	10	2.43426599394915e-07	41080145
398578	118	2.87243387285999e-06	41080145
398580	3	7.30279798184743e-08	41080145
399739	15	3.65139899092372e-07	41080145
399741	6	1.46055959636949e-07	41080145
399742	9	2.19083939455423e-07	41080145
399804	3	7.30279798184743e-08	41080145
400667	27	6.57251818366269e-07	41080145
400668	1	2.43426599394914e-08	41080145
400756	3	7.30279798184743e-08	41080145
401053	1	2.43426599394914e-08	41080145
401473	1	2.43426599394914e-08	41080145
402612	16	3.89482559031863e-07	41080145
402626	13	3.16454579213389e-07	41080145
402881	10	2.43426599394915e-07	41080145
402882	1	2.43426599394914e-08	41080145
403677	8	1.94741279515932e-07	41080145
404589	2	4.86853198789829e-08	41080145
405416	21	5.1119585872932e-07	41080145
405440	2	4.86853198789829e-08	41080145
405566	1	2.43426599394914e-08	41080145
405948	6	1.46055959636949e-07	41080145
405955	267	6.49949020384422e-06	41080145
406425	9	2.19083939455423e-07	41080145
406552	1	2.43426599394914e-08	41080145
407976	1	2.43426599394914e-08	41080145
409438	11	2.67769259334406e-07	41080145
410289	3	7.30279798184743e-08	41080145
411154	5	1.21713299697457e-07	41080145
412022	4	9.73706397579658e-08	41080145
412030	3	7.30279798184743e-08	41080145
412694	3	7.30279798184743e-08	41080145
413997	1	2.43426599394914e-08	41080145
414684	2	4.86853198789829e-08	41080145
416269	1	2.43426599394914e-08	41080145
416276	1	2.43426599394914e-08	41080145
416344	96	2.33689535419118e-06	41080145
416870	2	4.86853198789829e-08	41080145
419610	18	4.38167878910846e-07	41080145
419947	2	4.86853198789829e-08	41080145
420246	1	2.43426599394914e-08	41080145
420662	37	9.00678417761184e-07	41080145
420889	1	2.43426599394914e-08	41080145
420890	1	2.43426599394914e-08	41080145
423368	5	1.21713299697457e-07	41080145
424182	2	4.86853198789829e-08	41080145
425011	5	1.21713299697457e-07	41080145
426114	2	4.86853198789829e-08	41080145
426117	7	1.7039861957644e-07	41080145
426355	16	3.89482559031863e-07	41080145
426430	4	9.73706397579658e-08	41080145
428406	14	3.4079723915288e-07	41080145
431946	1	2.43426599394914e-08	41080145
431947	2	4.86853198789829e-08	41080145
435590	27	6.57251818366269e-07	41080145
435591	2	4.86853198789829e-08	41080145
436717	10	2.43426599394915e-07	41080145
438753	4	9.73706397579658e-08	41080145
439292	1	2.43426599394914e-08	41080145
439375	1	2.43426599394914e-08	41080145
439843	185	4.50339208880592e-06	41080145
439855	102	2.48295131382813e-06	41080145
440085	13	3.16454579213389e-07	41080145
441620	13	3.16454579213389e-07	41080145
443906	5	1.21713299697457e-07	41080145
444178	2	4.86853198789829e-08	41080145
444450	2	4.86853198789829e-08	41080145
446462	1	2.43426599394914e-08	41080145
446465	5	1.21713299697457e-07	41080145
446466	3	7.30279798184743e-08	41080145
446468	1	2.43426599394914e-08	41080145
446469	6	1.46055959636949e-07	41080145
446470	3	7.30279798184743e-08	41080145
446471	1	2.43426599394914e-08	41080145
447217	1	2.43426599394914e-08	41080145
449447	1	2.43426599394914e-08	41080145
450851	7	1.7039861957644e-07	41080145
451516	2	4.86853198789829e-08	41080145
452638	2	4.86853198789829e-08	41080145
452662	9	2.19083939455423e-07	41080145
452863	9	2.19083939455423e-07	41080145
454169	184	4.47904942886643e-06	41080145
455632	1	2.43426599394914e-08	41080145
456481	2	4.86853198789829e-08	41080145
457425	2	4.86853198789829e-08	41080145
460265	5	1.21713299697457e-07	41080145
465515	31	7.54622458124235e-07	41080145
467705	6	1.46055959636949e-07	41080145
469371	3	7.30279798184743e-08	41080145
469383	5	1.21713299697457e-07	41080145
469604	6	1.46055959636949e-07	41080145
469607	7	1.7039861957644e-07	41080145
471223	4	9.73706397579658e-08	41080145
471852	4	9.73706397579658e-08	41080145
471855	1	2.43426599394914e-08	41080145
471857	1	2.43426599394914e-08	41080145
472759	1	2.43426599394914e-08	41080145
474186	1	2.43426599394914e-08	41080145
477641	3	7.30279798184743e-08	41080145
478433	1	2.43426599394914e-08	41080145
478434	1	2.43426599394914e-08	41080145
478801	3	7.30279798184743e-08	41080145
479431	4	9.73706397579658e-08	41080145
479432	7	1.7039861957644e-07	41080145
479433	3	7.30279798184743e-08	41080145
479435	2	4.86853198789829e-08	41080145
479436	7	1.7039861957644e-07	41080145
480119	3	7.30279798184743e-08	41080145
481805	1171	2.85052547891445e-05	41080145
482957	10	2.43426599394915e-07	41080145
483219	1	2.43426599394914e-08	41080145
484021	5	1.21713299697457e-07	41080145
485917	7	1.7039861957644e-07	41080145
485918	2	4.86853198789829e-08	41080145
487213	2	4.86853198789829e-08	41080145
487214	1	2.43426599394914e-08	41080145
488221	1	2.43426599394914e-08	41080145
488223	2	4.86853198789829e-08	41080145
489653	2	4.86853198789829e-08	41080145
491915	5	1.21713299697457e-07	41080145
491916	2	4.86853198789829e-08	41080145
497978	9	2.19083939455423e-07	41080145
498761	1	2.43426599394914e-08	41080145
504474	3	7.30279798184743e-08	41080145
504728	3	7.30279798184743e-08	41080145
504832	6	1.46055959636949e-07	41080145
505682	3	7.30279798184743e-08	41080145
507522	3	7.30279798184743e-08	41080145
508765	4	9.73706397579658e-08	41080145
508771	2	4.86853198789829e-08	41080145
509169	27	6.57251818366269e-07	41080145
509170	16	3.89482559031863e-07	41080145
509173	48	1.16844767709559e-06	41080145
509190	5	1.21713299697457e-07	41080145
510516	4	9.73706397579658e-08	41080145
511691	1	2.43426599394914e-08	41080145
512566	1	2.43426599394914e-08	41080145
515619	7	1.7039861957644e-07	41080145
515620	2	4.86853198789829e-08	41080145
516950	2	4.86853198789829e-08	41080145
518766	1	2.43426599394914e-08	41080145
521096	2	4.86853198789829e-08	41080145
521098	1	2.43426599394914e-08	41080145
521460	1	2.43426599394914e-08	41080145
521674	2	4.86853198789829e-08	41080145
522306	4	9.73706397579658e-08	41080145
522373	26	6.32909158426778e-07	41080145
523791	2	4.86853198789829e-08	41080145
523794	1	2.43426599394914e-08	41080145
525284	1	2.43426599394914e-08	41080145
525381	3	7.30279798184743e-08	41080145
525898	2	4.86853198789829e-08	41080145
525904	1	2.43426599394914e-08	41080145
525919	1	2.43426599394914e-08	41080145
526225	1	2.43426599394914e-08	41080145
526226	8	1.94741279515932e-07	41080145
526227	2	4.86853198789829e-08	41080145
531844	3	7.30279798184743e-08	41080145
535289	204	4.96590262765626e-06	41080145
536019	2	4.86853198789829e-08	41080145
536056	374	9.1041548173698e-06	41080145
536230	1	2.43426599394914e-08	41080145
543728	61	1.48490225630898e-06	41080145
543891	17	4.13825218971355e-07	41080145
543913	16	3.89482559031863e-07	41080145
544404	1	2.43426599394914e-08	41080145
546414	1	2.43426599394914e-08	41080145
548473	6	1.46055959636949e-07	41080145
548476	10	2.43426599394915e-07	41080145
550540	1	2.43426599394914e-08	41080145
551115	1	2.43426599394914e-08	41080145
551895	1	2.43426599394914e-08	41080145
553174	4	9.73706397579658e-08	41080145
553190	1	2.43426599394914e-08	41080145
553199	1211	2.94789611867241e-05	41080145
555778	3	7.30279798184743e-08	41080145
556484	1	2.43426599394914e-08	41080145
557600	6	1.46055959636949e-07	41080145
557722	63	1.53358757618796e-06	41080145
557760	3	7.30279798184743e-08	41080145
559292	73	1.77701417558288e-06	41080145
559295	8	1.94741279515932e-07	41080145
559307	3	7.30279798184743e-08	41080145
561230	1	2.43426599394914e-08	41080145
561276	1	2.43426599394914e-08	41080145
565040	2	4.86853198789829e-08	41080145
565050	2	4.86853198789829e-08	41080145
566546	2	4.86853198789829e-08	41080145
568706	2	4.86853198789829e-08	41080145
568707	1	2.43426599394914e-08	41080145
568814	1	2.43426599394914e-08	41080145
571800	2	4.86853198789829e-08	41080145
572477	4	9.73706397579658e-08	41080145
572547	2	4.86853198789829e-08	41080145
573065	2	4.86853198789829e-08	41080145
573235	14	3.4079723915288e-07	41080145
574093	2	4.86853198789829e-08	41080145
574521	3	7.30279798184743e-08	41080145
575614	2	4.86853198789829e-08	41080145
575788	3	7.30279798184743e-08	41080145
578455	2	4.86853198789829e-08	41080145
579405	1	2.43426599394914e-08	41080145
580050	1	2.43426599394914e-08	41080145
580327	2	4.86853198789829e-08	41080145
580332	3	7.30279798184743e-08	41080145
581103	4	9.73706397579658e-08	41080145
582744	1	2.43426599394914e-08	41080145
582899	6	1.46055959636949e-07	41080145
583345	4	9.73706397579658e-08	41080145
585034	4	9.73706397579658e-08	41080145
585035	4	9.73706397579658e-08	41080145
585054	35	8.51993097882201e-07	41080145
585055	9	2.19083939455423e-07	41080145
585056	22	5.35538518668812e-07	41080145
585057	62	1.50924491624847e-06	41080145
585394	2	4.86853198789829e-08	41080145
585395	19	4.62510538850338e-07	41080145
585396	188	4.57642006862439e-06	41080145
585397	1	2.43426599394914e-08	41080145
590998	2	4.86853198789829e-08	41080145
591020	1	2.43426599394914e-08	41080145
591946	2	4.86853198789829e-08	41080145
593588	2	4.86853198789829e-08	41080145
593907	1	2.43426599394914e-08	41080145
595494	2	4.86853198789829e-08	41080145
595495	116	2.82374855298101e-06	41080145
595496	166	4.04088154995558e-06	41080145
595528	2	4.86853198789829e-08	41080145
595537	54	1.31450363673254e-06	41080145
596153	77	1.87438481534084e-06	41080145
596154	60	1.46055959636949e-06	41080145
600809	1	2.43426599394914e-08	41080145
604162	6	1.46055959636949e-07	41080145
608538	2	4.86853198789829e-08	41080145
610130	1	2.43426599394914e-08	41080145
622759	1	2.43426599394914e-08	41080145
626418	7	1.7039861957644e-07	41080145
627192	7	1.7039861957644e-07	41080145
632335	1	2.43426599394914e-08	41080145
632516	1	2.43426599394914e-08	41080145
632772	9	2.19083939455423e-07	41080145
633149	4	9.73706397579658e-08	41080145
633699	1	2.43426599394914e-08	41080145
634452	1	2.43426599394914e-08	41080145
634456	1	2.43426599394914e-08	41080145
634497	1	2.43426599394914e-08	41080145
634500	3	7.30279798184743e-08	41080145
637379	4	9.73706397579658e-08	41080145
637909	2	4.86853198789829e-08	41080145
637910	1	2.43426599394914e-08	41080145
639283	7	1.7039861957644e-07	41080145
640081	12	2.92111919273897e-07	41080145
640131	1	2.43426599394914e-08	41080145
640510	1	2.43426599394914e-08	41080145
640511	5	1.21713299697457e-07	41080145
640512	3	7.30279798184743e-08	41080145
640513	2	4.86853198789829e-08	41080145
643561	39	9.49363737640167e-07	41080145
644223	1	2.43426599394914e-08	41080145
644283	2	4.86853198789829e-08	41080145
644284	1	2.43426599394914e-08	41080145
644801	11	2.67769259334406e-07	41080145
645127	22	5.35538518668812e-07	41080145
645463	1	2.43426599394914e-08	41080145
646529	4	9.73706397579658e-08	41080145
648757	2	4.86853198789829e-08	41080145
648999	1	2.43426599394914e-08	41080145
649349	1	2.43426599394914e-08	41080145
651822	1	2.43426599394914e-08	41080145
652103	5	1.21713299697457e-07	41080145
653045	1	2.43426599394914e-08	41080145
653938	7	1.7039861957644e-07	41080145
655815	3	7.30279798184743e-08	41080145
656024	2	4.86853198789829e-08	41080145
657309	9	2.19083939455423e-07	41080145
657313	8	1.94741279515932e-07	41080145
657314	8	1.94741279515932e-07	41080145
657315	3	7.30279798184743e-08	41080145
657316	3	7.30279798184743e-08	41080145
657317	5	1.21713299697457e-07	41080145
657318	7	1.7039861957644e-07	41080145
657319	1	2.43426599394914e-08	41080145
657321	7	1.7039861957644e-07	41080145
657322	2	4.86853198789829e-08	41080145
657323	5	1.21713299697457e-07	41080145
661410	6	1.46055959636949e-07	41080145
662755	1	2.43426599394914e-08	41080145
663954	4	9.73706397579658e-08	41080145
666681	3	7.30279798184743e-08	41080145
666685	5	1.21713299697457e-07	41080145
667015	1	2.43426599394914e-08	41080145
668336	1	2.43426599394914e-08	41080145
670307	5	1.21713299697457e-07	41080145
670487	1	2.43426599394914e-08	41080145
675635	1	2.43426599394914e-08	41080145
680198	2	4.86853198789829e-08	41080145
680646	5	1.21713299697457e-07	41080145
682634	1	2.43426599394914e-08	41080145
682795	1	2.43426599394914e-08	41080145
684738	1	2.43426599394914e-08	41080145
685727	7	1.7039861957644e-07	41080145
688245	53	1.29016097679305e-06	41080145
690566	6	1.46055959636949e-07	41080145
693216	1	2.43426599394914e-08	41080145
693444	2	4.86853198789829e-08	41080145
693970	1	2.43426599394914e-08	41080145
693977	1	2.43426599394914e-08	41080145
693978	1	2.43426599394914e-08	41080145
693979	1	2.43426599394914e-08	41080145
694569	1	2.43426599394914e-08	41080145
695560	4	9.73706397579658e-08	41080145
695562	3	7.30279798184743e-08	41080145
696406	4	9.73706397579658e-08	41080145
696749	4	9.73706397579658e-08	41080145
697329	4	9.73706397579658e-08	41080145
698761	3	7.30279798184743e-08	41080145
698973	1	2.43426599394914e-08	41080145
700508	1	2.43426599394914e-08	41080145
700598	2	4.86853198789829e-08	41080145
701521	1	2.43426599394914e-08	41080145
702113	5	1.21713299697457e-07	41080145
707241	1	2.43426599394914e-08	41080145
708616	1	2.43426599394914e-08	41080145
709986	1	2.43426599394914e-08	41080145
709991	2	4.86853198789829e-08	41080145
710421	4	9.73706397579658e-08	41080145
710685	3	7.30279798184743e-08	41080145
710686	1	2.43426599394914e-08	41080145
710696	1	2.43426599394914e-08	41080145
712898	2	4.86853198789829e-08	41080145
712938	2	4.86853198789829e-08	41080145
713604	2	4.86853198789829e-08	41080145
714313	1	2.43426599394914e-08	41080145
716541	12	2.92111919273897e-07	41080145
717785	2	4.86853198789829e-08	41080145
717959	1	2.43426599394914e-08	41080145
717960	3	7.30279798184743e-08	41080145
717962	6	1.46055959636949e-07	41080145
718252	5	1.21713299697457e-07	41080145
718254	4	9.73706397579658e-08	41080145
718255	2	4.86853198789829e-08	41080145
720554	1	2.43426599394914e-08	41080145
741091	4	9.73706397579658e-08	41080145
742013	85	2.06912609485677e-06	41080145
743525	48	1.16844767709559e-06	41080145
743718	2	4.86853198789829e-08	41080145
743720	8	1.94741279515932e-07	41080145
743721	4	9.73706397579658e-08	41080145
744985	1	2.43426599394914e-08	41080145
745277	2	4.86853198789829e-08	41080145
745310	12	2.92111919273897e-07	41080145
746361	1	2.43426599394914e-08	41080145
746697	2	4.86853198789829e-08	41080145
748247	9	2.19083939455423e-07	41080145
748280	7	1.7039861957644e-07	41080145
748671	2	4.86853198789829e-08	41080145
749219	8	1.94741279515932e-07	41080145
749414	3	7.30279798184743e-08	41080145
749927	7	1.7039861957644e-07	41080145
751945	1	2.43426599394914e-08	41080145
754035	3	7.30279798184743e-08	41080145
754252	3	7.30279798184743e-08	41080145
754477	8	1.94741279515932e-07	41080145
754507	1	2.43426599394914e-08	41080145
756272	2	4.86853198789829e-08	41080145
757424	21	5.1119585872932e-07	41080145
758793	2	4.86853198789829e-08	41080145
759350	4	9.73706397579658e-08	41080145
759913	1	2.43426599394914e-08	41080145
759914	1	2.43426599394914e-08	41080145
760192	5	1.21713299697457e-07	41080145
760570	3	7.30279798184743e-08	41080145
761193	1	2.43426599394914e-08	41080145
762051	1	2.43426599394914e-08	41080145
762376	20	4.86853198789829e-07	41080145
762570	2	4.86853198789829e-08	41080145
762633	7	1.7039861957644e-07	41080145
762903	2	4.86853198789829e-08	41080145
762948	9	2.19083939455423e-07	41080145
765698	2	4.86853198789829e-08	41080145
765874	1	2.43426599394914e-08	41080145
765911	3	7.30279798184743e-08	41080145
765912	1	2.43426599394914e-08	41080145
767029	1	2.43426599394914e-08	41080145
767031	1	2.43426599394914e-08	41080145
767463	12	2.92111919273897e-07	41080145
768066	1	2.43426599394914e-08	41080145
768486	1	2.43426599394914e-08	41080145
768490	2	4.86853198789829e-08	41080145
768670	2	4.86853198789829e-08	41080145
798128	9	2.19083939455423e-07	41080145
856793	1	2.43426599394914e-08	41080145
858619	11	2.67769259334406e-07	41080145
859655	6	1.46055959636949e-07	41080145
859656	13	3.16454579213389e-07	41080145
859657	10	2.43426599394915e-07	41080145
860228	1	2.43426599394914e-08	41080145
861208	5	1.21713299697457e-07	41080145
861360	6	1.46055959636949e-07	41080145
862719	5	1.21713299697457e-07	41080145
862751	1	2.43426599394914e-08	41080145
862962	2	4.86853198789829e-08	41080145
862965	8	1.94741279515932e-07	41080145
862966	1	2.43426599394914e-08	41080145
862970	1	2.43426599394914e-08	41080145
862971	1	2.43426599394914e-08	41080145
866536	3	7.30279798184743e-08	41080145
866768	671	1.63339248193988e-05	41080145
866775	1	2.43426599394914e-08	41080145
868595	1	2.43426599394914e-08	41080145
868597	15	3.65139899092372e-07	41080145
869309	12	2.92111919273897e-07	41080145
869729	7	1.7039861957644e-07	41080145
869816	1	2.43426599394914e-08	41080145
871585	6	1.46055959636949e-07	41080145
875328	1	2.43426599394914e-08	41080145
880591	1	2.43426599394914e-08	41080145
880633	1	2.43426599394914e-08	41080145
880758	4	9.73706397579658e-08	41080145
882102	2	4.86853198789829e-08	41080145
882378	1	2.43426599394914e-08	41080145
882884	14	3.4079723915288e-07	41080145
882944	1	2.43426599394914e-08	41080145
884204	1	2.43426599394914e-08	41080145
886293	2	4.86853198789829e-08	41080145
887061	1	2.43426599394914e-08	41080145
889738	8	1.94741279515932e-07	41080145
890402	2	4.86853198789829e-08	41080145
891391	2	4.86853198789829e-08	41080145
905079	1	2.43426599394914e-08	41080145
908937	1	2.43426599394914e-08	41080145
909952	104	2.53163663370711e-06	41080145
910348	15	3.65139899092372e-07	41080145
926570	2	4.86853198789829e-08	41080145
927666	12	2.92111919273897e-07	41080145
927704	1	2.43426599394914e-08	41080145
929439	3	7.30279798184743e-08	41080145
929556	3	7.30279798184743e-08	41080145
929562	1	2.43426599394914e-08	41080145
930169	1	2.43426599394914e-08	41080145
930171	7	1.7039861957644e-07	41080145
930944	2	4.86853198789829e-08	41080145
931281	5	1.21713299697457e-07	41080145
931890	3	7.30279798184743e-08	41080145
932919	4	9.73706397579658e-08	41080145
935296	2	4.86853198789829e-08	41080145
935591	1	2.43426599394914e-08	41080145
935897	1	2.43426599394914e-08	41080145
936153	2	4.86853198789829e-08	41080145
941193	20	4.86853198789829e-07	41080145
944546	1	2.43426599394914e-08	41080145
944547	4	9.73706397579658e-08	41080145
945556	2	4.86853198789829e-08	41080145
945704	2	4.86853198789829e-08	41080145
945712	2	4.86853198789829e-08	41080145
946362	2	4.86853198789829e-08	41080145
946483	2	4.86853198789829e-08	41080145
953739	3	7.30279798184743e-08	41080145
977880	14	3.4079723915288e-07	41080145
979556	8	1.94741279515932e-07	41080145
981368	3	7.30279798184743e-08	41080145
983544	2	4.86853198789829e-08	41080145
983917	43	1.04673437739813e-06	41080145
984262	5	1.21713299697457e-07	41080145
985006	1	2.43426599394914e-08	41080145
990315	23	5.59881178608303e-07	41080145
991905	2	4.86853198789829e-08	41080145
994476	2	4.86853198789829e-08	41080145
994484	11	2.67769259334406e-07	41080145
996285	18	4.38167878910846e-07	41080145
998088	2	4.86853198789829e-08	41080145
999541	13	3.16454579213389e-07	41080145
999552	2	4.86853198789829e-08	41080145
999953	1	2.43426599394914e-08	41080145
1001583	1	2.43426599394914e-08	41080145
1001585	6	1.46055959636949e-07	41080145
1002809	2	4.86853198789829e-08	41080145
1003195	2	4.86853198789829e-08	41080145
1004786	1	2.43426599394914e-08	41080145
1005041	2	4.86853198789829e-08	41080145
1005042	1	2.43426599394914e-08	41080145
1005048	34	8.27650437942709e-07	41080145
1006551	2	4.86853198789829e-08	41080145
1007105	1	2.43426599394914e-08	41080145
1008459	2	4.86853198789829e-08	41080145
1009464	2	4.86853198789829e-08	41080145
1009846	20	4.86853198789829e-07	41080145
1016998	2	4.86853198789829e-08	41080145
1017264	2	4.86853198789829e-08	41080145
1028307	1	2.43426599394914e-08	41080145
1029756	6	1.46055959636949e-07	41080145
1030843	2	4.86853198789829e-08	41080145
1031709	81	1.97175545509881e-06	41080145
1031710	1	2.43426599394914e-08	41080145
1031711	5	1.21713299697457e-07	41080145
1032480	1	2.43426599394914e-08	41080145
1033813	3	7.30279798184743e-08	41080145
1033837	1	2.43426599394914e-08	41080145
1034807	3	7.30279798184743e-08	41080145
1036172	1	2.43426599394914e-08	41080145
1036672	1	2.43426599394914e-08	41080145
1036743	1	2.43426599394914e-08	41080145
1037409	10	2.43426599394915e-07	41080145
1037911	74	1.80135683552237e-06	41080145
1041826	5	1.21713299697457e-07	41080145
1042417	1	2.43426599394914e-08	41080145
1042876	18	4.38167878910846e-07	41080145
1042878	8	1.94741279515932e-07	41080145
1045855	6	1.46055959636949e-07	41080145
1045856	2	4.86853198789829e-08	41080145
1046629	7	1.7039861957644e-07	41080145
1046632	1	2.43426599394914e-08	41080145
1048332	6	1.46055959636949e-07	41080145
1049565	2	4.86853198789829e-08	41080145
1051074	4	9.73706397579658e-08	41080145
1054460	6	1.46055959636949e-07	41080145
1064539	2	4.86853198789829e-08	41080145
1069533	1	2.43426599394914e-08	41080145
1069642	2	4.86853198789829e-08	41080145
1071378	2	4.86853198789829e-08	41080145
1071381	6	1.46055959636949e-07	41080145
1071382	5	1.21713299697457e-07	41080145
1072459	1	2.43426599394914e-08	41080145
1072467	1	2.43426599394914e-08	41080145
1074485	1	2.43426599394914e-08	41080145
1074889	1	2.43426599394914e-08	41080145
1074919	1	2.43426599394914e-08	41080145
1075399	1	2.43426599394914e-08	41080145
1076934	2	4.86853198789829e-08	41080145
1087448	1	2.43426599394914e-08	41080145
1089456	72	1.75267151564338e-06	41080145
1091045	487	1.18548753905323e-05	41080145
1093141	3	7.30279798184743e-08	41080145
1093787	12	2.92111919273897e-07	41080145
1094466	4	9.73706397579658e-08	41080145
1096995	1	2.43426599394914e-08	41080145
1096996	4	9.73706397579658e-08	41080145
1097668	4	9.73706397579658e-08	41080145
1097677	1	2.43426599394914e-08	41080145
1104322	7	1.7039861957644e-07	41080145
1104326	1	2.43426599394914e-08	41080145
1105104	1	2.43426599394914e-08	41080145
1105112	1	2.43426599394914e-08	41080145
1107880	1	2.43426599394914e-08	41080145
1110502	6	1.46055959636949e-07	41080145
1111069	3	7.30279798184743e-08	41080145
1111678	1	2.43426599394914e-08	41080145
1112204	3	7.30279798184743e-08	41080145
1114965	3	7.30279798184743e-08	41080145
1114966	5	1.21713299697457e-07	41080145
1114967	105	2.5559792936466e-06	41080145
1114969	1127	2.74341777518069e-05	41080145
1114970	13	3.16454579213389e-07	41080145
1116231	1	2.43426599394914e-08	41080145
1116375	6	1.46055959636949e-07	41080145
1117943	1	2.43426599394914e-08	41080145
1118959	1	2.43426599394914e-08	41080145
1118963	20	4.86853198789829e-07	41080145
1121353	1	2.43426599394914e-08	41080145
1121362	1	2.43426599394914e-08	41080145
1121451	6	1.46055959636949e-07	41080145
1123519	3	7.30279798184743e-08	41080145
1123523	1	2.43426599394914e-08	41080145
1124983	13	3.16454579213389e-07	41080145
1124991	1	2.43426599394914e-08	41080145
1125630	4	9.73706397579658e-08	41080145
1127134	2	4.86853198789829e-08	41080145
1133568	1	2.43426599394914e-08	41080145
1133849	1	2.43426599394914e-08	41080145
1133850	1	2.43426599394914e-08	41080145
1133852	1	2.43426599394914e-08	41080145
1133853	7	1.7039861957644e-07	41080145
1134454	582	1.4167428084784e-05	41080145
1134456	1	2.43426599394914e-08	41080145
1136179	498	1.21226446498667e-05	41080145
1138383	1	2.43426599394914e-08	41080145
1142394	3	7.30279798184743e-08	41080145
1144275	6	1.46055959636949e-07	41080145
1146883	2	4.86853198789829e-08	41080145
1150469	3	7.30279798184743e-08	41080145
1151116	3	7.30279798184743e-08	41080145
1155071	1	2.43426599394914e-08	41080145
1156431	2	4.86853198789829e-08	41080145
1156433	1	2.43426599394914e-08	41080145
1156913	3	7.30279798184743e-08	41080145
1163399	23	5.59881178608303e-07	41080145
1163617	1	2.43426599394914e-08	41080145
1166130	3	7.30279798184743e-08	41080145
1167634	19	4.62510538850338e-07	41080145
1170318	59	1.43621693643e-06	41080145
1171373	4	9.73706397579658e-08	41080145
1173020	5	1.21713299697457e-07	41080145
1179773	1	2.43426599394914e-08	41080145
1183438	1	2.43426599394914e-08	41080145
1185652	1	2.43426599394914e-08	41080145
1187956	6	1.46055959636949e-07	41080145
1191061	9	2.19083939455423e-07	41080145
1193292	3	7.30279798184743e-08	41080145
1194526	8	1.94741279515932e-07	41080145
1196325	14	3.4079723915288e-07	41080145
1196835	11	2.67769259334406e-07	41080145
1198114	1	2.43426599394914e-08	41080145
1198232	1	2.43426599394914e-08	41080145
1198676	1	2.43426599394914e-08	41080145
1199187	1	2.43426599394914e-08	41080145
1202772	1	2.43426599394914e-08	41080145
1203460	1	2.43426599394914e-08	41080145
1203670	11	2.67769259334406e-07	41080145
1205910	1	2.43426599394914e-08	41080145
1207075	18	4.38167878910846e-07	41080145
1208658	1	2.43426599394914e-08	41080145
1208660	5	1.21713299697457e-07	41080145
1208919	1	2.43426599394914e-08	41080145
1208920	1	2.43426599394914e-08	41080145
1208923	1	2.43426599394914e-08	41080145
1211025	1	2.43426599394914e-08	41080145
1211579	18	4.38167878910846e-07	41080145
1211705	5	1.21713299697457e-07	41080145
1214101	2	4.86853198789829e-08	41080145
1214242	3	7.30279798184743e-08	41080145
1215088	20	4.86853198789829e-07	41080145
1216976	15	3.65139899092372e-07	41080145
1219076	30	7.30279798184744e-07	41080145
1224163	1	2.43426599394914e-08	41080145
1229758	2	4.86853198789829e-08	41080145
1231389	1	2.43426599394914e-08	41080145
1234380	16	3.89482559031863e-07	41080145
1234679	2117	5.15334110919034e-05	41080145
1236903	1	2.43426599394914e-08	41080145
1241583	1	2.43426599394914e-08	41080145
1245469	8	1.94741279515932e-07	41080145
1245471	15	3.65139899092372e-07	41080145
1246301	45	1.09541969727712e-06	41080145
1249480	4	9.73706397579658e-08	41080145
1249634	1	2.43426599394914e-08	41080145
1249661	3	7.30279798184743e-08	41080145
1254432	1	2.43426599394914e-08	41080145
1254439	1	2.43426599394914e-08	41080145
1257118	2	4.86853198789829e-08	41080145
1262456	6	1.46055959636949e-07	41080145
1266845	2	4.86853198789829e-08	41080145
1267577	2	4.86853198789829e-08	41080145
1267754	3	7.30279798184743e-08	41080145
1271863	1	2.43426599394914e-08	41080145
1276282	7	1.7039861957644e-07	41080145
1279007	4	9.73706397579658e-08	41080145
1279008	5	1.21713299697457e-07	41080145
1280938	11	2.67769259334406e-07	41080145
1282356	38	9.25021077700675e-07	41080145
1283331	6	1.46055959636949e-07	41080145
1286170	3	7.30279798184743e-08	41080145
1288394	4	9.73706397579658e-08	41080145
1294143	3	7.30279798184743e-08	41080145
1298593	1	2.43426599394914e-08	41080145
1300150	1	2.43426599394914e-08	41080145
1303692	1	2.43426599394914e-08	41080145
1304892	2	4.86853198789829e-08	41080145
1313172	2	4.86853198789829e-08	41080145
1318615	1	2.43426599394914e-08	41080145
1321369	2	4.86853198789829e-08	41080145
1321370	1	2.43426599394914e-08	41080145
1322246	1	2.43426599394914e-08	41080145
1328306	3	7.30279798184743e-08	41080145
1331671	22	5.35538518668812e-07	41080145
1332188	10	2.43426599394915e-07	41080145
1338032	19	4.62510538850338e-07	41080145
1338034	6	1.46055959636949e-07	41080145
1340851	21	5.1119585872932e-07	41080145
1343740	1	2.43426599394914e-08	41080145
1345697	1	2.43426599394914e-08	41080145
1346614	3	7.30279798184743e-08	41080145
1348660	1	2.43426599394914e-08	41080145
1348662	1	2.43426599394914e-08	41080145
1367847	2	4.86853198789829e-08	41080145
1380774	1	2.43426599394914e-08	41080145
1380908	4	9.73706397579658e-08	41080145
1389489	4	9.73706397579658e-08	41080145
1394711	2	4.86853198789829e-08	41080145
1399115	1	2.43426599394914e-08	41080145
1400867	3	7.30279798184743e-08	41080145
1401659	1	2.43426599394914e-08	41080145
1408272	6	1.46055959636949e-07	41080145
1415629	7	1.7039861957644e-07	41080145
1415630	53	1.29016097679305e-06	41080145
1416914	3	7.30279798184743e-08	41080145
1427342	13	3.16454579213389e-07	41080145
1430440	3	7.30279798184743e-08	41080145
1435044	8	1.94741279515932e-07	41080145
1435058	2	4.86853198789829e-08	41080145
1435356	4	9.73706397579658e-08	41080145
1436140	5	1.21713299697457e-07	41080145
