Tax.ID	Frequency	Proportion	Total
394	3	5.6618348002298e-08	52986357
883	1	1.88727826674327e-08	52986357
1639	1	1.88727826674327e-08	52986357
2762	4	7.54911306697307e-08	52986357
2769	7	1.32109478672029e-07	52986357
2832	1	1.88727826674327e-08	52986357
2839	8	1.50982261339461e-07	52986357
2850	12	2.26473392009192e-07	52986357
2898	3	5.6618348002298e-08	52986357
2986	1	1.88727826674327e-08	52986357
4770	2	3.77455653348654e-08	52986357
4950	3	5.6618348002298e-08	52986357
5518	10	1.88727826674327e-07	52986357
5661	4	7.54911306697307e-08	52986357
5823	1	1.88727826674327e-08	52986357
5851	1	1.88727826674327e-08	52986357
5885	1	1.88727826674327e-08	52986357
5911	2	3.77455653348654e-08	52986357
5932	3	5.6618348002298e-08	52986357
10708	1	1.88727826674327e-08	52986357
10870	2	3.77455653348654e-08	52986357
31964	6	1.13236696004596e-07	52986357
35128	21	3.96328436016086e-07	52986357
35171	1	1.88727826674327e-08	52986357
35269	1	1.88727826674327e-08	52986357
35688	2	3.77455653348654e-08	52986357
36329	1	1.88727826674327e-08	52986357
36809	5	9.43639133371634e-08	52986357
43925	1	1.88727826674327e-08	52986357
44058	1	1.88727826674327e-08	52986357
46234	2	3.77455653348654e-08	52986357
48942	1	1.88727826674327e-08	52986357
52970	4	7.54911306697307e-08	52986357
55529	4	7.54911306697307e-08	52986357
56780	1	1.88727826674327e-08	52986357
60481	16	3.01964522678923e-07	52986357
62928	32	6.03929045357846e-07	52986357
62977	23	4.34074001350952e-07	52986357
63737	6	1.13236696004596e-07	52986357
69328	12	2.26473392009192e-07	52986357
72520	1	1.88727826674327e-08	52986357
75379	20	3.77455653348653e-07	52986357
76114	2	3.77455653348654e-08	52986357
76869	14	2.64218957344057e-07	52986357
78245	12	2.26473392009192e-07	52986357
82654	2	3.77455653348654e-08	52986357
83406	1	1.88727826674327e-08	52986357
85569	1	1.88727826674327e-08	52986357
85643	31	5.85056262690413e-07	52986357
91891	2	3.77455653348654e-08	52986357
94122	5	9.43639133371634e-08	52986357
96563	25	4.71819566685817e-07	52986357
100226	3	5.6618348002298e-08	52986357
101510	29	5.47310697355548e-07	52986357
103690	1	1.88727826674327e-08	52986357
106370	1	1.88727826674327e-08	52986357
109269	2	3.77455653348654e-08	52986357
110662	1	1.88727826674327e-08	52986357
114615	15	2.8309174001149e-07	52986357
122587	2	3.77455653348654e-08	52986357
126793	2	3.77455653348654e-08	52986357
134676	1	1.88727826674327e-08	52986357
137722	11	2.07600609341759e-07	52986357
145522	1	1.88727826674327e-08	52986357
150340	3	5.6618348002298e-08	52986357
155864	1	1.88727826674327e-08	52986357
156889	1	1.88727826674327e-08	52986357
158879	1	1.88727826674327e-08	52986357
159087	16	3.01964522678923e-07	52986357
160488	15	2.8309174001149e-07	52986357
160490	7	1.32109478672029e-07	52986357
160491	3	5.6618348002298e-08	52986357
160492	7	1.32109478672029e-07	52986357
164756	11	2.07600609341759e-07	52986357
164757	1	1.88727826674327e-08	52986357
170187	3	5.6618348002298e-08	52986357
171101	5	9.43639133371634e-08	52986357
176279	27	5.09565132020682e-07	52986357
176280	28	5.28437914688115e-07	52986357
176299	2	3.77455653348654e-08	52986357
177437	1	1.88727826674327e-08	52986357
179408	2	3.77455653348654e-08	52986357
186103	3	5.6618348002298e-08	52986357
187272	3	5.6618348002298e-08	52986357
187303	2	3.77455653348654e-08	52986357
188350	1	1.88727826674327e-08	52986357
188937	1	1.88727826674327e-08	52986357
189423	1	1.88727826674327e-08	52986357
189918	2	3.77455653348654e-08	52986357
190304	1	1.88727826674327e-08	52986357
190485	88	1.66080487473408e-06	52986357
190486	12	2.26473392009192e-07	52986357
190650	12	2.26473392009192e-07	52986357
191026	1	1.88727826674327e-08	52986357
193567	2	3.77455653348654e-08	52986357
195103	11	2.07600609341759e-07	52986357
196162	13	2.45346174676625e-07	52986357
196164	9	1.69855044006894e-07	52986357
196600	1	1.88727826674327e-08	52986357
198466	1	1.88727826674327e-08	52986357
198628	1	1.88727826674327e-08	52986357
203120	4	7.54911306697307e-08	52986357
203122	1	1.88727826674327e-08	52986357
203275	1	1.88727826674327e-08	52986357
204669	2	3.77455653348654e-08	52986357
204773	19	3.58582870681221e-07	52986357
205913	5	9.43639133371634e-08	52986357
205918	4	7.54911306697307e-08	52986357
205922	25	4.71819566685817e-07	52986357
208435	109	2.05713331075016e-06	52986357
208596	1	1.88727826674327e-08	52986357
208963	199	3.7556837508191e-06	52986357
208964	289	5.45423419088804e-06	52986357
209261	1	1.88727826674327e-08	52986357
211110	79	1.49094983072718e-06	52986357
211586	2	3.77455653348654e-08	52986357
216591	15	2.8309174001149e-07	52986357
216594	7	1.32109478672029e-07	52986357
216595	140	2.64218957344057e-06	52986357
216596	16	3.01964522678923e-07	52986357
216599	1	1.88727826674327e-08	52986357
216895	3	5.6618348002298e-08	52986357
218491	2	3.77455653348654e-08	52986357
218495	1	1.88727826674327e-08	52986357
220341	1095	2.06656970208388e-05	52986357
220664	18	3.39710088013788e-07	52986357
220668	1	1.88727826674327e-08	52986357
221988	4	7.54911306697307e-08	52986357
223283	8	1.50982261339461e-07	52986357
223926	6	1.13236696004596e-07	52986357
224324	1	1.88727826674327e-08	52986357
224911	31	5.85056262690413e-07	52986357
224915	1	1.88727826674327e-08	52986357
225937	1	1.88727826674327e-08	52986357
226186	4	7.54911306697307e-08	52986357
227086	4	7.54911306697307e-08	52986357
227321	1	1.88727826674327e-08	52986357
227882	3	5.6618348002298e-08	52986357
228405	6	1.13236696004596e-07	52986357
229533	5	9.43639133371634e-08	52986357
231023	11	2.07600609341759e-07	52986357
232721	1064	2.00806407581484e-05	52986357
234267	4	7.54911306697307e-08	52986357
234621	798	1.50604805686113e-05	52986357
240015	1	1.88727826674327e-08	52986357
242507	4	7.54911306697307e-08	52986357
242619	2	3.77455653348654e-08	52986357
243230	3	5.6618348002298e-08	52986357
243233	3	5.6618348002298e-08	52986357
243243	7	1.32109478672029e-07	52986357
243275	1	1.88727826674327e-08	52986357
243277	1	1.88727826674327e-08	52986357
243365	11	2.07600609341759e-07	52986357
245014	3	5.6618348002298e-08	52986357
245018	5	9.43639133371634e-08	52986357
246196	8	1.50982261339461e-07	52986357
246198	2	3.77455653348654e-08	52986357
246200	2	3.77455653348654e-08	52986357
246969	1	1.88727826674327e-08	52986357
247156	2	3.77455653348654e-08	52986357
257310	9	1.69855044006894e-07	52986357
257311	2	3.77455653348654e-08	52986357
257313	4	7.54911306697307e-08	52986357
257314	1	1.88727826674327e-08	52986357
258594	4	7.54911306697307e-08	52986357
261292	6	1.13236696004596e-07	52986357
262316	2	3.77455653348654e-08	52986357
262543	1	1.88727826674327e-08	52986357
262724	4	7.54911306697307e-08	52986357
262727	3	5.6618348002298e-08	52986357
262728	3	5.6618348002298e-08	52986357
263358	1	1.88727826674327e-08	52986357
264198	47	8.87020785369336e-07	52986357
264462	3	5.6618348002298e-08	52986357
264730	8	1.50982261339461e-07	52986357
265072	3	5.6618348002298e-08	52986357
266117	1	1.88727826674327e-08	52986357
266264	77	1.45320426539232e-06	52986357
266265	12	2.26473392009192e-07	52986357
266779	8	1.50982261339461e-07	52986357
266834	5	9.43639133371634e-08	52986357
266835	4	7.54911306697307e-08	52986357
266940	2	3.77455653348654e-08	52986357
267608	21	3.96328436016086e-07	52986357
267747	20	3.77455653348653e-07	52986357
269482	33	6.22801828025278e-07	52986357
269796	1	1.88727826674327e-08	52986357
269798	5	9.43639133371634e-08	52986357
269800	1	1.88727826674327e-08	52986357
271848	6	1.13236696004596e-07	52986357
272559	5	9.43639133371634e-08	52986357
272563	1	1.88727826674327e-08	52986357
272568	4	7.54911306697307e-08	52986357
272620	27	5.09565132020682e-07	52986357
272623	2	3.77455653348654e-08	52986357
272624	1	1.88727826674327e-08	52986357
272630	121	2.28360670275935e-06	52986357
272831	5	9.43639133371634e-08	52986357
272942	1	1.88727826674327e-08	52986357
272947	1	1.88727826674327e-08	52986357
273119	3	5.6618348002298e-08	52986357
278137	10	1.88727826674327e-07	52986357
278197	1	1.88727826674327e-08	52986357
279238	9	1.69855044006894e-07	52986357
279808	4	7.54911306697307e-08	52986357
280463	3	5.6618348002298e-08	52986357
280701	2	3.77455653348654e-08	52986357
281090	2	3.77455653348654e-08	52986357
281310	3	5.6618348002298e-08	52986357
284592	2	3.77455653348654e-08	52986357
284812	7	1.32109478672029e-07	52986357
288000	14	2.64218957344057e-07	52986357
288705	9	1.69855044006894e-07	52986357
289380	4	7.54911306697307e-08	52986357
290338	5	9.43639133371634e-08	52986357
290339	27	5.09565132020682e-07	52986357
290340	49	9.24766350704201e-07	52986357
290397	1	1.88727826674327e-08	52986357
290398	3	5.6618348002298e-08	52986357
290399	39	7.36038524029874e-07	52986357
290402	2	3.77455653348654e-08	52986357
290633	2	3.77455653348654e-08	52986357
291331	7	1.32109478672029e-07	52986357
292415	2	3.77455653348654e-08	52986357
292459	1	1.88727826674327e-08	52986357
292564	2	3.77455653348654e-08	52986357
295405	7	1.32109478672029e-07	52986357
296543	20	3.77455653348653e-07	52986357
296591	37	6.98292958695009e-07	52986357
298386	4	7.54911306697307e-08	52986357
298653	4	7.54911306697307e-08	52986357
298654	2	3.77455653348654e-08	52986357
300268	1	1.88727826674327e-08	52986357
300269	1	1.88727826674327e-08	52986357
300852	2	3.77455653348654e-08	52986357
304863	1	1.88727826674327e-08	52986357
306537	8	1.50982261339461e-07	52986357
309807	1	1.88727826674327e-08	52986357
311402	4	7.54911306697307e-08	52986357
311403	4	7.54911306697307e-08	52986357
312153	8	1.50982261339461e-07	52986357
313598	1	1.88727826674327e-08	52986357
313603	1	1.88727826674327e-08	52986357
314225	8	1.50982261339461e-07	52986357
314315	1	1.88727826674327e-08	52986357
314565	66	1.24560365605056e-06	52986357
316055	11	2.07600609341759e-07	52986357
316056	8	1.50982261339461e-07	52986357
316057	3	5.6618348002298e-08	52986357
316058	12	2.26473392009192e-07	52986357
316273	16	3.01964522678923e-07	52986357
316385	34	6.41674610692711e-07	52986357
316407	2	3.77455653348654e-08	52986357
317655	19	3.58582870681221e-07	52986357
318167	4	7.54911306697307e-08	52986357
318586	8	1.50982261339461e-07	52986357
319225	1	1.88727826674327e-08	52986357
319795	3	5.6618348002298e-08	52986357
320373	1	1.88727826674327e-08	52986357
320388	9	1.69855044006894e-07	52986357
320389	1	1.88727826674327e-08	52986357
321956	5	9.43639133371634e-08	52986357
321967	3	5.6618348002298e-08	52986357
322159	10	1.88727826674327e-07	52986357
322710	8	1.50982261339461e-07	52986357
323097	8	1.50982261339461e-07	52986357
323098	2	3.77455653348654e-08	52986357
323261	2	3.77455653348654e-08	52986357
324831	19	3.58582870681221e-07	52986357
325240	1	1.88727826674327e-08	52986357
326297	1	1.88727826674327e-08	52986357
326424	4	7.54911306697307e-08	52986357
326425	2	3.77455653348654e-08	52986357
330214	4	7.54911306697307e-08	52986357
330879	1	1.88727826674327e-08	52986357
331111	31	5.85056262690413e-07	52986357
331112	29	5.47310697355548e-07	52986357
331271	29	5.47310697355548e-07	52986357
331272	15	2.8309174001149e-07	52986357
334390	2	3.77455653348654e-08	52986357
334413	7	1.32109478672029e-07	52986357
335283	6	1.13236696004596e-07	52986357
335284	4	7.54911306697307e-08	52986357
335659	18	3.39710088013788e-07	52986357
336982	1	1.88727826674327e-08	52986357
337191	1	1.88727826674327e-08	52986357
338187	96	1.81178713607354e-06	52986357
338966	6	1.13236696004596e-07	52986357
338969	19	3.58582870681221e-07	52986357
339670	115	2.17037000675476e-06	52986357
339671	1	1.88727826674327e-08	52986357
340100	64	1.20785809071569e-06	52986357
340322	4	7.54911306697307e-08	52986357
342108	5	9.43639133371634e-08	52986357
342109	2	3.77455653348654e-08	52986357
342610	3	5.6618348002298e-08	52986357
344609	13	2.45346174676625e-07	52986357
345219	6	1.13236696004596e-07	52986357
347253	4	7.54911306697307e-08	52986357
347256	2	3.77455653348654e-08	52986357
347515	4	7.54911306697307e-08	52986357
347834	2	3.77455653348654e-08	52986357
349101	2	3.77455653348654e-08	52986357
349102	3	5.6618348002298e-08	52986357
349106	5	9.43639133371634e-08	52986357
349163	1	1.88727826674327e-08	52986357
349519	2	3.77455653348654e-08	52986357
349521	1	1.88727826674327e-08	52986357
349741	2	3.77455653348654e-08	52986357
350054	12	2.26473392009192e-07	52986357
350058	8	1.50982261339461e-07	52986357
351348	7	1.32109478672029e-07	52986357
351605	3	5.6618348002298e-08	52986357
351607	2	3.77455653348654e-08	52986357
351745	3	5.6618348002298e-08	52986357
351746	13	2.45346174676625e-07	52986357
352472	1	1.88727826674327e-08	52986357
352914	2	3.77455653348654e-08	52986357
353153	6	1.13236696004596e-07	52986357
355276	2	3.77455653348654e-08	52986357
355277	4	7.54911306697307e-08	52986357
355278	1	1.88727826674327e-08	52986357
357348	4	7.54911306697307e-08	52986357
358220	648	1.22295631684964e-05	52986357
359786	3	5.6618348002298e-08	52986357
359787	2	3.77455653348654e-08	52986357
360094	12	2.26473392009192e-07	52986357
360910	4	7.54911306697307e-08	52986357
360911	2	3.77455653348654e-08	52986357
362242	4	7.54911306697307e-08	52986357
362663	28	5.28437914688115e-07	52986357
365044	87	1.64193209206664e-06	52986357
365046	64	1.20785809071569e-06	52986357
365659	9	1.69855044006894e-07	52986357
366394	5	9.43639133371634e-08	52986357
366602	13	2.45346174676625e-07	52986357
367737	1	1.88727826674327e-08	52986357
367775	2	3.77455653348654e-08	52986357
367928	14	2.64218957344057e-07	52986357
369723	1	1.88727826674327e-08	52986357
373153	8	1.50982261339461e-07	52986357
373384	42	7.92656872032172e-07	52986357
373994	1	1.88727826674327e-08	52986357
374833	1	1.88727826674327e-08	52986357
374930	4	7.54911306697307e-08	52986357
374931	5	9.43639133371634e-08	52986357
375286	18	3.39710088013788e-07	52986357
375451	2	3.77455653348654e-08	52986357
376686	19	3.58582870681221e-07	52986357
376758	7	1.32109478672029e-07	52986357
377628	1	1.88727826674327e-08	52986357
378753	6	1.13236696004596e-07	52986357
378806	3	5.6618348002298e-08	52986357
379066	3	5.6618348002298e-08	52986357
379731	25	4.71819566685817e-07	52986357
380358	4	7.54911306697307e-08	52986357
380703	4	7.54911306697307e-08	52986357
381666	39	7.36038524029874e-07	52986357
381754	44	8.30402437367038e-07	52986357
382245	13	2.45346174676625e-07	52986357
383407	7	1.32109478672029e-07	52986357
383629	3	5.6618348002298e-08	52986357
384676	22	4.15201218683519e-07	52986357
386585	5	9.43639133371634e-08	52986357
386656	1	1.88727826674327e-08	52986357
387344	4	7.54911306697307e-08	52986357
388919	11	2.07600609341759e-07	52986357
390235	21	3.96328436016086e-07	52986357
390333	2	3.77455653348654e-08	52986357
391008	45	8.4927522003447e-07	52986357
391038	2	3.77455653348654e-08	52986357
391165	4	7.54911306697307e-08	52986357
391295	1	1.88727826674327e-08	52986357
391296	1	1.88727826674327e-08	52986357
391595	1	1.88727826674327e-08	52986357
391619	2	3.77455653348654e-08	52986357
391626	1	1.88727826674327e-08	52986357
391735	74	1.39658591739002e-06	52986357
391774	4	7.54911306697307e-08	52986357
391896	1	1.88727826674327e-08	52986357
392499	17	3.20837305346356e-07	52986357
393011	2	3.77455653348654e-08	52986357
393595	1	1.88727826674327e-08	52986357
394221	3	5.6618348002298e-08	52986357
395019	66	1.24560365605056e-06	52986357
395491	4	7.54911306697307e-08	52986357
395492	2	3.77455653348654e-08	52986357
395495	66	1.24560365605056e-06	52986357
395960	9	1.69855044006894e-07	52986357
395963	2	3.77455653348654e-08	52986357
395965	3	5.6618348002298e-08	52986357
396588	5	9.43639133371634e-08	52986357
396595	1	1.88727826674327e-08	52986357
397945	138	2.60444400810571e-06	52986357
398527	11	2.07600609341759e-07	52986357
398577	11	2.07600609341759e-07	52986357
398578	242	4.56721340551871e-06	52986357
398580	1	1.88727826674327e-08	52986357
399185	1	1.88727826674327e-08	52986357
399739	16	3.01964522678923e-07	52986357
399741	2	3.77455653348654e-08	52986357
399742	3	5.6618348002298e-08	52986357
399781	1	1.88727826674327e-08	52986357
399804	1	1.88727826674327e-08	52986357
400667	59	1.11349417737853e-06	52986357
400668	1	1.88727826674327e-08	52986357
400756	5	9.43639133371634e-08	52986357
401053	1	1.88727826674327e-08	52986357
402612	5	9.43639133371634e-08	52986357
402626	35	6.60547393360144e-07	52986357
402881	8	1.50982261339461e-07	52986357
402882	1	1.88727826674327e-08	52986357
403677	6	1.13236696004596e-07	52986357
404589	3	5.6618348002298e-08	52986357
405416	55	1.0380030467088e-06	52986357
405440	1	1.88727826674327e-08	52986357
405441	1	1.88727826674327e-08	52986357
405566	6	1.13236696004596e-07	52986357
405948	6	1.13236696004596e-07	52986357
405955	17	3.20837305346356e-07	52986357
406425	13	2.45346174676625e-07	52986357
406817	1	1.88727826674327e-08	52986357
406818	1	1.88727826674327e-08	52986357
407976	1	1.88727826674327e-08	52986357
409438	6	1.13236696004596e-07	52986357
410289	1	1.88727826674327e-08	52986357
410358	1	1.88727826674327e-08	52986357
411154	1	1.88727826674327e-08	52986357
412022	3	5.6618348002298e-08	52986357
413997	1	1.88727826674327e-08	52986357
414684	2	3.77455653348654e-08	52986357
416344	5	9.43639133371634e-08	52986357
419610	146	2.75542626944517e-06	52986357
419947	1	1.88727826674327e-08	52986357
420662	90	1.69855044006894e-06	52986357
423368	7	1.32109478672029e-07	52986357
424182	1	1.88727826674327e-08	52986357
425011	4	7.54911306697307e-08	52986357
426114	10	1.88727826674327e-07	52986357
426117	24	4.52946784018384e-07	52986357
426355	73	1.37771313472259e-06	52986357
426430	3	5.6618348002298e-08	52986357
428406	25	4.71819566685817e-07	52986357
431895	1	1.88727826674327e-08	52986357
431947	3	5.6618348002298e-08	52986357
435258	1	1.88727826674327e-08	52986357
435590	52	9.81384698706499e-07	52986357
435591	12	2.26473392009192e-07	52986357
435998	6	1.13236696004596e-07	52986357
436308	2	3.77455653348654e-08	52986357
436717	29	5.47310697355548e-07	52986357
438753	5	9.43639133371634e-08	52986357
439375	7	1.32109478672029e-07	52986357
439843	1098	2.07223153688411e-05	52986357
439855	9	1.69855044006894e-07	52986357
440085	128	2.41571618143138e-06	52986357
441620	97	1.83065991874097e-06	52986357
442563	1	1.88727826674327e-08	52986357
443143	1	1.88727826674327e-08	52986357
443906	8	1.50982261339461e-07	52986357
444178	1	1.88727826674327e-08	52986357
446462	7	1.32109478672029e-07	52986357
446465	5	9.43639133371634e-08	52986357
446466	3	5.6618348002298e-08	52986357
446468	2	3.77455653348654e-08	52986357
446469	6	1.13236696004596e-07	52986357
446470	4	7.54911306697307e-08	52986357
446471	2	3.77455653348654e-08	52986357
447217	2	3.77455653348654e-08	52986357
448385	4	7.54911306697307e-08	52986357
449447	1	1.88727826674327e-08	52986357
450851	12	2.26473392009192e-07	52986357
451516	1	1.88727826674327e-08	52986357
451705	1	1.88727826674327e-08	52986357
452638	6	1.13236696004596e-07	52986357
452652	4	7.54911306697307e-08	52986357
452662	27	5.09565132020682e-07	52986357
452863	47	8.87020785369336e-07	52986357
454169	1091	2.0590205890169e-05	52986357
455632	2	3.77455653348654e-08	52986357
456481	1	1.88727826674327e-08	52986357
457425	3	5.6618348002298e-08	52986357
460265	26	4.9069234935325e-07	52986357
464988	3	5.6618348002298e-08	52986357
465515	31	5.85056262690413e-07	52986357
467705	6	1.13236696004596e-07	52986357
469371	3	5.6618348002298e-08	52986357
469383	1	1.88727826674327e-08	52986357
469607	1	1.88727826674327e-08	52986357
471852	8	1.50982261339461e-07	52986357
471853	1	1.88727826674327e-08	52986357
471854	2	3.77455653348654e-08	52986357
471855	1	1.88727826674327e-08	52986357
472759	2	3.77455653348654e-08	52986357
477641	5	9.43639133371634e-08	52986357
478801	2	3.77455653348654e-08	52986357
479431	5	9.43639133371634e-08	52986357
479432	3	5.6618348002298e-08	52986357
479433	5	9.43639133371634e-08	52986357
479434	1	1.88727826674327e-08	52986357
479435	4	7.54911306697307e-08	52986357
479436	11	2.07600609341759e-07	52986357
480119	17	3.20837305346356e-07	52986357
481743	1	1.88727826674327e-08	52986357
481805	65	1.22673087338312e-06	52986357
481877	7	1.32109478672029e-07	52986357
482957	11	2.07600609341759e-07	52986357
483219	5	9.43639133371634e-08	52986357
484020	2	3.77455653348654e-08	52986357
484021	8	1.50982261339461e-07	52986357
484895	1	1.88727826674327e-08	52986357
484906	1	1.88727826674327e-08	52986357
485914	1	1.88727826674327e-08	52986357
485917	3	5.6618348002298e-08	52986357
485918	3	5.6618348002298e-08	52986357
487213	3	5.6618348002298e-08	52986357
487214	3	5.6618348002298e-08	52986357
487521	1	1.88727826674327e-08	52986357
488538	1	1.88727826674327e-08	52986357
491915	5	9.43639133371634e-08	52986357
491916	3	5.6618348002298e-08	52986357
491952	2	3.77455653348654e-08	52986357
497978	33	6.22801828025278e-07	52986357
498211	4	7.54911306697307e-08	52986357
498217	1	1.88727826674327e-08	52986357
498761	1	1.88727826674327e-08	52986357
502025	2	3.77455653348654e-08	52986357
502558	1	1.88727826674327e-08	52986357
504474	2	3.77455653348654e-08	52986357
504728	11	2.07600609341759e-07	52986357
504832	18	3.39710088013788e-07	52986357
505291	1	1.88727826674327e-08	52986357
505682	3	5.6618348002298e-08	52986357
507522	1	1.88727826674327e-08	52986357
508771	1	1.88727826674327e-08	52986357
509169	93	1.75516878807124e-06	52986357
509170	24	4.52946784018384e-07	52986357
509173	99	1.86840548407583e-06	52986357
509190	11	2.07600609341759e-07	52986357
510516	5	9.43639133371634e-08	52986357
511062	2	3.77455653348654e-08	52986357
511437	2	3.77455653348654e-08	52986357
512565	2	3.77455653348654e-08	52986357
512566	4	7.54911306697307e-08	52986357
515619	19	3.58582870681221e-07	52986357
515620	4	7.54911306697307e-08	52986357
516950	5	9.43639133371634e-08	52986357
518766	1	1.88727826674327e-08	52986357
519441	1	1.88727826674327e-08	52986357
519442	1	1.88727826674327e-08	52986357
521006	1	1.88727826674327e-08	52986357
521096	6	1.13236696004596e-07	52986357
522306	7	1.32109478672029e-07	52986357
522373	65	1.22673087338312e-06	52986357
523794	1	1.88727826674327e-08	52986357
525284	4	7.54911306697307e-08	52986357
525381	3	5.6618348002298e-08	52986357
525909	1	1.88727826674327e-08	52986357
526225	8	1.50982261339461e-07	52986357
526226	12	2.26473392009192e-07	52986357
526227	1	1.88727826674327e-08	52986357
531844	4	7.54911306697307e-08	52986357
535289	737	1.39092408258979e-05	52986357
536019	10	1.88727826674327e-07	52986357
536056	12	2.26473392009192e-07	52986357
543728	141	2.66106235610801e-06	52986357
543891	49	9.24766350704201e-07	52986357
543913	25	4.71819566685817e-07	52986357
544556	1	1.88727826674327e-08	52986357
545693	1	1.88727826674327e-08	52986357
545694	1	1.88727826674327e-08	52986357
547048	1	1.88727826674327e-08	52986357
548473	2	3.77455653348654e-08	52986357
548476	8	1.50982261339461e-07	52986357
550540	2	3.77455653348654e-08	52986357
550542	1	1.88727826674327e-08	52986357
553174	8	1.50982261339461e-07	52986357
553190	4	7.54911306697307e-08	52986357
553199	941	1.77592884900541e-05	52986357
553482	1	1.88727826674327e-08	52986357
554290	1	1.88727826674327e-08	52986357
555778	2	3.77455653348654e-08	52986357
557598	3	5.6618348002298e-08	52986357
557599	2	3.77455653348654e-08	52986357
557600	3	5.6618348002298e-08	52986357
557722	225	4.24637610017235e-06	52986357
557760	2	3.77455653348654e-08	52986357
559292	53	1.00025748137393e-06	52986357
559295	5	9.43639133371634e-08	52986357
559307	4	7.54911306697307e-08	52986357
561229	4	7.54911306697307e-08	52986357
561230	1	1.88727826674327e-08	52986357
561276	2	3.77455653348654e-08	52986357
563040	3	5.6618348002298e-08	52986357
565040	5	9.43639133371634e-08	52986357
565042	5	9.43639133371634e-08	52986357
565050	9	1.69855044006894e-07	52986357
565655	1	1.88727826674327e-08	52986357
568707	1	1.88727826674327e-08	52986357
568814	1	1.88727826674327e-08	52986357
571800	6	1.13236696004596e-07	52986357
572479	1	1.88727826674327e-08	52986357
573065	1	1.88727826674327e-08	52986357
573729	4	7.54911306697307e-08	52986357
574093	2	3.77455653348654e-08	52986357
574521	1	1.88727826674327e-08	52986357
575614	4	7.54911306697307e-08	52986357
575788	1	1.88727826674327e-08	52986357
577650	2	3.77455653348654e-08	52986357
578455	10	1.88727826674327e-07	52986357
579405	1	1.88727826674327e-08	52986357
580050	1	1.88727826674327e-08	52986357
580332	5	9.43639133371634e-08	52986357
581103	6	1.13236696004596e-07	52986357
582899	5	9.43639133371634e-08	52986357
583345	2	3.77455653348654e-08	52986357
585034	5	9.43639133371634e-08	52986357
585054	3	5.6618348002298e-08	52986357
585055	3	5.6618348002298e-08	52986357
585056	2	3.77455653348654e-08	52986357
585057	7	1.32109478672029e-07	52986357
585394	7	1.32109478672029e-07	52986357
585395	1	1.88727826674327e-08	52986357
585396	1102	2.07978064995108e-05	52986357
589865	1	1.88727826674327e-08	52986357
590409	2	3.77455653348654e-08	52986357
590998	3	5.6618348002298e-08	52986357
591946	1	1.88727826674327e-08	52986357
592022	1	1.88727826674327e-08	52986357
592316	1	1.88727826674327e-08	52986357
593588	3	5.6618348002298e-08	52986357
593907	6	1.13236696004596e-07	52986357
595494	2	3.77455653348654e-08	52986357
595495	15	2.8309174001149e-07	52986357
595496	11	2.07600609341759e-07	52986357
595537	125	2.35909783342908e-06	52986357
596153	211	3.98215714282829e-06	52986357
596154	150	2.8309174001149e-06	52986357
604162	1	1.88727826674327e-08	52986357
622759	1	1.88727826674327e-08	52986357
626418	6	1.13236696004596e-07	52986357
627192	18	3.39710088013788e-07	52986357
630626	1	1.88727826674327e-08	52986357
632292	1	1.88727826674327e-08	52986357
632518	1	1.88727826674327e-08	52986357
632772	19	3.58582870681221e-07	52986357
633149	8	1.50982261339461e-07	52986357
633699	3	5.6618348002298e-08	52986357
634177	1	1.88727826674327e-08	52986357
634498	1	1.88727826674327e-08	52986357
634500	2	3.77455653348654e-08	52986357
634956	4	7.54911306697307e-08	52986357
637379	12	2.26473392009192e-07	52986357
637910	1	1.88727826674327e-08	52986357
638303	1	1.88727826674327e-08	52986357
639283	7	1.32109478672029e-07	52986357
640081	23	4.34074001350952e-07	52986357
640132	1	1.88727826674327e-08	52986357
640511	5	9.43639133371634e-08	52986357
640512	3	5.6618348002298e-08	52986357
641491	2	3.77455653348654e-08	52986357
643561	94	1.77404157073867e-06	52986357
643562	2	3.77455653348654e-08	52986357
644042	1	1.88727826674327e-08	52986357
644282	1	1.88727826674327e-08	52986357
644283	1	1.88727826674327e-08	52986357
644284	1	1.88727826674327e-08	52986357
644801	5	9.43639133371634e-08	52986357
644966	2	3.77455653348654e-08	52986357
645127	19	3.58582870681221e-07	52986357
645463	1	1.88727826674327e-08	52986357
646529	1	1.88727826674327e-08	52986357
648757	2	3.77455653348654e-08	52986357
648996	1	1.88727826674327e-08	52986357
649349	2	3.77455653348654e-08	52986357
649638	2	3.77455653348654e-08	52986357
649831	2	3.77455653348654e-08	52986357
650150	8	1.50982261339461e-07	52986357
652103	9	1.69855044006894e-07	52986357
656024	1	1.88727826674327e-08	52986357
656519	3	5.6618348002298e-08	52986357
657308	1	1.88727826674327e-08	52986357
657309	9	1.69855044006894e-07	52986357
657313	8	1.50982261339461e-07	52986357
657314	3	5.6618348002298e-08	52986357
657315	7	1.32109478672029e-07	52986357
657316	7	1.32109478672029e-07	52986357
657317	21	3.96328436016086e-07	52986357
657318	20	3.77455653348653e-07	52986357
657321	7	1.32109478672029e-07	52986357
657322	4	7.54911306697307e-08	52986357
657323	12	2.26473392009192e-07	52986357
661367	3	5.6618348002298e-08	52986357
661410	141	2.66106235610801e-06	52986357
662755	5	9.43639133371634e-08	52986357
663954	5	9.43639133371634e-08	52986357
666681	3	5.6618348002298e-08	52986357
666685	6	1.13236696004596e-07	52986357
667015	1	1.88727826674327e-08	52986357
670307	2	3.77455653348654e-08	52986357
670487	3	5.6618348002298e-08	52986357
675635	5	9.43639133371634e-08	52986357
679935	2	3.77455653348654e-08	52986357
680198	3	5.6618348002298e-08	52986357
680646	8	1.50982261339461e-07	52986357
682634	1	1.88727826674327e-08	52986357
682795	1	1.88727826674327e-08	52986357
684738	2	3.77455653348654e-08	52986357
685038	1	1.88727826674327e-08	52986357
685039	1	1.88727826674327e-08	52986357
685727	8	1.50982261339461e-07	52986357
688245	80	1.50982261339461e-06	52986357
688270	1	1.88727826674327e-08	52986357
690566	12	2.26473392009192e-07	52986357
690850	2	3.77455653348654e-08	52986357
693970	1	1.88727826674327e-08	52986357
693977	1	1.88727826674327e-08	52986357
693978	18	3.39710088013788e-07	52986357
693979	1	1.88727826674327e-08	52986357
693982	3	5.6618348002298e-08	52986357
694427	2	3.77455653348654e-08	52986357
695562	1	1.88727826674327e-08	52986357
696406	2	3.77455653348654e-08	52986357
696749	4	7.54911306697307e-08	52986357
698737	3	5.6618348002298e-08	52986357
698761	2	3.77455653348654e-08	52986357
698962	1	1.88727826674327e-08	52986357
698968	1	1.88727826674327e-08	52986357
698969	2	3.77455653348654e-08	52986357
698970	1	1.88727826674327e-08	52986357
698973	2	3.77455653348654e-08	52986357
699032	1	1.88727826674327e-08	52986357
699033	1	1.88727826674327e-08	52986357
699246	1	1.88727826674327e-08	52986357
700508	5	9.43639133371634e-08	52986357
700598	1	1.88727826674327e-08	52986357
701347	2	3.77455653348654e-08	52986357
702113	16	3.01964522678923e-07	52986357
702459	1	1.88727826674327e-08	52986357
706587	1	1.88727826674327e-08	52986357
707241	1	1.88727826674327e-08	52986357
709032	2	3.77455653348654e-08	52986357
709986	3	5.6618348002298e-08	52986357
709991	5	9.43639133371634e-08	52986357
710421	6	1.13236696004596e-07	52986357
710685	5	9.43639133371634e-08	52986357
710696	6	1.13236696004596e-07	52986357
713604	5	9.43639133371634e-08	52986357
716541	30	5.6618348002298e-07	52986357
717774	2	3.77455653348654e-08	52986357
717785	2	3.77455653348654e-08	52986357
717959	3	5.6618348002298e-08	52986357
717960	2	3.77455653348654e-08	52986357
717962	4	7.54911306697307e-08	52986357
718251	1	1.88727826674327e-08	52986357
718252	7	1.32109478672029e-07	52986357
718254	2	3.77455653348654e-08	52986357
718255	8	1.50982261339461e-07	52986357
718274	4	7.54911306697307e-08	52986357
722911	1	1.88727826674327e-08	52986357
742013	152	2.86866296544977e-06	52986357
743525	80	1.50982261339461e-06	52986357
743718	6	1.13236696004596e-07	52986357
743720	5	9.43639133371634e-08	52986357
743721	11	2.07600609341759e-07	52986357
743722	1	1.88727826674327e-08	52986357
744533	4	7.54911306697307e-08	52986357
745277	1	1.88727826674327e-08	52986357
745310	37	6.98292958695009e-07	52986357
748247	9	1.69855044006894e-07	52986357
748280	5	9.43639133371634e-08	52986357
748671	15	2.8309174001149e-07	52986357
749414	3	5.6618348002298e-08	52986357
749927	6	1.13236696004596e-07	52986357
751585	2	3.77455653348654e-08	52986357
751945	6	1.13236696004596e-07	52986357
754035	4	7.54911306697307e-08	52986357
754252	5	9.43639133371634e-08	52986357
754476	1	1.88727826674327e-08	52986357
754477	8	1.50982261339461e-07	52986357
755732	2	3.77455653348654e-08	52986357
757424	35	6.60547393360144e-07	52986357
758793	3	5.6618348002298e-08	52986357
759362	1	1.88727826674327e-08	52986357
759914	2	3.77455653348654e-08	52986357
760192	1	1.88727826674327e-08	52986357
760568	1	1.88727826674327e-08	52986357
760570	5	9.43639133371634e-08	52986357
761193	2	3.77455653348654e-08	52986357
761659	1	1.88727826674327e-08	52986357
762376	21	3.96328436016086e-07	52986357
762570	1	1.88727826674327e-08	52986357
762633	8	1.50982261339461e-07	52986357
762903	9	1.69855044006894e-07	52986357
762948	7	1.32109478672029e-07	52986357
765698	5	9.43639133371634e-08	52986357
765874	1	1.88727826674327e-08	52986357
765911	1	1.88727826674327e-08	52986357
765912	3	5.6618348002298e-08	52986357
767029	3	5.6618348002298e-08	52986357
767031	3	5.6618348002298e-08	52986357
767434	2	3.77455653348654e-08	52986357
767455	1	1.88727826674327e-08	52986357
767463	10	1.88727826674327e-07	52986357
768066	4	7.54911306697307e-08	52986357
768490	1	1.88727826674327e-08	52986357
768704	1	1.88727826674327e-08	52986357
797210	1	1.88727826674327e-08	52986357
798128	4	7.54911306697307e-08	52986357
857087	1	1.88727826674327e-08	52986357
858619	4	7.54911306697307e-08	52986357
859655	9	1.69855044006894e-07	52986357
859656	7	1.32109478672029e-07	52986357
859657	18	3.39710088013788e-07	52986357
861208	3	5.6618348002298e-08	52986357
861360	12	2.26473392009192e-07	52986357
862719	7	1.32109478672029e-07	52986357
862962	9	1.69855044006894e-07	52986357
862964	1	1.88727826674327e-08	52986357
862965	2	3.77455653348654e-08	52986357
862970	1	1.88727826674327e-08	52986357
862971	1	1.88727826674327e-08	52986357
865938	3	5.6618348002298e-08	52986357
866630	2	3.77455653348654e-08	52986357
866768	39	7.36038524029874e-07	52986357
867900	4	7.54911306697307e-08	52986357
868597	47	8.87020785369336e-07	52986357
869215	1	1.88727826674327e-08	52986357
869306	1	1.88727826674327e-08	52986357
869309	10	1.88727826674327e-07	52986357
869729	3	5.6618348002298e-08	52986357
871585	16	3.01964522678923e-07	52986357
875328	2	3.77455653348654e-08	52986357
880591	3	5.6618348002298e-08	52986357
880758	8	1.50982261339461e-07	52986357
881621	1	1.88727826674327e-08	52986357
882102	2	3.77455653348654e-08	52986357
882378	1	1.88727826674327e-08	52986357
882884	3	5.6618348002298e-08	52986357
882944	1	1.88727826674327e-08	52986357
883062	2	3.77455653348654e-08	52986357
884204	3	5.6618348002298e-08	52986357
887061	3	5.6618348002298e-08	52986357
889738	10	1.88727826674327e-07	52986357
889932	2	3.77455653348654e-08	52986357
890402	6	1.13236696004596e-07	52986357
891391	2	3.77455653348654e-08	52986357
903814	1	1.88727826674327e-08	52986357
905079	4	7.54911306697307e-08	52986357
908937	2	3.77455653348654e-08	52986357
909952	65	1.22673087338312e-06	52986357
910348	1	1.88727826674327e-08	52986357
911045	1	1.88727826674327e-08	52986357
926562	2	3.77455653348654e-08	52986357
926570	3	5.6618348002298e-08	52986357
927666	12	2.26473392009192e-07	52986357
929102	2	3.77455653348654e-08	52986357
929439	9	1.69855044006894e-07	52986357
929562	3	5.6618348002298e-08	52986357
930171	70	1.32109478672029e-06	52986357
930944	1	1.88727826674327e-08	52986357
931281	6	1.13236696004596e-07	52986357
933093	1	1.88727826674327e-08	52986357
935296	2	3.77455653348654e-08	52986357
935897	2	3.77455653348654e-08	52986357
937777	2	3.77455653348654e-08	52986357
941193	66	1.24560365605056e-06	52986357
942513	1	1.88727826674327e-08	52986357
944546	2	3.77455653348654e-08	52986357
944547	2	3.77455653348654e-08	52986357
945556	1	1.88727826674327e-08	52986357
946483	7	1.32109478672029e-07	52986357
953739	2	3.77455653348654e-08	52986357
977880	14	2.64218957344057e-07	52986357
979556	13	2.45346174676625e-07	52986357
980514	9	1.69855044006894e-07	52986357
981368	7	1.32109478672029e-07	52986357
983544	3	5.6618348002298e-08	52986357
983548	1	1.88727826674327e-08	52986357
983917	66	1.24560365605056e-06	52986357
984262	1	1.88727826674327e-08	52986357
984892	1	1.88727826674327e-08	52986357
990315	65	1.22673087338312e-06	52986357
990316	2	3.77455653348654e-08	52986357
990317	1	1.88727826674327e-08	52986357
991905	8	1.50982261339461e-07	52986357
992406	4	7.54911306697307e-08	52986357
994476	1	1.88727826674327e-08	52986357
994484	25	4.71819566685817e-07	52986357
996285	9	1.69855044006894e-07	52986357
998088	5	9.43639133371634e-08	52986357
999541	8	1.50982261339461e-07	52986357
999552	3	5.6618348002298e-08	52986357
999953	1	1.88727826674327e-08	52986357
1001583	5	9.43639133371634e-08	52986357
1001585	14	2.64218957344057e-07	52986357
1002809	1	1.88727826674327e-08	52986357
1003195	2	3.77455653348654e-08	52986357
1005041	3	5.6618348002298e-08	52986357
1005048	64	1.20785809071569e-06	52986357
1006007	1	1.88727826674327e-08	52986357
1006551	2	3.77455653348654e-08	52986357
1007105	1	1.88727826674327e-08	52986357
1009464	3	5.6618348002298e-08	52986357
1009846	26	4.9069234935325e-07	52986357
1016998	2	3.77455653348654e-08	52986357
1029756	7	1.32109478672029e-07	52986357
1030843	3	5.6618348002298e-08	52986357
1031709	40	7.54911306697307e-07	52986357
1031710	6	1.13236696004596e-07	52986357
1031711	4	7.54911306697307e-08	52986357
1032480	5	9.43639133371634e-08	52986357
1034807	7	1.32109478672029e-07	52986357
1034809	2	3.77455653348654e-08	52986357
1036172	1	1.88727826674327e-08	52986357
1036672	2	3.77455653348654e-08	52986357
1036743	1	1.88727826674327e-08	52986357
1037409	26	4.9069234935325e-07	52986357
1037911	108	2.03826052808273e-06	52986357
1041826	1	1.88727826674327e-08	52986357
1042156	1	1.88727826674327e-08	52986357
1042417	2	3.77455653348654e-08	52986357
1042876	20	3.77455653348653e-07	52986357
1042878	17	3.20837305346356e-07	52986357
1045855	10	1.88727826674327e-07	52986357
1045856	1	1.88727826674327e-08	52986357
1046624	1	1.88727826674327e-08	52986357
1046629	7	1.32109478672029e-07	52986357
1048260	1	1.88727826674327e-08	52986357
1048332	7	1.32109478672029e-07	52986357
1049565	2	3.77455653348654e-08	52986357
1051072	1	1.88727826674327e-08	52986357
1051074	1	1.88727826674327e-08	52986357
1054460	5	9.43639133371634e-08	52986357
1064535	1	1.88727826674327e-08	52986357
1064539	11	2.07600609341759e-07	52986357
1064592	4	7.54911306697307e-08	52986357
1069534	1	1.88727826674327e-08	52986357
1071378	1	1.88727826674327e-08	52986357
1071381	4	7.54911306697307e-08	52986357
1071382	2	3.77455653348654e-08	52986357
1074919	1	1.88727826674327e-08	52986357
1075089	1	1.88727826674327e-08	52986357
1076934	1	1.88727826674327e-08	52986357
1082931	2	3.77455653348654e-08	52986357
1089456	198	3.73681096815167e-06	52986357
1091045	384	7.24714854429415e-06	52986357
1091494	1	1.88727826674327e-08	52986357
1093141	3	5.6618348002298e-08	52986357
1093787	40	7.54911306697307e-07	52986357
1094466	5	9.43639133371634e-08	52986357
1095774	1	1.88727826674327e-08	52986357
1096996	17	3.20837305346356e-07	52986357
1097668	8	1.50982261339461e-07	52986357
1097677	3	5.6618348002298e-08	52986357
1104322	1	1.88727826674327e-08	52986357
1104326	3	5.6618348002298e-08	52986357
1107880	4	7.54911306697307e-08	52986357
1110502	7	1.32109478672029e-07	52986357
1111068	1	1.88727826674327e-08	52986357
1111069	6	1.13236696004596e-07	52986357
1112204	2	3.77455653348654e-08	52986357
1114965	4	7.54911306697307e-08	52986357
1114966	7	1.32109478672029e-07	52986357
1114967	54	1.01913026404136e-06	52986357
1114969	885	1.67024126606779e-05	52986357
1114970	27	5.09565132020682e-07	52986357
1117943	4	7.54911306697307e-08	52986357
1118959	1	1.88727826674327e-08	52986357
1118963	23	4.34074001350952e-07	52986357
1121353	2	3.77455653348654e-08	52986357
1121362	4	7.54911306697307e-08	52986357
1121448	1	1.88727826674327e-08	52986357
1121451	1	1.88727826674327e-08	52986357
1123519	7	1.32109478672029e-07	52986357
1123863	1	1.88727826674327e-08	52986357
1124936	2	3.77455653348654e-08	52986357
1124983	24	4.52946784018384e-07	52986357
1124991	2	3.77455653348654e-08	52986357
1125630	4	7.54911306697307e-08	52986357
1127134	5	9.43639133371634e-08	52986357
1128398	1	1.88727826674327e-08	52986357
1133568	2	3.77455653348654e-08	52986357
1133849	2	3.77455653348654e-08	52986357
1133850	2	3.77455653348654e-08	52986357
1133852	2	3.77455653348654e-08	52986357
1133853	3	5.6618348002298e-08	52986357
1134454	480	9.05893568036768e-06	52986357
1134456	1	1.88727826674327e-08	52986357
1136179	777	1.46641521325952e-05	52986357
1137651	5	9.43639133371634e-08	52986357
1138308	1	1.88727826674327e-08	52986357
1138382	1	1.88727826674327e-08	52986357
1138871	1	1.88727826674327e-08	52986357
1142394	1	1.88727826674327e-08	52986357
1144275	3	5.6618348002298e-08	52986357
1146883	4	7.54911306697307e-08	52986357
1150469	1	1.88727826674327e-08	52986357
1156431	3	5.6618348002298e-08	52986357
1156433	2	3.77455653348654e-08	52986357
1156913	4	7.54911306697307e-08	52986357
1161918	2	3.77455653348654e-08	52986357
1162668	4	7.54911306697307e-08	52986357
1163399	47	8.87020785369336e-07	52986357
1163617	2	3.77455653348654e-08	52986357
1163748	2	3.77455653348654e-08	52986357
1166016	1	1.88727826674327e-08	52986357
1166018	1	1.88727826674327e-08	52986357
1166130	4	7.54911306697307e-08	52986357
1167634	43	8.11529654699605e-07	52986357
1170318	36	6.79420176027576e-07	52986357
1171373	4	7.54911306697307e-08	52986357
1171376	1	1.88727826674327e-08	52986357
1173020	2	3.77455653348654e-08	52986357
1173025	1	1.88727826674327e-08	52986357
1179773	5	9.43639133371634e-08	52986357
1185652	2	3.77455653348654e-08	52986357
1187956	2	3.77455653348654e-08	52986357
1191061	11	2.07600609341759e-07	52986357
1193292	9	1.69855044006894e-07	52986357
1193576	1	1.88727826674327e-08	52986357
1194526	14	2.64218957344057e-07	52986357
1196325	10	1.88727826674327e-07	52986357
1196835	16	3.01964522678923e-07	52986357
1198114	1	1.88727826674327e-08	52986357
1198627	2	3.77455653348654e-08	52986357
1199187	2	3.77455653348654e-08	52986357
1203670	17	3.20837305346356e-07	52986357
1204414	4	7.54911306697307e-08	52986357
1205674	1	1.88727826674327e-08	52986357
1205677	1	1.88727826674327e-08	52986357
1205910	3	5.6618348002298e-08	52986357
1207075	24	4.52946784018384e-07	52986357
1208658	1	1.88727826674327e-08	52986357
1208660	6	1.13236696004596e-07	52986357
1209989	2	3.77455653348654e-08	52986357
1211579	6	1.13236696004596e-07	52986357
1214101	3	5.6618348002298e-08	52986357
1214242	2	3.77455653348654e-08	52986357
1215088	26	4.9069234935325e-07	52986357
1216976	41	7.7378408936474e-07	52986357
1218933	1	1.88727826674327e-08	52986357
1228997	2	3.77455653348654e-08	52986357
1231389	1	1.88727826674327e-08	52986357
1234380	5	9.43639133371634e-08	52986357
1234679	139	2.62331679077314e-06	52986357
1244085	1	1.88727826674327e-08	52986357
1245469	9	1.69855044006894e-07	52986357
1245471	20	3.77455653348653e-07	52986357
1246301	91	1.71742322273637e-06	52986357
1246995	5	9.43639133371634e-08	52986357
1249480	1	1.88727826674327e-08	52986357
1249526	1	1.88727826674327e-08	52986357
1249531	1	1.88727826674327e-08	52986357
1249661	1	1.88727826674327e-08	52986357
1254432	4	7.54911306697307e-08	52986357
1254439	2	3.77455653348654e-08	52986357
1255043	2	3.77455653348654e-08	52986357
1257118	1	1.88727826674327e-08	52986357
1260292	1	1.88727826674327e-08	52986357
1261126	1	1.88727826674327e-08	52986357
1262456	7	1.32109478672029e-07	52986357
1267754	3	5.6618348002298e-08	52986357
1271752	2	3.77455653348654e-08	52986357
1271863	1	1.88727826674327e-08	52986357
1271864	1	1.88727826674327e-08	52986357
1276282	5	9.43639133371634e-08	52986357
1278073	2	3.77455653348654e-08	52986357
1279007	6	1.13236696004596e-07	52986357
1279008	23	4.34074001350952e-07	52986357
1280938	22	4.15201218683519e-07	52986357
1282356	56	1.05687582937623e-06	52986357
1283331	3	5.6618348002298e-08	52986357
1286640	1	1.88727826674327e-08	52986357
1288394	2	3.77455653348654e-08	52986357
1294143	9	1.69855044006894e-07	52986357
1298593	1	1.88727826674327e-08	52986357
1302863	3	5.6618348002298e-08	52986357
1303024	1	1.88727826674327e-08	52986357
1303692	2	3.77455653348654e-08	52986357
1304892	11	2.07600609341759e-07	52986357
1309806	5	9.43639133371634e-08	52986357
1309807	1	1.88727826674327e-08	52986357
1313172	7	1.32109478672029e-07	52986357
1316932	1	1.88727826674327e-08	52986357
1318615	1	1.88727826674327e-08	52986357
1327988	1	1.88727826674327e-08	52986357
1328306	3	5.6618348002298e-08	52986357
1331671	12	2.26473392009192e-07	52986357
1332188	12	2.26473392009192e-07	52986357
1334187	1	1.88727826674327e-08	52986357
1335307	2	3.77455653348654e-08	52986357
1338032	4	7.54911306697307e-08	52986357
1340851	64	1.20785809071569e-06	52986357
1343740	1	1.88727826674327e-08	52986357
1346614	1	1.88727826674327e-08	52986357
1348660	1	1.88727826674327e-08	52986357
1348662	1	1.88727826674327e-08	52986357
1367847	2	3.77455653348654e-08	52986357
1380774	6	1.13236696004596e-07	52986357
1380908	11	2.07600609341759e-07	52986357
1389489	2	3.77455653348654e-08	52986357
1399115	2	3.77455653348654e-08	52986357
1400867	4	7.54911306697307e-08	52986357
1401659	1	1.88727826674327e-08	52986357
1408186	1	1.88727826674327e-08	52986357
1408272	11	2.07600609341759e-07	52986357
1415629	5	9.43639133371634e-08	52986357
1415630	111	2.09487887608503e-06	52986357
1416914	15	2.8309174001149e-07	52986357
1427342	43	8.11529654699605e-07	52986357
1430440	2	3.77455653348654e-08	52986357
1435044	8	1.50982261339461e-07	52986357
1435356	6	1.13236696004596e-07	52986357
1436140	2	3.77455653348654e-08	52986357
