Tax.ID	Frequency	Proportion	Total
1511	1	3.72672492581209e-08	26833212
2839	3	1.11801747774363e-07	26833212
2850	2	7.45344985162417e-08	26833212
4770	1	3.72672492581209e-08	26833212
5661	1	3.72672492581209e-08	26833212
5778	1	3.72672492581209e-08	26833212
5786	1	3.72672492581209e-08	26833212
5932	1	3.72672492581209e-08	26833212
10679	23	8.5714673293678e-07	26833212
28173	1	3.72672492581209e-08	26833212
31271	1	3.72672492581209e-08	26833212
31964	4	1.49068997032483e-07	26833212
35128	5	1.86336246290604e-07	26833212
36870	3	1.11801747774363e-07	26833212
40631	1	3.72672492581209e-08	26833212
44058	1	3.72672492581209e-08	26833212
45406	7	2.60870744806846e-07	26833212
52970	2	7.45344985162417e-08	26833212
56107	1	3.72672492581209e-08	26833212
60481	718	2.67578849673308e-05	26833212
62928	3	1.11801747774363e-07	26833212
62977	3	1.11801747774363e-07	26833212
63186	1	3.72672492581209e-08	26833212
65071	1	3.72672492581209e-08	26833212
67593	1	3.72672492581209e-08	26833212
69328	8	2.98137994064967e-07	26833212
75379	6	2.23603495548725e-07	26833212
76869	4	1.49068997032483e-07	26833212
78245	2	7.45344985162417e-08	26833212
83406	1	3.72672492581209e-08	26833212
85643	3	1.11801747774363e-07	26833212
96563	2	7.45344985162417e-08	26833212
99287	66	2.45963845103598e-06	26833212
100226	1	3.72672492581209e-08	26833212
101510	8	2.98137994064967e-07	26833212
107806	4	1.49068997032483e-07	26833212
114615	3	1.11801747774363e-07	26833212
134287	1	3.72672492581209e-08	26833212
134676	1	3.72672492581209e-08	26833212
150340	4	1.49068997032483e-07	26833212
153948	1	3.72672492581209e-08	26833212
155864	5663	0.000211044432548738	26833212
158189	1	3.72672492581209e-08	26833212
158879	1	3.72672492581209e-08	26833212
159087	2	7.45344985162417e-08	26833212
160490	1	3.72672492581209e-08	26833212
160492	1	3.72672492581209e-08	26833212
160619	4	1.49068997032483e-07	26833212
164328	1	3.72672492581209e-08	26833212
164756	7	2.60870744806846e-07	26833212
164757	2	7.45344985162417e-08	26833212
171101	1	3.72672492581209e-08	26833212
176279	10	3.72672492581209e-07	26833212
176280	11	4.0993974183933e-07	26833212
176299	2	7.45344985162417e-08	26833212
177439	1	3.72672492581209e-08	26833212
179408	15	5.59008738871813e-07	26833212
180816	1	3.72672492581209e-08	26833212
187272	5	1.86336246290604e-07	26833212
187410	26	9.68948480711143e-07	26833212
189918	1	3.72672492581209e-08	26833212
190304	3	1.11801747774363e-07	26833212
190485	7	2.60870744806846e-07	26833212
190486	1	3.72672492581209e-08	26833212
190650	1	3.72672492581209e-08	26833212
195103	6	2.23603495548725e-07	26833212
196162	6	2.23603495548725e-07	26833212
196164	23	8.5714673293678e-07	26833212
196600	1	3.72672492581209e-08	26833212
198214	1541	5.74288311067643e-05	26833212
198215	7752	0.000288895716248953	26833212
198628	17	6.33543237388055e-07	26833212
198804	1	3.72672492581209e-08	26833212
199310	22177	0.000826475786797346	26833212
203119	2	7.45344985162417e-08	26833212
203120	1	3.72672492581209e-08	26833212
203267	1	3.72672492581209e-08	26833212
203275	3	1.11801747774363e-07	26833212
204536	1	3.72672492581209e-08	26833212
204773	8	2.98137994064967e-07	26833212
205913	5	1.86336246290604e-07	26833212
205914	299	1.11429075281781e-05	26833212
205922	8	2.98137994064967e-07	26833212
207559	2	7.45344985162417e-08	26833212
208435	1	3.72672492581209e-08	26833212
208596	6	2.23603495548725e-07	26833212
208963	19	7.08077735904296e-07	26833212
208964	3	1.11801747774363e-07	26833212
209261	56	2.08696595845477e-06	26833212
211110	1	3.72672492581209e-08	26833212
214092	978	3.64473697744422e-05	26833212
215689	15	5.59008738871813e-07	26833212
216432	1	3.72672492581209e-08	26833212
216591	2	7.45344985162417e-08	26833212
216592	1454	5.41865804213077e-05	26833212
216594	1	3.72672492581209e-08	26833212
216595	17	6.33543237388055e-07	26833212
216596	4	1.49068997032483e-07	26833212
216599	3062	0.000114112317228366	26833212
218491	64	2.38510395251974e-06	26833212
218493	29	1.08075022848551e-06	26833212
218496	1	3.72672492581209e-08	26833212
220341	1333	4.96772432610751e-05	26833212
220664	1	3.72672492581209e-08	26833212
223283	3	1.11801747774363e-07	26833212
224308	1	3.72672492581209e-08	26833212
225937	1	3.72672492581209e-08	26833212
226186	23	8.5714673293678e-07	26833212
227940	187	6.9689756112686e-06	26833212
228400	1	3.72672492581209e-08	26833212
228410	1	3.72672492581209e-08	26833212
229193	3	1.11801747774363e-07	26833212
231023	1	3.72672492581209e-08	26833212
232721	53	1.97516421068041e-06	26833212
233412	4	1.49068997032483e-07	26833212
234621	216	8.04972583975411e-06	26833212
243159	1	3.72672492581209e-08	26833212
243243	1	3.72672492581209e-08	26833212
243265	4	1.49068997032483e-07	26833212
243277	1	3.72672492581209e-08	26833212
245014	7	2.60870744806846e-07	26833212
245018	27	1.00621572996926e-06	26833212
246197	3	1.11801747774363e-07	26833212
246198	4	1.49068997032483e-07	26833212
247156	3	1.11801747774363e-07	26833212
257309	1	3.72672492581209e-08	26833212
257310	1	3.72672492581209e-08	26833212
257311	1	3.72672492581209e-08	26833212
258594	2	7.45344985162417e-08	26833212
259536	11	4.0993974183933e-07	26833212
261292	11	4.0993974183933e-07	26833212
262724	5	1.86336246290604e-07	26833212
262728	85	3.16771618694027e-06	26833212
263358	1	3.72672492581209e-08	26833212
264198	2	7.45344985162417e-08	26833212
264199	1	3.72672492581209e-08	26833212
264730	1	3.72672492581209e-08	26833212
264731	3	1.11801747774363e-07	26833212
265072	4	1.49068997032483e-07	26833212
266264	7	2.60870744806846e-07	26833212
266265	3	1.11801747774363e-07	26833212
266779	20	7.45344985162417e-07	26833212
266834	1	3.72672492581209e-08	26833212
266835	2	7.45344985162417e-08	26833212
267608	3	1.11801747774363e-07	26833212
269482	3	1.11801747774363e-07	26833212
269797	5	1.86336246290604e-07	26833212
269798	3	1.11801747774363e-07	26833212
272559	9	3.35405243323088e-07	26833212
272563	3	1.11801747774363e-07	26833212
272620	1673	6.23481080088362e-05	26833212
272622	4	1.49068997032483e-07	26833212
272623	4	1.49068997032483e-07	26833212
272630	1	3.72672492581209e-08	26833212
272831	3	1.11801747774363e-07	26833212
273123	3	1.11801747774363e-07	26833212
278137	1	3.72672492581209e-08	26833212
279238	1	3.72672492581209e-08	26833212
280699	3	1.11801747774363e-07	26833212
281090	2	7.45344985162417e-08	26833212
281310	107	3.98759567061893e-06	26833212
284592	1	3.72672492581209e-08	26833212
284812	2	7.45344985162417e-08	26833212
288000	2	7.45344985162417e-08	26833212
290338	5385	0.000200684137254981	26833212
290339	463	1.725473640651e-05	26833212
290340	11	4.0993974183933e-07	26833212
290397	1	3.72672492581209e-08	26833212
290399	4	1.49068997032483e-07	26833212
290400	1	3.72672492581209e-08	26833212
291112	10	3.72672492581209e-07	26833212
292415	1	3.72672492581209e-08	26833212
295319	3	1.11801747774363e-07	26833212
295405	17	6.33543237388055e-07	26833212
296543	1	3.72672492581209e-08	26833212
296591	25	9.31681231453022e-07	26833212
298653	3	1.11801747774363e-07	26833212
300267	8376	0.00031215047978602	26833212
300268	2062	7.68450679702452e-05	26833212
300269	1863	6.94288853678792e-05	26833212
300852	2	7.45344985162417e-08	26833212
306537	61	2.27330220474537e-06	26833212
311402	1	3.72672492581209e-08	26833212
312153	1	3.72672492581209e-08	26833212
313595	1	3.72672492581209e-08	26833212
313596	1	3.72672492581209e-08	26833212
313603	1	3.72672492581209e-08	26833212
314225	1	3.72672492581209e-08	26833212
314282	1	3.72672492581209e-08	26833212
314565	4	1.49068997032483e-07	26833212
316055	5	1.86336246290604e-07	26833212
316056	2	7.45344985162417e-08	26833212
316057	1	3.72672492581209e-08	26833212
316058	2	7.45344985162417e-08	26833212
316067	1	3.72672492581209e-08	26833212
316275	4	1.49068997032483e-07	26833212
316385	3264	0.000121640301578507	26833212
316401	378	1.40870202195697e-05	26833212
316407	769	2.86585146794949e-05	26833212
317025	2	7.45344985162417e-08	26833212
317655	2	7.45344985162417e-08	26833212
318167	11	4.0993974183933e-07	26833212
319224	2	7.45344985162417e-08	26833212
319795	2	7.45344985162417e-08	26833212
320388	1	3.72672492581209e-08	26833212
321314	7	2.60870744806846e-07	26833212
321967	2	7.45344985162417e-08	26833212
322159	11	4.0993974183933e-07	26833212
322710	1	3.72672492581209e-08	26833212
323097	1	3.72672492581209e-08	26833212
323850	2	7.45344985162417e-08	26833212
325240	2	7.45344985162417e-08	26833212
326297	1	3.72672492581209e-08	26833212
326424	3	1.11801747774363e-07	26833212
326442	1	3.72672492581209e-08	26833212
330214	1	3.72672492581209e-08	26833212
331111	15511	0.000578052303242713	26833212
331112	4643	0.000173031838305455	26833212
331271	3	1.11801747774363e-07	26833212
331272	3	1.11801747774363e-07	26833212
334413	6	2.23603495548725e-07	26833212
335283	8	2.98137994064967e-07	26833212
335284	17	6.33543237388055e-07	26833212
335543	2	7.45344985162417e-08	26833212
335659	2	7.45344985162417e-08	26833212
335992	1	3.72672492581209e-08	26833212
338187	1	3.72672492581209e-08	26833212
338966	3	1.11801747774363e-07	26833212
338969	13	4.84474240355571e-07	26833212
339670	10	3.72672492581209e-07	26833212
339671	5	1.86336246290604e-07	26833212
339860	1	3.72672492581209e-08	26833212
340100	9	3.35405243323088e-07	26833212
340322	5	1.86336246290604e-07	26833212
342610	45	1.67702621661544e-06	26833212
343509	2	7.45344985162417e-08	26833212
343516	2	7.45344985162417e-08	26833212
344609	26426	0.000984824328895102	26833212
345073	1	3.72672492581209e-08	26833212
345219	1	3.72672492581209e-08	26833212
347253	6	2.23603495548725e-07	26833212
347515	1	3.72672492581209e-08	26833212
347834	2	7.45344985162417e-08	26833212
349101	1	3.72672492581209e-08	26833212
349102	2	7.45344985162417e-08	26833212
349106	2	7.45344985162417e-08	26833212
349163	1	3.72672492581209e-08	26833212
349519	1	3.72672492581209e-08	26833212
349521	1	3.72672492581209e-08	26833212
349741	7	2.60870744806846e-07	26833212
349746	5	1.86336246290604e-07	26833212
350054	1	3.72672492581209e-08	26833212
350058	1	3.72672492581209e-08	26833212
351348	17	6.33543237388055e-07	26833212
351605	1	3.72672492581209e-08	26833212
351745	65	2.42237120177786e-06	26833212
351746	2	7.45344985162417e-08	26833212
352914	1	3.72672492581209e-08	26833212
353153	1	3.72672492581209e-08	26833212
355276	2	7.45344985162417e-08	26833212
355277	1	3.72672492581209e-08	26833212
357348	1	3.72672492581209e-08	26833212
357809	7	2.60870744806846e-07	26833212
358220	44	1.63975896735732e-06	26833212
359786	4	1.49068997032483e-07	26833212
360094	2	7.45344985162417e-08	26833212
360102	6359	0.000236982438032391	26833212
360910	1	3.72672492581209e-08	26833212
362242	1	3.72672492581209e-08	26833212
362663	233594	0.00870540582320149	26833212
364106	456	1.69938656617031e-05	26833212
365044	92	3.42858693174712e-06	26833212
365046	15	5.59008738871813e-07	26833212
365659	1	3.72672492581209e-08	26833212
366602	2	7.45344985162417e-08	26833212
367737	10	3.72672492581209e-07	26833212
367775	1	3.72672492581209e-08	26833212
367928	14	5.21741489613692e-07	26833212
369723	1	3.72672492581209e-08	26833212
370354	328	1.22236577566636e-05	26833212
370553	2	7.45344985162417e-08	26833212
372461	6	2.23603495548725e-07	26833212
373153	1	3.72672492581209e-08	26833212
373384	92612	0.00345139448829309	26833212
374463	2	7.45344985162417e-08	26833212
374833	1	3.72672492581209e-08	26833212
374930	2	7.45344985162417e-08	26833212
374931	2	7.45344985162417e-08	26833212
375286	4	1.49068997032483e-07	26833212
376686	26	9.68948480711143e-07	26833212
377628	515	1.91926333679322e-05	26833212
378753	1	3.72672492581209e-08	26833212
378806	2	7.45344985162417e-08	26833212
379329	2	7.45344985162417e-08	26833212
379731	9	3.35405243323088e-07	26833212
380394	2	7.45344985162417e-08	26833212
380703	36	1.34162097329235e-06	26833212
381666	5	1.86336246290604e-07	26833212
381754	240	8.94413982194901e-06	26833212
382245	841	3.13417566260797e-05	26833212
383407	2	7.45344985162417e-08	26833212
384676	43	1.6024917180992e-06	26833212
385025	1	3.72672492581209e-08	26833212
386585	8221	0.000306374056151012	26833212
386656	285	1.06211660385644e-05	26833212
387662	1	3.72672492581209e-08	26833212
390235	79	2.94411269139155e-06	26833212
390333	4	1.49068997032483e-07	26833212
391038	1	3.72672492581209e-08	26833212
391616	2	7.45344985162417e-08	26833212
391735	14	5.21741489613692e-07	26833212
391904	2	7.45344985162417e-08	26833212
392499	1	3.72672492581209e-08	26833212
393011	30	1.11801747774363e-06	26833212
393305	181	6.74537211571988e-06	26833212
394221	1	3.72672492581209e-08	26833212
394503	3	1.11801747774363e-07	26833212
395019	4	1.49068997032483e-07	26833212
395491	1	3.72672492581209e-08	26833212
395492	1	3.72672492581209e-08	26833212
395495	19	7.08077735904296e-07	26833212
395960	1	3.72672492581209e-08	26833212
396588	2	7.45344985162417e-08	26833212
397945	15	5.59008738871813e-07	26833212
398527	3	1.11801747774363e-07	26833212
398578	27	1.00621572996926e-06	26833212
399739	5	1.86336246290604e-07	26833212
399741	21	7.82612234420538e-07	26833212
399742	211	7.8633895934635e-06	26833212
399804	11	4.0993974183933e-07	26833212
400667	10	3.72672492581209e-07	26833212
400668	2	7.45344985162417e-08	26833212
400756	3	1.11801747774363e-07	26833212
401053	1	3.72672492581209e-08	26833212
401473	2	7.45344985162417e-08	26833212
402612	28	1.04348297922738e-06	26833212
402626	2	7.45344985162417e-08	26833212
402881	1	3.72672492581209e-08	26833212
402882	2	7.45344985162417e-08	26833212
403833	2	7.45344985162417e-08	26833212
404589	1	3.72672492581209e-08	26833212
405416	35	1.30435372403423e-06	26833212
405440	1	3.72672492581209e-08	26833212
405955	184228	0.00686567079632509	26833212
406425	2	7.45344985162417e-08	26833212
406817	5	1.86336246290604e-07	26833212
409438	1398	5.2099614462853e-05	26833212
410289	1	3.72672492581209e-08	26833212
412022	3	1.11801747774363e-07	26833212
412133	1	3.72672492581209e-08	26833212
412965	1	3.72672492581209e-08	26833212
413997	702	2.61616089792009e-05	26833212
414684	3	1.11801747774363e-07	26833212
414970	2	7.45344985162417e-08	26833212
416269	5	1.86336246290604e-07	26833212
416344	3	1.11801747774363e-07	26833212
416870	4	1.49068997032483e-07	26833212
419610	3	1.11801747774363e-07	26833212
420245	1	3.72672492581209e-08	26833212
420247	4	1.49068997032483e-07	26833212
420662	13	4.84474240355571e-07	26833212
423211	1	3.72672492581209e-08	26833212
423368	484	1.80373486409305e-05	26833212
424182	1	3.72672492581209e-08	26833212
425011	10	3.72672492581209e-07	26833212
426114	2	7.45344985162417e-08	26833212
426117	4	1.49068997032483e-07	26833212
426355	3	1.11801747774363e-07	26833212
426430	2	7.45344985162417e-08	26833212
428406	4	1.49068997032483e-07	26833212
431943	5	1.86336246290604e-07	26833212
431946	2754	0.000102634004456865	26833212
431947	4	1.49068997032483e-07	26833212
434922	1	3.72672492581209e-08	26833212
434923	1	3.72672492581209e-08	26833212
435590	141	5.25468214539504e-06	26833212
435591	25	9.31681231453022e-07	26833212
435998	8	2.98137994064967e-07	26833212
436717	8	2.98137994064967e-07	26833212
439375	1	3.72672492581209e-08	26833212
439843	231	8.60873457862592e-06	26833212
439851	75	2.79504369435907e-06	26833212
439855	38232	0.00142480147363648	26833212
440085	1	3.72672492581209e-08	26833212
441375	3	1.11801747774363e-07	26833212
441620	4	1.49068997032483e-07	26833212
441768	4	1.49068997032483e-07	26833212
443144	1	3.72672492581209e-08	26833212
443218	2	7.45344985162417e-08	26833212
443906	4	1.49068997032483e-07	26833212
444450	504	1.87826936260929e-05	26833212
446462	2	7.45344985162417e-08	26833212
446465	2	7.45344985162417e-08	26833212
446466	1	3.72672492581209e-08	26833212
446469	2	7.45344985162417e-08	26833212
450851	1	3.72672492581209e-08	26833212
452637	1	3.72672492581209e-08	26833212
452863	5	1.86336246290604e-07	26833212
454166	38	1.41615547180859e-06	26833212
454169	535	1.99379783530947e-05	26833212
455632	1	3.72672492581209e-08	26833212
458817	1	3.72672492581209e-08	26833212
459349	8	2.98137994064967e-07	26833212
460265	3	1.11801747774363e-07	26833212
464988	1	3.72672492581209e-08	26833212
465515	8	2.98137994064967e-07	26833212
465817	29	1.08075022848551e-06	26833212
469008	58	2.16150045697101e-06	26833212
469604	3	1.11801747774363e-07	26833212
469607	4	1.49068997032483e-07	26833212
471852	1	3.72672492581209e-08	26833212
471876	1	3.72672492581209e-08	26833212
476213	11	4.0993974183933e-07	26833212
478801	2	7.45344985162417e-08	26833212
479431	1	3.72672492581209e-08	26833212
479432	1	3.72672492581209e-08	26833212
479435	3	1.11801747774363e-07	26833212
479436	1	3.72672492581209e-08	26833212
479437	4	1.49068997032483e-07	26833212
480119	64	2.38510395251974e-06	26833212
481805	145592	0.00542581335398833	26833212
481877	14	5.21741489613692e-07	26833212
482957	3	1.11801747774363e-07	26833212
483219	2	7.45344985162417e-08	26833212
484021	22	8.19879483678659e-07	26833212
487213	1	3.72672492581209e-08	26833212
487214	1	3.72672492581209e-08	26833212
488538	1	3.72672492581209e-08	26833212
489779	1	3.72672492581209e-08	26833212
491916	3	1.11801747774363e-07	26833212
497978	14	5.21741489613692e-07	26833212
498211	2	7.45344985162417e-08	26833212
498216	2	7.45344985162417e-08	26833212
498217	16	5.96275988129934e-07	26833212
502800	3	1.11801747774363e-07	26833212
502801	18	6.70810486646176e-07	26833212
504474	12	4.4720699109745e-07	26833212
504728	2	7.45344985162417e-08	26833212
507522	251	9.35407956378834e-06	26833212
508771	4	1.49068997032483e-07	26833212
509169	8	2.98137994064967e-07	26833212
509170	1	3.72672492581209e-08	26833212
509173	424	1.58013136854432e-05	26833212
509190	4	1.49068997032483e-07	26833212
511062	1	3.72672492581209e-08	26833212
515619	46	1.71429346587356e-06	26833212
515620	17	6.33543237388055e-07	26833212
515622	2	7.45344985162417e-08	26833212
516950	1	3.72672492581209e-08	26833212
521096	1	3.72672492581209e-08	26833212
521098	3	1.11801747774363e-07	26833212
522373	2	7.45344985162417e-08	26833212
525381	1	3.72672492581209e-08	26833212
525897	3	1.11801747774363e-07	26833212
525919	7	2.60870744806846e-07	26833212
526226	4	1.49068997032483e-07	26833212
526227	1	3.72672492581209e-08	26833212
527001	10	3.72672492581209e-07	26833212
529507	10	3.72672492581209e-07	26833212
530564	1	3.72672492581209e-08	26833212
531844	7	2.60870744806846e-07	26833212
535289	326	1.21491232581474e-05	26833212
536056	13156	0.000490287931239838	26833212
537457	1	3.72672492581209e-08	26833212
543728	23	8.5714673293678e-07	26833212
543891	10	3.72672492581209e-07	26833212
543913	1	3.72672492581209e-08	26833212
544404	184	6.85717386349424e-06	26833212
546342	1	3.72672492581209e-08	26833212
548473	2	7.45344985162417e-08	26833212
548476	8	2.98137994064967e-07	26833212
548479	2	7.45344985162417e-08	26833212
550537	8	2.98137994064967e-07	26833212
550538	207	7.71432059643102e-06	26833212
550540	1	3.72672492581209e-08	26833212
553174	18	6.70810486646176e-07	26833212
553199	33	1.22981922551799e-06	26833212
554290	45	1.67702621661544e-06	26833212
555778	2	7.45344985162417e-08	26833212
556484	1	3.72672492581209e-08	26833212
557598	1	3.72672492581209e-08	26833212
557600	2	7.45344985162417e-08	26833212
557722	1	3.72672492581209e-08	26833212
557760	2	7.45344985162417e-08	26833212
559292	4	1.49068997032483e-07	26833212
561229	29	1.08075022848551e-06	26833212
561230	17	6.33543237388055e-07	26833212
561231	24	8.94413982194901e-07	26833212
563178	1	3.72672492581209e-08	26833212
563769	31	1.15528472700175e-06	26833212
564886	11	4.0993974183933e-07	26833212
565040	4	1.49068997032483e-07	26833212
565042	4	1.49068997032483e-07	26833212
565050	1	3.72672492581209e-08	26833212
566546	535	1.99379783530947e-05	26833212
568708	5	1.86336246290604e-07	26833212
568814	1	3.72672492581209e-08	26833212
568816	3	1.11801747774363e-07	26833212
568817	1	3.72672492581209e-08	26833212
571800	26	9.68948480711143e-07	26833212
572265	2	7.45344985162417e-08	26833212
572307	1	3.72672492581209e-08	26833212
572480	2	7.45344985162417e-08	26833212
572544	4	1.49068997032483e-07	26833212
573235	3059	0.000114000515480592	26833212
574093	2	7.45344985162417e-08	26833212
574521	30293	0.00112893678177626	26833212
575614	3	1.11801747774363e-07	26833212
579405	19	7.08077735904296e-07	26833212
580332	1	3.72672492581209e-08	26833212
582744	1	3.72672492581209e-08	26833212
582899	1	3.72672492581209e-08	26833212
583345	6	2.23603495548725e-07	26833212
583346	1	3.72672492581209e-08	26833212
584721	2	7.45344985162417e-08	26833212
585034	447	1.665846041838e-05	26833212
585035	9104	0.000339281037245932	26833212
585054	16241	0.000605257395201141	26833212
585055	1638	6.1043754284802e-05	26833212
585056	3083	0.000114894929462787	26833212
585057	36414	0.00135704961448521	26833212
585394	17	6.33543237388055e-07	26833212
585395	4355	0.000162298870519116	26833212
585396	1542	5.74660983560224e-05	26833212
585397	16060	0.000598512023085421	26833212
588858	14	5.21741489613692e-07	26833212
590409	18	6.70810486646176e-07	26833212
590998	2	7.45344985162417e-08	26833212
591020	1045	3.89442754747363e-05	26833212
591167	1	3.72672492581209e-08	26833212
591946	33247	0.00123902423608474	26833212
592029	1	3.72672492581209e-08	26833212
592316	26	9.68948480711143e-07	26833212
593588	15	5.59008738871813e-07	26833212
593907	1	3.72672492581209e-08	26833212
595494	6	2.23603495548725e-07	26833212
595495	33030	0.00123093724299573	26833212
595496	145	5.40375114242753e-06	26833212
595537	24	8.94413982194901e-07	26833212
596153	8	2.98137994064967e-07	26833212
596154	13	4.84474240355571e-07	26833212
610130	8	2.98137994064967e-07	26833212
627192	1	3.72672492581209e-08	26833212
630626	27	1.00621572996926e-06	26833212
632772	1	3.72672492581209e-08	26833212
633149	5	1.86336246290604e-07	26833212
633699	1	3.72672492581209e-08	26833212
634498	1	3.72672492581209e-08	26833212
634499	12	4.4720699109745e-07	26833212
634500	4	1.49068997032483e-07	26833212
634503	3	1.11801747774363e-07	26833212
637382	2	7.45344985162417e-08	26833212
637386	1	3.72672492581209e-08	26833212
637905	2	7.45344985162417e-08	26833212
637910	245	9.13047606823961e-06	26833212
639283	1	3.72672492581209e-08	26833212
640081	3	1.11801747774363e-07	26833212
640131	79	2.94411269139155e-06	26833212
640511	2	7.45344985162417e-08	26833212
640512	2	7.45344985162417e-08	26833212
640513	63	2.34783670326161e-06	26833212
643561	10	3.72672492581209e-07	26833212
644223	4	1.49068997032483e-07	26833212
644283	1	3.72672492581209e-08	26833212
644651	3	1.11801747774363e-07	26833212
645127	8	2.98137994064967e-07	26833212
645463	3	1.11801747774363e-07	26833212
648999	2	7.45344985162417e-08	26833212
649349	3	1.11801747774363e-07	26833212
652103	2	7.45344985162417e-08	26833212
653045	1	3.72672492581209e-08	26833212
653733	1	3.72672492581209e-08	26833212
655815	6	2.23603495548725e-07	26833212
655817	599	2.23230823056144e-05	26833212
656024	2	7.45344985162417e-08	26833212
657309	30	1.11801747774363e-06	26833212
657313	46	1.71429346587356e-06	26833212
657314	28	1.04348297922738e-06	26833212
657315	13	4.84474240355571e-07	26833212
657316	6	2.23603495548725e-07	26833212
657317	37	1.37888822255047e-06	26833212
657318	33	1.22981922551799e-06	26833212
657319	7	2.60870744806846e-07	26833212
657321	20	7.45344985162417e-07	26833212
657322	29	1.08075022848551e-06	26833212
657323	44	1.63975896735732e-06	26833212
662755	4	1.49068997032483e-07	26833212
663917	2	7.45344985162417e-08	26833212
663954	1	3.72672492581209e-08	26833212
665029	5	1.86336246290604e-07	26833212
666681	5	1.86336246290604e-07	26833212
667015	7	2.60870744806846e-07	26833212
670307	2	7.45344985162417e-08	26833212
679935	12	4.4720699109745e-07	26833212
680646	1	3.72672492581209e-08	26833212
682634	3	1.11801747774363e-07	26833212
682795	1	3.72672492581209e-08	26833212
684738	2	7.45344985162417e-08	26833212
685038	4511	0.000168112561403383	26833212
685727	3	1.11801747774363e-07	26833212
687367	1	3.72672492581209e-08	26833212
688245	6	2.23603495548725e-07	26833212
688270	5	1.86336246290604e-07	26833212
690566	1	3.72672492581209e-08	26833212
693216	20	7.45344985162417e-07	26833212
693444	897	3.34287225845344e-05	26833212
693745	6	2.23603495548725e-07	26833212
693746	1	3.72672492581209e-08	26833212
693970	1	3.72672492581209e-08	26833212
693974	1	3.72672492581209e-08	26833212
693978	4	1.49068997032483e-07	26833212
693979	3	1.11801747774363e-07	26833212
693982	1	3.72672492581209e-08	26833212
694427	1	3.72672492581209e-08	26833212
696216	1	3.72672492581209e-08	26833212
696406	115	4.2857336646839e-06	26833212
696748	2	7.45344985162417e-08	26833212
696749	101	3.76399217507021e-06	26833212
698737	3	1.11801747774363e-07	26833212
698761	1	3.72672492581209e-08	26833212
698962	10	3.72672492581209e-07	26833212
698964	7	2.60870744806846e-07	26833212
698965	1	3.72672492581209e-08	26833212
698966	1	3.72672492581209e-08	26833212
698967	3	1.11801747774363e-07	26833212
698970	4	1.49068997032483e-07	26833212
698972	1	3.72672492581209e-08	26833212
698973	2	7.45344985162417e-08	26833212
699032	2	7.45344985162417e-08	26833212
699033	2	7.45344985162417e-08	26833212
699037	3	1.11801747774363e-07	26833212
700508	1	3.72672492581209e-08	26833212
700598	3	1.11801747774363e-07	26833212
701177	155	5.77642363500873e-06	26833212
701347	205	7.63978609791478e-06	26833212
706191	10	3.72672492581209e-07	26833212
707241	1	3.72672492581209e-08	26833212
709032	3	1.11801747774363e-07	26833212
709991	8	2.98137994064967e-07	26833212
710421	1	3.72672492581209e-08	26833212
710685	1	3.72672492581209e-08	26833212
710686	1	3.72672492581209e-08	26833212
710696	3	1.11801747774363e-07	26833212
712898	18	6.70810486646176e-07	26833212
713604	1	3.72672492581209e-08	26833212
714962	982	3.65964387714747e-05	26833212
716540	2	7.45344985162417e-08	26833212
716541	120	4.4720699109745e-06	26833212
717608	6	2.23603495548725e-07	26833212
717959	14	5.21741489613692e-07	26833212
717960	3	1.11801747774363e-07	26833212
717961	6	2.23603495548725e-07	26833212
717962	18	6.70810486646176e-07	26833212
718251	88	3.27951793471464e-06	26833212
718252	34	1.26708647477611e-06	26833212
718254	17	6.33543237388055e-07	26833212
718255	13	4.84474240355571e-07	26833212
718274	206	7.6770533471729e-06	26833212
720554	1	3.72672492581209e-08	26833212
722911	2	7.45344985162417e-08	26833212
741091	19	7.08077735904296e-07	26833212
741093	2	7.45344985162417e-08	26833212
742013	17	6.33543237388055e-07	26833212
743525	52	1.93789696142229e-06	26833212
743718	1	3.72672492581209e-08	26833212
743720	1	3.72672492581209e-08	26833212
743721	3	1.11801747774363e-07	26833212
743722	1	3.72672492581209e-08	26833212
745277	14	5.21741489613692e-07	26833212
745310	3	1.11801747774363e-07	26833212
746361	1	3.72672492581209e-08	26833212
748247	1	3.72672492581209e-08	26833212
748280	2	7.45344985162417e-08	26833212
749927	3	1.11801747774363e-07	26833212
751585	8	2.98137994064967e-07	26833212
751945	7	2.60870744806846e-07	26833212
754035	2	7.45344985162417e-08	26833212
754252	1	3.72672492581209e-08	26833212
754476	1	3.72672492581209e-08	26833212
755732	6	2.23603495548725e-07	26833212
757424	10	3.72672492581209e-07	26833212
758793	1	3.72672492581209e-08	26833212
759350	1	3.72672492581209e-08	26833212
759913	1	3.72672492581209e-08	26833212
760192	1	3.72672492581209e-08	26833212
760570	2	7.45344985162417e-08	26833212
761193	1	3.72672492581209e-08	26833212
762376	10	3.72672492581209e-07	26833212
762633	8	2.98137994064967e-07	26833212
762903	1	3.72672492581209e-08	26833212
762948	6	2.23603495548725e-07	26833212
765698	1	3.72672492581209e-08	26833212
765874	5	1.86336246290604e-07	26833212
767031	3	1.11801747774363e-07	26833212
767463	10	3.72672492581209e-07	26833212
768066	4	1.49068997032483e-07	26833212
768490	5	1.86336246290604e-07	26833212
768492	1	3.72672492581209e-08	26833212
798128	10	3.72672492581209e-07	26833212
858619	4	1.49068997032483e-07	26833212
859653	1	3.72672492581209e-08	26833212
859655	1	3.72672492581209e-08	26833212
859656	4	1.49068997032483e-07	26833212
859657	6	2.23603495548725e-07	26833212
860228	1	3.72672492581209e-08	26833212
861360	1	3.72672492581209e-08	26833212
862719	1	3.72672492581209e-08	26833212
862751	1	3.72672492581209e-08	26833212
862962	9	3.35405243323088e-07	26833212
866768	69970	0.00260758943059072	26833212
866775	2	7.45344985162417e-08	26833212
866913	10	3.72672492581209e-07	26833212
868597	2	7.45344985162417e-08	26833212
869209	5	1.86336246290604e-07	26833212
869210	1	3.72672492581209e-08	26833212
869309	1	3.72672492581209e-08	26833212
869729	106829	0.00398122297099579	26833212
871585	4	1.49068997032483e-07	26833212
877468	154	5.73915638575061e-06	26833212
879243	8	2.98137994064967e-07	26833212
880071	1	3.72672492581209e-08	26833212
880758	1	3.72672492581209e-08	26833212
882884	1055	3.93169479673175e-05	26833212
883062	1	3.72672492581209e-08	26833212
885275	119	4.43480266171638e-06	26833212
885276	7702	0.000287032353786047	26833212
889738	3	1.11801747774363e-07	26833212
890402	3	1.11801747774363e-07	26833212
903503	3	1.11801747774363e-07	26833212
903510	2	7.45344985162417e-08	26833212
908937	2	7.45344985162417e-08	26833212
909952	3	1.11801747774363e-07	26833212
910348	831	3.09690841334984e-05	26833212
911045	1	3.72672492581209e-08	26833212
914149	12	4.4720699109745e-07	26833212
926570	1	3.72672492581209e-08	26833212
927666	1	3.72672492581209e-08	26833212
929506	1	3.72672492581209e-08	26833212
929562	1	3.72672492581209e-08	26833212
930171	2	7.45344985162417e-08	26833212
930944	9	3.35405243323088e-07	26833212
931281	1	3.72672492581209e-08	26833212
931626	4	1.49068997032483e-07	26833212
932677	9	3.35405243323088e-07	26833212
935296	130	4.84474240355571e-06	26833212
935591	1	3.72672492581209e-08	26833212
935593	1	3.72672492581209e-08	26833212
936157	13	4.84474240355571e-07	26833212
937777	1	3.72672492581209e-08	26833212
941639	5	1.86336246290604e-07	26833212
944546	3	1.11801747774363e-07	26833212
944547	6	2.23603495548725e-07	26833212
945021	1	3.72672492581209e-08	26833212
945556	1	3.72672492581209e-08	26833212
945711	1	3.72672492581209e-08	26833212
945712	2	7.45344985162417e-08	26833212
946362	1	3.72672492581209e-08	26833212
956149	25	9.31681231453022e-07	26833212
977880	4	1.49068997032483e-07	26833212
979556	3	1.11801747774363e-07	26833212
980514	8	2.98137994064967e-07	26833212
981540	1	3.72672492581209e-08	26833212
983544	1	3.72672492581209e-08	26833212
983545	1	3.72672492581209e-08	26833212
983917	12	4.4720699109745e-07	26833212
984262	6	2.23603495548725e-07	26833212
990315	7	2.60870744806846e-07	26833212
990316	1	3.72672492581209e-08	26833212
991905	1	3.72672492581209e-08	26833212
993615	2	7.45344985162417e-08	26833212
994476	14	5.21741489613692e-07	26833212
994484	6	2.23603495548725e-07	26833212
996285	2	7.45344985162417e-08	26833212
998088	2	7.45344985162417e-08	26833212
999541	4	1.49068997032483e-07	26833212
999552	2	7.45344985162417e-08	26833212
999953	1	3.72672492581209e-08	26833212
1001585	3	1.11801747774363e-07	26833212
1002809	1	3.72672492581209e-08	26833212
1003195	2	7.45344985162417e-08	26833212
1004951	1	3.72672492581209e-08	26833212
1005048	14	5.21741489613692e-07	26833212
1005058	1	3.72672492581209e-08	26833212
1006551	21	7.82612234420538e-07	26833212
1007064	1	3.72672492581209e-08	26833212
1007105	4	1.49068997032483e-07	26833212
1008297	1	3.72672492581209e-08	26833212
1009846	1	3.72672492581209e-08	26833212
1016998	267	9.95035555191827e-06	26833212
1028307	17	6.33543237388055e-07	26833212
1030843	1	3.72672492581209e-08	26833212
1031709	1	3.72672492581209e-08	26833212
1031711	2	7.45344985162417e-08	26833212
1032480	1	3.72672492581209e-08	26833212
1033813	7614	0.000283752835851332	26833212
1034807	13	4.84474240355571e-07	26833212
1034809	3	1.11801747774363e-07	26833212
1035817	1	3.72672492581209e-08	26833212
1036172	1	3.72672492581209e-08	26833212
1037409	3	1.11801747774363e-07	26833212
1037911	19	7.08077735904296e-07	26833212
1041826	3	1.11801747774363e-07	26833212
1042156	2	7.45344985162417e-08	26833212
1042876	34	1.26708647477611e-06	26833212
1042878	2	7.45344985162417e-08	26833212
1045855	1	3.72672492581209e-08	26833212
1045856	48	1.7888279643898e-06	26833212
1046629	9	3.35405243323088e-07	26833212
1048332	9	3.35405243323088e-07	26833212
1048689	79	2.94411269139155e-06	26833212
1049565	4	1.49068997032483e-07	26833212
1051074	3	1.11801747774363e-07	26833212
1055530	4	1.49068997032483e-07	26833212
1064535	1	3.72672492581209e-08	26833212
1072459	3149	0.000117354567913823	26833212
1074252	1	3.72672492581209e-08	26833212
1076934	1	3.72672492581209e-08	26833212
1081093	156	5.81369088426686e-06	26833212
1088720	1	3.72672492581209e-08	26833212
1089456	66	2.45963845103598e-06	26833212
1091045	14	5.21741489613692e-07	26833212
1091494	1	3.72672492581209e-08	26833212
1093141	3	1.11801747774363e-07	26833212
1094466	6	2.23603495548725e-07	26833212
1095774	3	1.11801747774363e-07	26833212
1096995	1	3.72672492581209e-08	26833212
1096996	1	3.72672492581209e-08	26833212
1096997	1	3.72672492581209e-08	26833212
1097677	1	3.72672492581209e-08	26833212
1100841	1	3.72672492581209e-08	26833212
1104322	3	1.11801747774363e-07	26833212
1104325	1	3.72672492581209e-08	26833212
1104326	30	1.11801747774363e-06	26833212
1107880	1	3.72672492581209e-08	26833212
1110693	1	3.72672492581209e-08	26833212
1111069	11	4.0993974183933e-07	26833212
1111678	1	3.72672492581209e-08	26833212
1112204	5	1.86336246290604e-07	26833212
1114965	1	3.72672492581209e-08	26833212
1114967	2	7.45344985162417e-08	26833212
1114969	32	1.19255197625987e-06	26833212
1114970	6	2.23603495548725e-07	26833212
1116375	4	1.49068997032483e-07	26833212
1117647	3	1.11801747774363e-07	26833212
1117943	1	3.72672492581209e-08	26833212
1118963	5	1.86336246290604e-07	26833212
1121353	6	2.23603495548725e-07	26833212
1121362	5	1.86336246290604e-07	26833212
1123863	75	2.79504369435907e-06	26833212
1124936	41	1.52795721958296e-06	26833212
1124983	6	2.23603495548725e-07	26833212
1124991	11	4.0993974183933e-07	26833212
1125630	283	1.05466315400482e-05	26833212
1127134	3	1.11801747774363e-07	26833212
1132507	12	4.4720699109745e-07	26833212
1133849	3	1.11801747774363e-07	26833212
1133852	2671	9.95408227684408e-05	26833212
1133853	10463	0.000389927228987719	26833212
1134454	21	7.82612234420538e-07	26833212
1134456	1	3.72672492581209e-08	26833212
1134782	1490	5.55282013946001e-05	26833212
1136179	213	7.93792409197974e-06	26833212
1137651	2	7.45344985162417e-08	26833212
1138308	48	1.7888279643898e-06	26833212
1146883	1	3.72672492581209e-08	26833212
1151116	16	5.96275988129934e-07	26833212
1155766	1	3.72672492581209e-08	26833212
1157951	5	1.86336246290604e-07	26833212
1160717	1	3.72672492581209e-08	26833212
1163399	2	7.45344985162417e-08	26833212
1163617	3	1.11801747774363e-07	26833212
1163748	1	3.72672492581209e-08	26833212
1166016	8	2.98137994064967e-07	26833212
1166018	1	3.72672492581209e-08	26833212
1166130	20	7.45344985162417e-07	26833212
1167634	6	2.23603495548725e-07	26833212
1170318	6	2.23603495548725e-07	26833212
1171373	1	3.72672492581209e-08	26833212
1171376	2	7.45344985162417e-08	26833212
1173020	1	3.72672492581209e-08	26833212
1173427	45	1.67702621661544e-06	26833212
1179773	2	7.45344985162417e-08	26833212
1185652	1	3.72672492581209e-08	26833212
1187956	4	1.49068997032483e-07	26833212
1191061	17	6.33543237388055e-07	26833212
1192196	1	3.72672492581209e-08	26833212
1193292	106	3.95032842136081e-06	26833212
1194526	1	3.72672492581209e-08	26833212
1196325	1	3.72672492581209e-08	26833212
1196835	20	7.45344985162417e-07	26833212
1197719	6	2.23603495548725e-07	26833212
1198232	1	3.72672492581209e-08	26833212
1198627	1	3.72672492581209e-08	26833212
1199245	2	7.45344985162417e-08	26833212
1204414	5	1.86336246290604e-07	26833212
1206105	2	7.45344985162417e-08	26833212
1207075	5	1.86336246290604e-07	26833212
1208658	1	3.72672492581209e-08	26833212
1211025	27	1.00621572996926e-06	26833212
1211579	3	1.11801747774363e-07	26833212
1214101	1	3.72672492581209e-08	26833212
1215088	84	3.13044893768215e-06	26833212
1216976	4	1.49068997032483e-07	26833212
1218933	13	4.84474240355571e-07	26833212
1219076	1	3.72672492581209e-08	26833212
1220533	1	3.72672492581209e-08	26833212
1224163	1	3.72672492581209e-08	26833212
1225522	6	2.23603495548725e-07	26833212
1229205	1	3.72672492581209e-08	26833212
1232381	5	1.86336246290604e-07	26833212
1232383	2	7.45344985162417e-08	26833212
1234603	2	7.45344985162417e-08	26833212
1234679	2	7.45344985162417e-08	26833212
1235990	7	2.60870744806846e-07	26833212
1245469	2	7.45344985162417e-08	26833212
1245471	20	7.45344985162417e-07	26833212
1246301	17	6.33543237388055e-07	26833212
1249480	1	3.72672492581209e-08	26833212
1249634	17	6.33543237388055e-07	26833212
1254439	1	3.72672492581209e-08	26833212
1265601	1	3.72672492581209e-08	26833212
1266738	2	7.45344985162417e-08	26833212
1266845	2	7.45344985162417e-08	26833212
1267753	175	6.52176862017115e-06	26833212
1267754	10	3.72672492581209e-07	26833212
1271862	105	3.91306117210269e-06	26833212
1271863	2	7.45344985162417e-08	26833212
1273173	1	3.72672492581209e-08	26833212
1274814	543	2.02361163471596e-05	26833212
1276282	1	3.72672492581209e-08	26833212
1282356	10	3.72672492581209e-07	26833212
1286170	80	2.98137994064967e-06	26833212
1288122	15	5.59008738871813e-07	26833212
1288394	4	1.49068997032483e-07	26833212
1294143	4	1.49068997032483e-07	26833212
1298593	3	1.11801747774363e-07	26833212
1298917	91	3.391319682489e-06	26833212
1303692	1	3.72672492581209e-08	26833212
1304892	1	3.72672492581209e-08	26833212
1310161	2	7.45344985162417e-08	26833212
1313172	3	1.11801747774363e-07	26833212
1318615	3	1.11801747774363e-07	26833212
1321369	1	3.72672492581209e-08	26833212
1322346	1	3.72672492581209e-08	26833212
1328306	1	3.72672492581209e-08	26833212
1331671	8	2.98137994064967e-07	26833212
1332188	1	3.72672492581209e-08	26833212
1335916	18	6.70810486646176e-07	26833212
1340851	1	3.72672492581209e-08	26833212
1343740	1	3.72672492581209e-08	26833212
1346614	2	7.45344985162417e-08	26833212
1348660	1	3.72672492581209e-08	26833212
1348662	5	1.86336246290604e-07	26833212
1355100	1019	3.79753269940252e-05	26833212
1358410	1	3.72672492581209e-08	26833212
1379702	2	7.45344985162417e-08	26833212
1380774	2	7.45344985162417e-08	26833212
1380908	34	1.26708647477611e-06	26833212
1382700	1023	3.81243959910576e-05	26833212
1384484	1	3.72672492581209e-08	26833212
1389489	2	7.45344985162417e-08	26833212
1400867	1	3.72672492581209e-08	26833212
1401659	28	1.04348297922738e-06	26833212
1406860	20	7.45344985162417e-07	26833212
1408186	1	3.72672492581209e-08	26833212
1415630	22	8.19879483678659e-07	26833212
1416914	1	3.72672492581209e-08	26833212
1427342	1	3.72672492581209e-08	26833212
1430440	1	3.72672492581209e-08	26833212
1436140	1	3.72672492581209e-08	26833212
