Tax.ID	Frequency	Proportion	Total
394	15	4.80606379146143e-07	31210572
882	88	2.81955742432404e-06	31210572
883	190	6.08768080251781e-06	31210572
1511	42	1.3456978616092e-06	31210572
1639	16	5.12646804422553e-07	31210572
2762	12	3.84485103316915e-07	31210572
2769	16	5.12646804422553e-07	31210572
2787	9	2.88363827487686e-07	31210572
2832	3	9.61212758292286e-08	31210572
2839	38	1.21753616050356e-06	31210572
2850	27	8.65091482463058e-07	31210572
5518	6	1.92242551658457e-07	31210572
5786	3	9.61212758292286e-08	31210572
5851	4	1.28161701105638e-07	31210572
5872	2	6.40808505528191e-08	31210572
5911	3	9.61212758292286e-08	31210572
5932	5	1.60202126382048e-07	31210572
10629	9	2.88363827487686e-07	31210572
10632	85	2.72343614849481e-06	31210572
10680	77	2.46711274628353e-06	31210572
10710	8	2.56323402211276e-07	31210572
10742	31	9.93253183568696e-07	31210572
10798	8	2.56323402211276e-07	31210572
12417	279	8.93927865211826e-06	31210572
28173	8	2.56323402211276e-07	31210572
31271	179	5.73523612447731e-06	31210572
31754	1	3.20404252764095e-08	31210572
31964	54	1.73018296492612e-06	31210572
32051	7	2.24282976934867e-07	31210572
35128	14	4.48565953869734e-07	31210572
36809	28	8.97131907739467e-07	31210572
37692	5	1.60202126382048e-07	31210572
40041	45	1.44181913743843e-06	31210572
44056	2	6.40808505528191e-08	31210572
45406	2	6.40808505528191e-08	31210572
49266	2	6.40808505528191e-08	31210572
55529	24	7.68970206633829e-07	31210572
56110	2	6.40808505528191e-08	31210572
56780	4	1.28161701105638e-07	31210572
59374	24	7.68970206633829e-07	31210572
60480	4	1.28161701105638e-07	31210572
60481	1423	4.55935251683308e-05	31210572
62928	98	3.13996167708814e-06	31210572
62977	36	1.15345530995074e-06	31210572
63737	1	3.20404252764095e-08	31210572
64471	38	1.21753616050356e-06	31210572
65071	12	3.84485103316915e-07	31210572
66692	11	3.52444678040505e-07	31210572
69328	61	1.95446594186098e-06	31210572
72197	1	3.20404252764095e-08	31210572
75379	86	2.75547657377122e-06	31210572
76114	56	1.79426381547893e-06	31210572
76869	57	1.82630424075534e-06	31210572
78245	64	2.05058721769021e-06	31210572
83406	14	4.48565953869734e-07	31210572
85643	140	4.48565953869734e-06	31210572
85962	2	6.40808505528191e-08	31210572
94122	17	5.44687229698962e-07	31210572
96561	6	1.92242551658457e-07	31210572
96563	80	2.56323402211276e-06	31210572
99287	283	9.0674403532239e-06	31210572
99598	11	3.52444678040505e-07	31210572
100226	23	7.3692978135742e-07	31210572
101510	202	6.47216590583473e-06	31210572
103690	1	3.20404252764095e-08	31210572
103807	322	1.03170169390039e-05	31210572
106370	13	4.16525528593324e-07	31210572
109269	8	2.56323402211276e-07	31210572
111780	2	6.40808505528191e-08	31210572
114615	26	8.33051057186648e-07	31210572
122586	5	1.60202126382048e-07	31210572
122587	25	8.01010631910239e-07	31210572
134676	14	4.48565953869734e-07	31210572
136966	7	2.24282976934867e-07	31210572
137722	31	9.93253183568696e-07	31210572
138119	10	3.20404252764095e-07	31210572
139872	4	1.28161701105638e-07	31210572
151536	1	3.20404252764095e-08	31210572
155148	3	9.61212758292286e-08	31210572
155864	29509	0.000945480909481569	31210572
156889	32	1.02529360884511e-06	31210572
158189	13	4.16525528593324e-07	31210572
158878	53	1.69814253964971e-06	31210572
158879	11	3.52444678040505e-07	31210572
159087	29	9.29172333015877e-07	31210572
160488	32	1.02529360884511e-06	31210572
160490	79	2.53119359683635e-06	31210572
160491	59	1.89038509130816e-06	31210572
160619	23	7.3692978135742e-07	31210572
164037	22	7.0488935608101e-07	31210572
164756	77	2.46711274628353e-06	31210572
164757	7	2.24282976934867e-07	31210572
167542	3	9.61212758292286e-08	31210572
167879	14	4.48565953869734e-07	31210572
170187	89	2.85159784960045e-06	31210572
171101	519	1.66289807184566e-05	31210572
172667	3	9.61212758292286e-08	31210572
175950	14	4.48565953869734e-07	31210572
176279	2177	6.97520058267436e-05	31210572
176280	2300	7.3692978135742e-05	31210572
176299	24	7.68970206633829e-07	31210572
178306	5	1.60202126382048e-07	31210572
179408	143	4.58178081452656e-06	31210572
180816	53	1.69814253964971e-06	31210572
184922	76	2.43507232100713e-06	31210572
186103	30	9.61212758292286e-07	31210572
187272	49	1.56998083854407e-06	31210572
187303	9	2.88363827487686e-07	31210572
187410	6	1.92242551658457e-07	31210572
189423	132	4.22933613648606e-06	31210572
189918	19	6.08768080251781e-07	31210572
190192	10	3.20404252764095e-07	31210572
190304	19	6.08768080251781e-07	31210572
190485	153	4.90218506729066e-06	31210572
190486	12	3.84485103316915e-07	31210572
190650	50	1.60202126382048e-06	31210572
192952	5	1.60202126382048e-07	31210572
193567	6	1.92242551658457e-07	31210572
194439	13	4.16525528593324e-07	31210572
194701	47	1.50589998799125e-06	31210572
195102	6	1.92242551658457e-07	31210572
195103	286	9.16356162905313e-06	31210572
196162	65	2.08262764296662e-06	31210572
196164	148	4.74198294090861e-06	31210572
196242	77	2.46711274628353e-06	31210572
196620	1	3.20404252764095e-08	31210572
198214	3912	0.000125342143681314	31210572
198215	16628	0.000532768191496138	31210572
198466	6	1.92242551658457e-07	31210572
198628	42	1.3456978616092e-06	31210572
199310	30343	0.000972202624162095	31210572
203119	214	6.85665100915164e-06	31210572
203122	12	3.84485103316915e-07	31210572
203123	41	1.31365743633279e-06	31210572
203124	39	1.24957658577997e-06	31210572
203275	3238	0.000103746897045014	31210572
204669	5	1.60202126382048e-07	31210572
204773	112	3.58852763095787e-06	31210572
205913	140	4.48565953869734e-06	31210572
205914	594	1.90320126141873e-05	31210572
205918	21	6.728489308046e-07	31210572
205922	103	3.30016380347018e-06	31210572
206672	14	4.48565953869734e-07	31210572
207559	69	2.21078934407226e-06	31210572
208435	77	2.46711274628353e-06	31210572
208596	33	1.05733403412151e-06	31210572
208963	61	1.95446594186098e-06	31210572
208964	26	8.33051057186648e-07	31210572
209261	1066	3.41550933446526e-05	31210572
210007	134	4.29341698703888e-06	31210572
211110	9	2.88363827487686e-07	31210572
212717	5	1.60202126382048e-07	31210572
213769	4	1.28161701105638e-07	31210572
213775	4	1.28161701105638e-07	31210572
213810	101	3.23608295291736e-06	31210572
214092	1531	4.9053891098183e-05	31210572
214684	19	6.08768080251781e-07	31210572
215158	10	3.20404252764095e-07	31210572
215689	40	1.28161701105638e-06	31210572
216432	25	8.01010631910239e-07	31210572
216591	42	1.3456978616092e-06	31210572
216592	17427	0.000558368491291989	31210572
216595	343	1.09898658698085e-05	31210572
216596	72	2.30691061990149e-06	31210572
216597	85	2.72343614849481e-06	31210572
216599	13346	0.000427611515738962	31210572
218491	17	5.44687229698962e-07	31210572
218493	38	1.21753616050356e-06	31210572
218495	42	1.3456978616092e-06	31210572
220341	7661	0.000245461698042574	31210572
220664	14	4.48565953869734e-07	31210572
220668	5	1.60202126382048e-07	31210572
221029	8	2.56323402211276e-07	31210572
221109	24	7.68970206633829e-07	31210572
221988	14	4.48565953869734e-07	31210572
223283	16	5.12646804422553e-07	31210572
224324	2	6.40808505528191e-08	31210572
224911	34	1.08937445939792e-06	31210572
224914	16	5.12646804422553e-07	31210572
225849	6	1.92242551658457e-07	31210572
225937	5	1.60202126382048e-07	31210572
226185	2535	8.12224780756982e-05	31210572
226186	101157	0.00324111329968576	31210572
226900	1	3.20404252764095e-08	31210572
227086	10	3.20404252764095e-07	31210572
227882	25	8.01010631910239e-07	31210572
227940	109	3.49240635512864e-06	31210572
228400	14	4.48565953869734e-07	31210572
228405	6	1.92242551658457e-07	31210572
228410	14	4.48565953869734e-07	31210572
229533	14	4.48565953869734e-07	31210572
231023	30	9.61212758292286e-07	31210572
232721	781	2.50235721408759e-05	31210572
233412	6	1.92242551658457e-07	31210572
234621	2272	7.27958462280025e-05	31210572
235909	4	1.28161701105638e-07	31210572
242619	128	4.10117443538042e-06	31210572
243159	12	3.84485103316915e-07	31210572
243230	19	6.08768080251781e-07	31210572
243231	14	4.48565953869734e-07	31210572
243232	1	3.20404252764095e-08	31210572
243233	40	1.28161701105638e-06	31210572
243243	25	8.01010631910239e-07	31210572
243272	6	1.92242551658457e-07	31210572
243275	47	1.50589998799125e-06	31210572
243277	7	2.24282976934867e-07	31210572
243365	70	2.24282976934867e-06	31210572
245014	8830	0.000282916955190696	31210572
245018	10424	0.000333989393081293	31210572
246196	31	9.93253183568696e-07	31210572
246197	18	5.76727654975372e-07	31210572
246198	80	2.56323402211276e-06	31210572
246200	18	5.76727654975372e-07	31210572
247156	49	1.56998083854407e-06	31210572
251229	10	3.20404252764095e-07	31210572
257310	55	1.76222339020252e-06	31210572
257311	17	5.44687229698962e-07	31210572
257313	43	1.37773828688561e-06	31210572
257314	164	5.25462974533117e-06	31210572
258594	49	1.56998083854407e-06	31210572
259536	209	6.69644888276959e-06	31210572
261292	74	2.37099147045431e-06	31210572
262316	18	5.76727654975372e-07	31210572
262543	14	4.48565953869734e-07	31210572
262724	175	5.60707442337167e-06	31210572
262728	11	3.52444678040505e-07	31210572
262768	7	2.24282976934867e-07	31210572
263358	9	2.88363827487686e-07	31210572
264198	36	1.15345530995074e-06	31210572
264199	85	2.72343614849481e-06	31210572
264462	4	1.28161701105638e-07	31210572
264730	59	1.89038509130816e-06	31210572
264731	192	6.15176165307063e-06	31210572
265072	45	1.44181913743843e-06	31210572
266117	12	3.84485103316915e-07	31210572
266264	69	2.21078934407226e-06	31210572
266265	25	8.01010631910239e-07	31210572
266779	103	3.30016380347018e-06	31210572
266834	23	7.3692978135742e-07	31210572
266835	20	6.40808505528191e-07	31210572
266940	39	1.24957658577997e-06	31210572
267608	70	2.24282976934867e-06	31210572
267747	84	2.6913957232184e-06	31210572
267748	3	9.61212758292286e-08	31210572
269482	33	1.05733403412151e-06	31210572
269798	67	2.14670849351944e-06	31210572
269799	31	9.93253183568696e-07	31210572
269800	4	1.28161701105638e-07	31210572
271848	28	8.97131907739467e-07	31210572
272558	24	7.68970206633829e-07	31210572
272559	4809	0.000154082405154254	31210572
272562	15	4.80606379146143e-07	31210572
272563	4819	0.000154402809407018	31210572
272564	22	7.0488935608101e-07	31210572
272568	15	4.80606379146143e-07	31210572
272620	7707	0.000246935557605288	31210572
272621	42	1.3456978616092e-06	31210572
272622	183	5.86339782558295e-06	31210572
272623	81	2.59527444738917e-06	31210572
272626	22	7.0488935608101e-07	31210572
272630	25	8.01010631910239e-07	31210572
272631	6	1.92242551658457e-07	31210572
272632	20	6.40808505528191e-07	31210572
272831	38	1.21753616050356e-06	31210572
272843	4	1.28161701105638e-07	31210572
272942	27	8.65091482463058e-07	31210572
272943	5	1.60202126382048e-07	31210572
272947	6	1.92242551658457e-07	31210572
273036	2	6.40808505528191e-08	31210572
273068	21	6.728489308046e-07	31210572
273123	3	9.61212758292286e-08	31210572
278137	18	5.76727654975372e-07	31210572
278197	99	3.17200210236454e-06	31210572
279238	38	1.21753616050356e-06	31210572
279808	217	6.95277228498087e-06	31210572
280463	4	1.28161701105638e-07	31210572
281090	22	7.0488935608101e-07	31210572
281310	49	1.56998083854407e-06	31210572
283942	5	1.60202126382048e-07	31210572
284592	8	2.56323402211276e-07	31210572
284593	120	3.84485103316915e-06	31210572
286636	45	1.44181913743843e-06	31210572
288000	39	1.24957658577997e-06	31210572
288705	6	1.92242551658457e-07	31210572
289380	104	3.33220422874659e-06	31210572
290317	7	2.24282976934867e-07	31210572
290318	13	4.16525528593324e-07	31210572
290338	6928	0.000221976066314965	31210572
290339	1017	3.25851125061085e-05	31210572
290340	97	3.10792125181173e-06	31210572
290397	40	1.28161701105638e-06	31210572
290398	5	1.60202126382048e-07	31210572
290399	12	3.84485103316915e-07	31210572
290400	6	1.92242551658457e-07	31210572
290402	70	2.24282976934867e-06	31210572
290512	11	3.52444678040505e-07	31210572
291112	71	2.27487019462508e-06	31210572
291331	16	5.12646804422553e-07	31210572
292414	8	2.56323402211276e-07	31210572
292415	56	1.79426381547893e-06	31210572
292459	44	1.40977871216202e-06	31210572
292563	7	2.24282976934867e-07	31210572
293613	6	1.92242551658457e-07	31210572
293826	130	4.16525528593324e-06	31210572
295319	13	4.16525528593324e-07	31210572
295405	13808	0.000442414192216663	31210572
296543	28	8.97131907739467e-07	31210572
296591	303	9.70824885875209e-06	31210572
298653	24	7.68970206633829e-07	31210572
298654	29	9.29172333015877e-07	31210572
299768	34	1.08937445939792e-06	31210572
300267	17810	0.000570639974172854	31210572
300268	6802	0.000217938972730138	31210572
300269	12151	0.000389323207533652	31210572
300852	57	1.82630424075534e-06	31210572
304371	7	2.24282976934867e-07	31210572
306263	4	1.28161701105638e-07	31210572
306537	95	3.04384040125891e-06	31210572
309801	4	1.28161701105638e-07	31210572
309807	2	6.40808505528191e-08	31210572
311402	19	6.08768080251781e-07	31210572
311403	5	1.60202126382048e-07	31210572
312153	18	5.76727654975372e-07	31210572
313595	35	1.12141488467433e-06	31210572
313596	18	5.76727654975372e-07	31210572
313598	14	4.48565953869734e-07	31210572
313603	5	1.60202126382048e-07	31210572
314225	14	4.48565953869734e-07	31210572
314315	7	2.24282976934867e-07	31210572
314565	119	3.81281060789274e-06	31210572
315730	17	5.44687229698962e-07	31210572
315749	15	4.80606379146143e-07	31210572
315750	10	3.20404252764095e-07	31210572
316055	45	1.44181913743843e-06	31210572
316056	41	1.31365743633279e-06	31210572
316057	19	6.08768080251781e-07	31210572
316058	32	1.02529360884511e-06	31210572
316273	7	2.24282976934867e-07	31210572
316278	7	2.24282976934867e-07	31210572
316385	23094	0.000739941581333402	31210572
316401	6716	0.000215183496156367	31210572
316407	1661	5.32191463841163e-05	31210572
317025	3	9.61212758292286e-08	31210572
317655	18	5.76727654975372e-07	31210572
318167	14	4.48565953869734e-07	31210572
318586	59	1.89038509130816e-06	31210572
319224	16	5.12646804422553e-07	31210572
319701	99	3.17200210236454e-06	31210572
319795	42	1.3456978616092e-06	31210572
320388	30	9.61212758292286e-07	31210572
320389	3	9.61212758292286e-08	31210572
320483	7	2.24282976934867e-07	31210572
321314	417	1.33608573402628e-05	31210572
321956	46	1.47385956271484e-06	31210572
321967	78	2.49915317155994e-06	31210572
322098	6	1.92242551658457e-07	31210572
322159	1046	3.35142848391244e-05	31210572
322710	38	1.21753616050356e-06	31210572
323097	21	6.728489308046e-07	31210572
323098	7	2.24282976934867e-07	31210572
323261	11	3.52444678040505e-07	31210572
323848	7	2.24282976934867e-07	31210572
324057	19	6.08768080251781e-07	31210572
324831	1626	5.20977314994419e-05	31210572
326297	4	1.28161701105638e-07	31210572
326423	10	3.20404252764095e-07	31210572
326424	49	1.56998083854407e-06	31210572
326425	45	1.44181913743843e-06	31210572
326426	4	1.28161701105638e-07	31210572
330879	7	2.24282976934867e-07	31210572
331104	1	3.20404252764095e-08	31210572
331111	66420	0.00212812504685912	31210572
331112	31579	0.00101180458980374	31210572
331271	36	1.15345530995074e-06	31210572
331272	24	7.68970206633829e-07	31210572
333849	32	1.02529360884511e-06	31210572
334380	4	1.28161701105638e-07	31210572
334390	239	7.65766164106188e-06	31210572
334413	3893	0.000124733375601062	31210572
335283	25	8.01010631910239e-07	31210572
335284	265	8.49071269824853e-06	31210572
335541	42	1.3456978616092e-06	31210572
335543	8	2.56323402211276e-07	31210572
335659	69	2.21078934407226e-06	31210572
337191	4	1.28161701105638e-07	31210572
338187	6	1.92242551658457e-07	31210572
338963	3	9.61212758292286e-08	31210572
338966	40	1.28161701105638e-06	31210572
338969	107	3.42832550457582e-06	31210572
339670	611	1.95766998438862e-05	31210572
339860	3	9.61212758292286e-08	31210572
340099	88	2.81955742432404e-06	31210572
340100	137	4.38953826286811e-06	31210572
340322	74	2.37099147045431e-06	31210572
342108	24	7.68970206633829e-07	31210572
342451	37	1.18549573522715e-06	31210572
342610	8	2.56323402211276e-07	31210572
343516	4393	0.000140753588239267	31210572
344609	92692	0.00296989109972095	31210572
345073	7	2.24282976934867e-07	31210572
347253	1234	3.95378847910894e-05	31210572
347257	9	2.88363827487686e-07	31210572
347515	3	9.61212758292286e-08	31210572
347834	15	4.80606379146143e-07	31210572
349101	30	9.61212758292286e-07	31210572
349102	5	1.60202126382048e-07	31210572
349106	101	3.23608295291736e-06	31210572
349124	4	1.28161701105638e-07	31210572
349161	26	8.33051057186648e-07	31210572
349163	16	5.12646804422553e-07	31210572
349519	8	2.56323402211276e-07	31210572
349521	9	2.88363827487686e-07	31210572
349741	42	1.3456978616092e-06	31210572
349746	88	2.81955742432404e-06	31210572
349747	8	2.56323402211276e-07	31210572
350054	37	1.18549573522715e-06	31210572
350058	35	1.12141488467433e-06	31210572
350688	31	9.93253183568696e-07	31210572
351348	26	8.33051057186648e-07	31210572
351605	15	4.80606379146143e-07	31210572
351607	6	1.92242551658457e-07	31210572
351627	17	5.44687229698962e-07	31210572
351745	14	4.48565953869734e-07	31210572
351746	72	2.30691061990149e-06	31210572
352472	1	3.20404252764095e-08	31210572
352914	24	7.68970206633829e-07	31210572
353151	39	1.24957658577997e-06	31210572
353153	9	2.88363827487686e-07	31210572
353154	4	1.28161701105638e-07	31210572
354242	537	1.72057083734319e-05	31210572
355276	10	3.20404252764095e-07	31210572
355277	10	3.20404252764095e-07	31210572
357244	4	1.28161701105638e-07	31210572
357348	14	4.48565953869734e-07	31210572
357804	6	1.92242551658457e-07	31210572
357809	3993	0.000127937418128703	31210572
358220	1042	3.33861231380187e-05	31210572
358681	41	1.31365743633279e-06	31210572
359786	174	5.57503399809526e-06	31210572
359787	38	1.21753616050356e-06	31210572
360094	17	5.44687229698962e-07	31210572
360095	22	7.0488935608101e-07	31210572
360102	10592	0.00033937218452773	31210572
360104	57	1.82630424075534e-06	31210572
360105	54	1.73018296492612e-06	31210572
360106	8	2.56323402211276e-07	31210572
360107	190	6.08768080251781e-06	31210572
360910	47	1.50589998799125e-06	31210572
360911	24	7.68970206633829e-07	31210572
362663	453415	0.0145276094267032	31210572
362948	607	1.94485381427806e-05	31210572
362976	5	1.60202126382048e-07	31210572
363253	81	2.59527444738917e-06	31210572
363555	14	4.48565953869734e-07	31210572
364106	5437	0.000174203792227839	31210572
365044	1041	3.33540827127423e-05	31210572
365046	293	9.387844605988e-06	31210572
365659	1447	4.63624953749646e-05	31210572
366394	9	2.88363827487686e-07	31210572
366602	47	1.50589998799125e-06	31210572
367737	59	1.89038509130816e-06	31210572
367775	18	5.76727654975372e-07	31210572
367928	132	4.22933613648606e-06	31210572
368407	4	1.28161701105638e-07	31210572
369723	44	1.40977871216202e-06	31210572
370354	846	2.71061997838425e-05	31210572
370438	9	2.88363827487686e-07	31210572
370553	93	2.97975955070609e-06	31210572
370554	431	1.38094232941325e-05	31210572
373153	816	2.61449870255502e-05	31210572
373384	210858	0.00675597999293316	31210572
373903	3	9.61212758292286e-08	31210572
374833	5	1.60202126382048e-07	31210572
375286	27	8.65091482463058e-07	31210572
375451	4	1.28161701105638e-07	31210572
376686	761	2.43827636353477e-05	31210572
376758	10	3.20404252764095e-07	31210572
377628	1682	5.38919953149209e-05	31210572
377629	4	1.28161701105638e-07	31210572
378753	32	1.02529360884511e-06	31210572
378806	14	4.48565953869734e-07	31210572
379066	18	5.76727654975372e-07	31210572
379329	649	2.07942360043898e-05	31210572
379731	107	3.42832550457582e-06	31210572
380358	19	6.08768080251781e-07	31210572
380394	12	3.84485103316915e-07	31210572
380703	155	4.96626591784348e-06	31210572
380749	6	1.92242551658457e-07	31210572
381666	122	3.90893188372196e-06	31210572
381754	320	1.02529360884511e-05	31210572
382245	2638	8.45226418791684e-05	31210572
383407	19	6.08768080251781e-07	31210572
383629	9	2.88363827487686e-07	31210572
384676	97	3.10792125181173e-06	31210572
386043	80	2.56323402211276e-06	31210572
386415	118	3.78077018261633e-06	31210572
386585	55051	0.00176385745189162	31210572
386656	583	1.86795679361468e-05	31210572
387092	7	2.24282976934867e-07	31210572
387344	67	2.14670849351944e-06	31210572
388396	6	1.92242551658457e-07	31210572
388919	541	1.73338700745376e-05	31210572
390235	54	1.73018296492612e-06	31210572
390236	10	3.20404252764095e-07	31210572
390333	220	7.0488935608101e-06	31210572
390874	10	3.20404252764095e-07	31210572
391008	86	2.75547657377122e-06	31210572
391037	28	8.97131907739467e-07	31210572
391038	50	1.60202126382048e-06	31210572
391165	14	4.48565953869734e-07	31210572
391295	241	7.7217424916147e-06	31210572
391296	173	5.54299357281885e-06	31210572
391595	12	3.84485103316915e-07	31210572
391616	9	2.88363827487686e-07	31210572
391619	2	6.40808505528191e-08	31210572
391626	9	2.88363827487686e-07	31210572
391735	193	6.18380207834704e-06	31210572
391774	234	7.49745951467983e-06	31210572
391896	6	1.92242551658457e-07	31210572
391904	273	8.74703610045981e-06	31210572
392499	177	5.67115527392449e-06	31210572
393011	73	2.3389510451779e-06	31210572
393115	1	3.20404252764095e-08	31210572
393127	6	1.92242551658457e-07	31210572
393305	360	1.15345530995074e-05	31210572
393595	20	6.40808505528191e-07	31210572
394221	2	6.40808505528191e-08	31210572
394503	104	3.33220422874659e-06	31210572
395019	222	7.11297441136292e-06	31210572
395491	12	3.84485103316915e-07	31210572
395492	15	4.80606379146143e-07	31210572
395494	14	4.48565953869734e-07	31210572
395495	372	1.19190382028244e-05	31210572
395960	21	6.728489308046e-07	31210572
395961	11	3.52444678040505e-07	31210572
395965	20	6.40808505528191e-07	31210572
396513	6	1.92242551658457e-07	31210572
396588	9	2.88363827487686e-07	31210572
396595	2	6.40808505528191e-08	31210572
397945	391	1.25278062830761e-05	31210572
398527	43	1.37773828688561e-06	31210572
398577	37	1.18549573522715e-06	31210572
398578	829	2.65615125541435e-05	31210572
398580	19	6.08768080251781e-07	31210572
398767	33	1.05733403412151e-06	31210572
398839	100	3.20404252764095e-06	31210572
399185	103	3.30016380347018e-06	31210572
399599	8	2.56323402211276e-07	31210572
399726	52	1.6661021143733e-06	31210572
399739	89	2.85159784960045e-06	31210572
399741	68	2.17874891879585e-06	31210572
399742	430	1.37773828688561e-05	31210572
399804	3	9.61212758292286e-08	31210572
400667	1344	4.30623315714944e-05	31210572
400756	49	1.56998083854407e-06	31210572
401053	11	3.52444678040505e-07	31210572
401473	24	7.68970206633829e-07	31210572
401614	1	3.20404252764095e-08	31210572
402612	171	5.47891272226603e-06	31210572
402626	57	1.82630424075534e-06	31210572
402881	28	8.97131907739467e-07	31210572
402882	6	1.92242551658457e-07	31210572
403677	19	6.08768080251781e-07	31210572
403833	44	1.40977871216202e-06	31210572
404380	7	2.24282976934867e-07	31210572
404589	12	3.84485103316915e-07	31210572
405416	57	1.82630424075534e-06	31210572
405440	31	9.93253183568696e-07	31210572
405531	2	6.40808505528191e-08	31210572
405532	10	3.20404252764095e-07	31210572
405566	10	3.20404252764095e-07	31210572
405948	56	1.79426381547893e-06	31210572
405955	397336	0.0127308144176275	31210572
406425	13	4.16525528593324e-07	31210572
406817	17	5.44687229698962e-07	31210572
406818	11	3.52444678040505e-07	31210572
407976	14	4.48565953869734e-07	31210572
409438	20442	0.000654970373500364	31210572
410358	9	2.88363827487686e-07	31210572
411154	7	2.24282976934867e-07	31210572
412022	18	5.76727654975372e-07	31210572
412133	21	6.728489308046e-07	31210572
412694	99	3.17200210236454e-06	31210572
413404	7	2.24282976934867e-07	31210572
413997	3403	0.000109033567215622	31210572
413999	25	8.01010631910239e-07	31210572
414684	30	9.61212758292286e-07	31210572
414970	234	7.49745951467983e-06	31210572
416269	8	2.56323402211276e-07	31210572
416870	55	1.76222339020252e-06	31210572
418127	13	4.16525528593324e-07	31210572
419610	68	2.17874891879585e-06	31210572
420245	7	2.24282976934867e-07	31210572
420246	73	2.3389510451779e-06	31210572
420662	218	6.98481271025728e-06	31210572
420889	8	2.56323402211276e-07	31210572
420890	3	9.61212758292286e-08	31210572
423211	85	2.72343614849481e-06	31210572
423368	6557	0.000210089068537417	31210572
423536	425	1.36171807424741e-05	31210572
424182	7	2.24282976934867e-07	31210572
424716	17	5.44687229698962e-07	31210572
425011	55	1.76222339020252e-06	31210572
426114	43	1.37773828688561e-06	31210572
426117	46	1.47385956271484e-06	31210572
426355	117	3.74872975733992e-06	31210572
426430	91	2.91567870015327e-06	31210572
428406	131	4.19729571120965e-06	31210572
429009	20	6.40808505528191e-07	31210572
431895	15	4.80606379146143e-07	31210572
431943	115	3.6846489067871e-06	31210572
431946	25062	0.000802997138277376	31210572
431947	326	1.04451786401095e-05	31210572
434271	19	6.08768080251781e-07	31210572
435590	231725	0.007424567547176	31210572
435591	26340	0.000843944801780627	31210572
435998	30	9.61212758292286e-07	31210572
436717	80	2.56323402211276e-06	31210572
438753	44	1.40977871216202e-06	31210572
439235	12	3.84485103316915e-07	31210572
439375	28	8.97131907739467e-07	31210572
439843	2417	7.74417078930819e-05	31210572
439851	808	2.58886636233389e-05	31210572
439855	103104	0.00330349600769893	31210572
440085	53	1.69814253964971e-06	31210572
441620	37	1.18549573522715e-06	31210572
441768	52	1.6661021143733e-06	31210572
441771	5	1.60202126382048e-07	31210572
442563	58	1.85834466603175e-06	31210572
443143	14	4.48565953869734e-07	31210572
443144	1	3.20404252764095e-08	31210572
443906	63	2.0185467924138e-06	31210572
444177	8	2.56323402211276e-07	31210572
444178	16	5.12646804422553e-07	31210572
444179	4	1.28161701105638e-07	31210572
444450	13220	0.000423574422154134	31210572
446462	47	1.50589998799125e-06	31210572
446465	16	5.12646804422553e-07	31210572
446466	27	8.65091482463058e-07	31210572
446468	13	4.16525528593324e-07	31210572
446469	41	1.31365743633279e-06	31210572
446470	16	5.12646804422553e-07	31210572
446471	35	1.12141488467433e-06	31210572
447217	29	9.29172333015877e-07	31210572
448385	12	3.84485103316915e-07	31210572
449447	3	9.61212758292286e-08	31210572
450851	48	1.53794041326766e-06	31210572
451515	7	2.24282976934867e-07	31210572
451516	107	3.42832550457582e-06	31210572
452637	32	1.02529360884511e-06	31210572
452638	3	9.61212758292286e-08	31210572
452652	21	6.728489308046e-07	31210572
452662	7	2.24282976934867e-07	31210572
452863	38	1.21753616050356e-06	31210572
454166	162	5.19054889477835e-06	31210572
454169	1648	5.28026208555229e-05	31210572
455488	12	3.84485103316915e-07	31210572
455632	32	1.02529360884511e-06	31210572
457425	26	8.33051057186648e-07	31210572
457570	9	2.88363827487686e-07	31210572
458233	73	2.3389510451779e-06	31210572
459349	102	3.26812337819377e-06	31210572
460265	38	1.21753616050356e-06	31210572
464988	3	9.61212758292286e-08	31210572
465515	124	3.97301273427478e-06	31210572
465817	10	3.20404252764095e-07	31210572
467705	289	9.25968290488236e-06	31210572
469008	335	1.07335424675972e-05	31210572
469371	12	3.84485103316915e-07	31210572
469378	74	2.37099147045431e-06	31210572
469383	26	8.33051057186648e-07	31210572
469604	14	4.48565953869734e-07	31210572
469607	72	2.30691061990149e-06	31210572
471852	18	5.76727654975372e-07	31210572
471853	27	8.65091482463058e-07	31210572
471854	10	3.20404252764095e-07	31210572
471855	146	4.67790209035579e-06	31210572
471856	27	8.65091482463058e-07	31210572
471857	3	9.61212758292286e-08	31210572
471876	16	5.12646804422553e-07	31210572
474186	899	2.88043423234922e-05	31210572
476213	27	8.65091482463058e-07	31210572
477641	49	1.56998083854407e-06	31210572
478801	22	7.0488935608101e-07	31210572
479431	75	2.40303189573072e-06	31210572
479432	29	9.29172333015877e-07	31210572
479433	20	6.40808505528191e-07	31210572
479434	27	8.65091482463058e-07	31210572
479435	38	1.21753616050356e-06	31210572
479436	2075	6.64838824485498e-05	31210572
479437	17772	0.00056942243801235	31210572
480119	44	1.40977871216202e-06	31210572
481743	23	7.3692978135742e-07	31210572
481805	321586	0.0103037522029394	31210572
481877	173	5.54299357281885e-06	31210572
482957	28	8.97131907739467e-07	31210572
483179	6	1.92242551658457e-07	31210572
483219	18	5.76727654975372e-07	31210572
484019	8	2.56323402211276e-07	31210572
484020	608	1.9480578568057e-05	31210572
484021	218	6.98481271025728e-06	31210572
485915	14	4.48565953869734e-07	31210572
485916	17	5.44687229698962e-07	31210572
485917	69	2.21078934407226e-06	31210572
485918	43	1.37773828688561e-06	31210572
486410	17	5.44687229698962e-07	31210572
487213	204	6.53624675638755e-06	31210572
487214	303	9.70824885875209e-06	31210572
487215	2	6.40808505528191e-08	31210572
487521	9	2.88363827487686e-07	31210572
488221	45	1.44181913743843e-06	31210572
488222	44	1.40977871216202e-06	31210572
488223	46	1.47385956271484e-06	31210572
488538	13	4.16525528593324e-07	31210572
489653	47	1.50589998799125e-06	31210572
489779	4	1.28161701105638e-07	31210572
490759	4	1.28161701105638e-07	31210572
491077	28	8.97131907739467e-07	31210572
491915	4	1.28161701105638e-07	31210572
491916	22	7.0488935608101e-07	31210572
497978	47	1.50589998799125e-06	31210572
498211	14	4.48565953869734e-07	31210572
498216	93	2.97975955070609e-06	31210572
498217	57	1.82630424075534e-06	31210572
498761	107	3.42832550457582e-06	31210572
502025	1	3.20404252764095e-08	31210572
502558	861	2.75868061629886e-05	31210572
502800	7	2.24282976934867e-07	31210572
502801	20	6.40808505528191e-07	31210572
504472	30	9.61212758292286e-07	31210572
504474	68	2.17874891879585e-06	31210572
504728	132	4.22933613648606e-06	31210572
504832	58	1.85834466603175e-06	31210572
507522	569	1.8231001982277e-05	31210572
508765	22	7.0488935608101e-07	31210572
508767	40	1.28161701105638e-06	31210572
509169	149	4.77402336618502e-06	31210572
509170	41	1.31365743633279e-06	31210572
509173	469	1.50269594546361e-05	31210572
509190	40	1.28161701105638e-06	31210572
510516	15	4.80606379146143e-07	31210572
511062	22	7.0488935608101e-07	31210572
511437	14	4.48565953869734e-07	31210572
511691	163	5.22258932005476e-06	31210572
511995	39	1.24957658577997e-06	31210572
512564	3	9.61212758292286e-08	31210572
512565	21	6.728489308046e-07	31210572
512566	170	5.44687229698962e-06	31210572
515619	9329	0.000298905127403625	31210572
515620	3244	0.000103939139596673	31210572
515622	202	6.47216590583473e-06	31210572
516950	557	1.78465168789601e-05	31210572
518766	12	3.84485103316915e-07	31210572
519441	33	1.05733403412151e-06	31210572
521006	34	1.08937445939792e-06	31210572
521095	73	2.3389510451779e-06	31210572
521096	10	3.20404252764095e-07	31210572
521097	51	1.63406168909689e-06	31210572
521098	32	1.02529360884511e-06	31210572
521460	10	3.20404252764095e-07	31210572
521674	3	9.61212758292286e-08	31210572
522306	60	1.92242551658457e-06	31210572
522373	122	3.90893188372196e-06	31210572
523794	21	6.728489308046e-07	31210572
523796	36	1.15345530995074e-06	31210572
525146	143	4.58178081452656e-06	31210572
525284	9	2.88363827487686e-07	31210572
525381	238	7.62562121578547e-06	31210572
525897	15	4.80606379146143e-07	31210572
525903	10	3.20404252764095e-07	31210572
525909	5	1.60202126382048e-07	31210572
525919	3443	0.000110315184226678	31210572
526218	20	6.40808505528191e-07	31210572
526222	3	9.61212758292286e-08	31210572
526225	27	8.65091482463058e-07	31210572
526226	47	1.50589998799125e-06	31210572
526227	46	1.47385956271484e-06	31210572
527001	91	2.91567870015327e-06	31210572
529120	11	3.52444678040505e-07	31210572
529507	10	3.20404252764095e-07	31210572
530564	3	9.61212758292286e-08	31210572
531844	42	1.3456978616092e-06	31210572
535289	1896	6.07486463240725e-05	31210572
536019	18	5.76727654975372e-07	31210572
536056	37009	0.00118578409905464	31210572
537457	31	9.93253183568696e-07	31210572
537973	31	9.93253183568696e-07	31210572
543728	278	8.90723822684185e-06	31210572
543734	4	1.28161701105638e-07	31210572
543891	76	2.43507232100713e-06	31210572
543913	65	2.08262764296662e-06	31210572
544404	1005	3.22006274027916e-05	31210572
544556	8	2.56323402211276e-07	31210572
545694	5	1.60202126382048e-07	31210572
545695	8	2.56323402211276e-07	31210572
546269	146	4.67790209035579e-06	31210572
546271	62	1.98650636713739e-06	31210572
546342	16	5.12646804422553e-07	31210572
546414	2	6.40808505528191e-08	31210572
547559	12	3.84485103316915e-07	31210572
548473	63	2.0185467924138e-06	31210572
548476	90	2.88363827487686e-06	31210572
548479	337	1.079762331815e-05	31210572
550537	24	7.68970206633829e-07	31210572
550538	359	1.1502512674231e-05	31210572
550540	20	6.40808505528191e-07	31210572
550542	4	1.28161701105638e-07	31210572
552526	7	2.24282976934867e-07	31210572
552811	5	1.60202126382048e-07	31210572
553174	649	2.07942360043898e-05	31210572
553190	113	3.62056805623428e-06	31210572
553199	1984	6.35682037483965e-05	31210572
553482	15	4.80606379146143e-07	31210572
554290	89	2.85159784960045e-06	31210572
555079	5	1.60202126382048e-07	31210572
555778	16	5.12646804422553e-07	31210572
556484	10	3.20404252764095e-07	31210572
557433	10	3.20404252764095e-07	31210572
557436	73	2.3389510451779e-06	31210572
557598	53	1.69814253964971e-06	31210572
557599	2	6.40808505528191e-08	31210572
557600	37	1.18549573522715e-06	31210572
557722	11	3.52444678040505e-07	31210572
557760	30	9.61212758292286e-07	31210572
559292	25	8.01010631910239e-07	31210572
559295	4	1.28161701105638e-07	31210572
561229	31	9.93253183568696e-07	31210572
561230	17	5.44687229698962e-07	31210572
561231	29	9.29172333015877e-07	31210572
561276	104	3.33220422874659e-06	31210572
562019	6	1.92242551658457e-07	31210572
563040	8	2.56323402211276e-07	31210572
563769	863	2.76508870135414e-05	31210572
564886	974	3.12073742192229e-05	31210572
565034	9	2.88363827487686e-07	31210572
565040	67	2.14670849351944e-06	31210572
565042	77	2.46711274628353e-06	31210572
565050	23	7.3692978135742e-07	31210572
565655	26	8.33051057186648e-07	31210572
566546	2432	7.7922314272228e-05	31210572
567106	130	4.16525528593324e-06	31210572
568703	12	3.84485103316915e-07	31210572
568704	39	1.24957658577997e-06	31210572
568706	15	4.80606379146143e-07	31210572
568707	28	8.97131907739467e-07	31210572
568708	4	1.28161701105638e-07	31210572
568709	4	1.28161701105638e-07	31210572
568814	298	9.54804673237004e-06	31210572
568816	547	1.7526112626196e-05	31210572
571800	409	1.31045339380515e-05	31210572
572265	6	1.92242551658457e-07	31210572
572477	8	2.56323402211276e-07	31210572
572480	14	4.48565953869734e-07	31210572
572544	16	5.12646804422553e-07	31210572
572547	15	4.80606379146143e-07	31210572
573059	135	4.32545741231529e-06	31210572
573061	118	3.78077018261633e-06	31210572
573062	2	6.40808505528191e-08	31210572
573065	10	3.20404252764095e-07	31210572
573235	23619	0.000756762804603517	31210572
573370	50	1.60202126382048e-06	31210572
573413	1	3.20404252764095e-08	31210572
573729	10	3.20404252764095e-07	31210572
574093	672	2.15311657857472e-05	31210572
574521	79411	0.00254436221162496	31210572
575614	152	4.87014464201425e-06	31210572
577650	12	3.84485103316915e-07	31210572
578455	24	7.68970206633829e-07	31210572
578461	4	1.28161701105638e-07	31210572
579405	55	1.76222339020252e-06	31210572
580050	38	1.21753616050356e-06	31210572
580327	9	2.88363827487686e-07	31210572
580331	24	7.68970206633829e-07	31210572
580332	40	1.28161701105638e-06	31210572
580340	4	1.28161701105638e-07	31210572
582402	4	1.28161701105638e-07	31210572
582744	37	1.18549573522715e-06	31210572
582899	10	3.20404252764095e-07	31210572
583345	30	9.61212758292286e-07	31210572
583346	37	1.18549573522715e-06	31210572
583358	14	4.48565953869734e-07	31210572
585034	1589	5.09122357642148e-05	31210572
585035	53337	0.00170894016296786	31210572
585054	31006	0.000993445426120354	31210572
585055	12881	0.000412712717985431	31210572
585056	43256	0.00138594063575637	31210572
585057	99550	0.00318962433626657	31210572
585394	27690	0.00088719937590378	31210572
585395	21932	0.000702710607162214	31210572
585396	18884	0.000605051390919718	31210572
585397	48313	0.00154796906637917	31210572
588858	55	1.76222339020252e-06	31210572
589865	15	4.80606379146143e-07	31210572
590409	33	1.05733403412151e-06	31210572
590739	2	6.40808505528191e-08	31210572
590998	31	9.93253183568696e-07	31210572
591001	50	1.60202126382048e-06	31210572
591020	6489	0.000207910319618622	31210572
591167	9	2.88363827487686e-07	31210572
591365	76	2.43507232100713e-06	31210572
591946	40187	0.00128760857058307	31210572
592029	10	3.20404252764095e-07	31210572
592316	42	1.3456978616092e-06	31210572
593588	1	3.20404252764095e-08	31210572
593907	31	9.93253183568696e-07	31210572
595494	35	1.12141488467433e-06	31210572
595495	75036	0.00240418535104067	31210572
595496	4310	0.000138094232941325	31210572
595528	10	3.20404252764095e-07	31210572
595537	216	6.92073185970446e-06	31210572
596153	365	1.16947552258895e-05	31210572
596154	275	8.81111695101262e-06	31210572
604162	20	6.40808505528191e-07	31210572
610130	3500	0.000112141488467433	31210572
617121	303	9.70824885875209e-06	31210572
626418	60	1.92242551658457e-06	31210572
627192	28	8.97131907739467e-07	31210572
630588	5	1.60202126382048e-07	31210572
630626	106	3.39628507929941e-06	31210572
632292	8	2.56323402211276e-07	31210572
632348	6	1.92242551658457e-07	31210572
632772	45	1.44181913743843e-06	31210572
633147	55	1.76222339020252e-06	31210572
633149	79	2.53119359683635e-06	31210572
633699	267	8.55479354880135e-06	31210572
634177	1	3.20404252764095e-08	31210572
634452	18	5.76727654975372e-07	31210572
634498	8	2.56323402211276e-07	31210572
634499	19	6.08768080251781e-07	31210572
634500	27	8.65091482463058e-07	31210572
634503	12	3.84485103316915e-07	31210572
634504	6	1.92242551658457e-07	31210572
635013	5	1.60202126382048e-07	31210572
637379	4	1.28161701105638e-07	31210572
637887	11	3.52444678040505e-07	31210572
637909	2405	7.7057222789765e-05	31210572
637910	2347	7.51988781237332e-05	31210572
639283	1	3.20404252764095e-08	31210572
640081	98	3.13996167708814e-06	31210572
640131	179	5.73523612447731e-06	31210572
640132	1	3.20404252764095e-08	31210572
640510	21	6.728489308046e-07	31210572
640511	57	1.82630424075534e-06	31210572
640512	17	5.44687229698962e-07	31210572
640513	60	1.92242551658457e-06	31210572
641491	42	1.3456978616092e-06	31210572
642492	211	6.76052973332241e-06	31210572
643561	241	7.7217424916147e-06	31210572
643562	24	7.68970206633829e-07	31210572
643648	28	8.97131907739467e-07	31210572
643867	14	4.48565953869734e-07	31210572
644282	16	5.12646804422553e-07	31210572
644283	35	1.12141488467433e-06	31210572
644284	26	8.33051057186648e-07	31210572
644651	15	4.80606379146143e-07	31210572
644801	43	1.37773828688561e-06	31210572
644966	17	5.44687229698962e-07	31210572
645127	51	1.63406168909689e-06	31210572
645462	225	7.20909568719215e-06	31210572
645463	1644	5.26744591544173e-05	31210572
645464	361	1.15665935247838e-05	31210572
645991	42	1.3456978616092e-06	31210572
646529	21	6.728489308046e-07	31210572
648757	18	5.76727654975372e-07	31210572
648999	39	1.24957658577997e-06	31210572
649349	32	1.02529360884511e-06	31210572
649639	11	3.52444678040505e-07	31210572
649831	24	7.68970206633829e-07	31210572
650150	187	5.99155952668858e-06	31210572
651822	25	8.01010631910239e-07	31210572
652103	59	1.89038509130816e-06	31210572
653045	4	1.28161701105638e-07	31210572
653733	11	3.52444678040505e-07	31210572
653938	6	1.92242551658457e-07	31210572
655815	34	1.08937445939792e-06	31210572
655816	4	1.28161701105638e-07	31210572
655817	25710	0.000823759333856489	31210572
656519	18	5.76727654975372e-07	31210572
657308	1923	6.16137378065356e-05	31210572
657309	28408	0.000910204401252242	31210572
657310	964	3.08869699664588e-05	31210572
657313	97498	0.00312387738359938	31210572
657314	13777	0.000441420939033094	31210572
657315	8307	0.000266159812771134	31210572
657316	83	2.65935529794199e-06	31210572
657317	5859	0.000187724851694484	31210572
657318	6882	0.00022050220675225	31210572
657319	1495	4.79004357882323e-05	31210572
657321	3336	0.000106886858722102	31210572
657322	9742	0.000312137823042782	31210572
657323	7899	0.000253087319258359	31210572
657324	163	5.22258932005476e-06	31210572
660470	5	1.60202126382048e-07	31210572
661410	11	3.52444678040505e-07	31210572
662598	20	6.40808505528191e-07	31210572
662755	254	8.13826802020802e-06	31210572
663241	23	7.3692978135742e-07	31210572
663278	191	6.11972122779422e-06	31210572
663917	18	5.76727654975372e-07	31210572
663954	29	9.29172333015877e-07	31210572
665029	18	5.76727654975372e-07	31210572
665571	10	3.20404252764095e-07	31210572
666681	37	1.18549573522715e-06	31210572
666685	47	1.50589998799125e-06	31210572
666686	4	1.28161701105638e-07	31210572
667015	11436	0.00036641430346102	31210572
668336	6	1.92242551658457e-07	31210572
669502	10	3.20404252764095e-07	31210572
670307	15	4.80606379146143e-07	31210572
670487	6	1.92242551658457e-07	31210572
673832	16	5.12646804422553e-07	31210572
673837	23	7.3692978135742e-07	31210572
675635	52	1.6661021143733e-06	31210572
679935	9721	0.000311464974111977	31210572
680198	8	2.56323402211276e-07	31210572
680646	381	1.2207402030312e-05	31210572
682795	2	6.40808505528191e-08	31210572
683837	6	1.92242551658457e-07	31210572
684738	40	1.28161701105638e-06	31210572
685038	8735	0.000279873114789437	31210572
685039	2	6.40808505528191e-08	31210572
685727	23	7.3692978135742e-07	31210572
687342	3	9.61212758292286e-08	31210572
687355	37	1.18549573522715e-06	31210572
688245	202	6.47216590583473e-06	31210572
688270	4	1.28161701105638e-07	31210572
690566	8	2.56323402211276e-07	31210572
690850	54	1.73018296492612e-06	31210572
691437	8	2.56323402211276e-07	31210572
692420	2	6.40808505528191e-08	31210572
693216	30	9.61212758292286e-07	31210572
693444	1751	5.61027846589931e-05	31210572
693582	1	3.20404252764095e-08	31210572
693745	18	5.76727654975372e-07	31210572
693746	455	1.45783935007663e-05	31210572
693973	2	6.40808505528191e-08	31210572
693974	6	1.92242551658457e-07	31210572
693977	22	7.0488935608101e-07	31210572
693978	47	1.50589998799125e-06	31210572
693979	4245	0.000136011605298359	31210572
693982	7	2.24282976934867e-07	31210572
694427	254	8.13826802020802e-06	31210572
694569	5	1.60202126382048e-07	31210572
695560	45	1.44181913743843e-06	31210572
695562	7	2.24282976934867e-07	31210572
696216	315	1.0092733962069e-05	31210572
696406	6514	0.000208711330250532	31210572
696748	6	1.92242551658457e-07	31210572
696749	18	5.76727654975372e-07	31210572
697281	8	2.56323402211276e-07	31210572
697283	41	1.31365743633279e-06	31210572
697284	1	3.20404252764095e-08	31210572
697303	16	5.12646804422553e-07	31210572
697329	513	1.64367381667981e-05	31210572
698737	55	1.76222339020252e-06	31210572
698758	8	2.56323402211276e-07	31210572
698761	8	2.56323402211276e-07	31210572
698936	2	6.40808505528191e-08	31210572
698948	2	6.40808505528191e-08	31210572
698962	25	8.01010631910239e-07	31210572
698964	3	9.61212758292286e-08	31210572
698965	7	2.24282976934867e-07	31210572
698967	10	3.20404252764095e-07	31210572
698968	4	1.28161701105638e-07	31210572
698970	84	2.6913957232184e-06	31210572
698971	25	8.01010631910239e-07	31210572
698972	39	1.24957658577997e-06	31210572
698973	17	5.44687229698962e-07	31210572
699032	2062	6.60673569199565e-05	31210572
699033	1293	4.14282698823975e-05	31210572
699037	2025	6.48818611847293e-05	31210572
699246	191	6.11972122779422e-06	31210572
700015	33	1.05733403412151e-06	31210572
700508	19	6.08768080251781e-07	31210572
700598	34	1.08937445939792e-06	31210572
701177	8129	0.000260456617071933	31210572
701347	279	8.93927865211826e-06	31210572
701521	41	1.31365743633279e-06	31210572
702113	36	1.15345530995074e-06	31210572
702459	54	1.73018296492612e-06	31210572
703613	1	3.20404252764095e-08	31210572
706191	51	1.63406168909689e-06	31210572
707241	2	6.40808505528191e-08	31210572
709991	9962	0.000319186716603592	31210572
710421	16	5.12646804422553e-07	31210572
710685	27	8.65091482463058e-07	31210572
710686	3	9.61212758292286e-08	31210572
710696	52	1.6661021143733e-06	31210572
712898	27	8.65091482463058e-07	31210572
712938	141	4.51769996397375e-06	31210572
712961	671	2.14991253604708e-05	31210572
713604	21	6.728489308046e-07	31210572
714313	25	8.01010631910239e-07	31210572
714359	3	9.61212758292286e-08	31210572
714962	6995	0.000224122774808485	31210572
716540	8	2.56323402211276e-07	31210572
716541	455	1.45783935007663e-05	31210572
717605	6	1.92242551658457e-07	31210572
717608	3122	0.000100030207712951	31210572
717774	30	9.61212758292286e-07	31210572
717785	13	4.16525528593324e-07	31210572
717959	35393	0.00113400677180796	31210572
717960	3691	0.000118261209695228	31210572
717961	2299	7.36609377104655e-05	31210572
717962	15106	0.000484002664225443	31210572
718251	7	2.24282976934867e-07	31210572
718252	10822	0.000346741482341304	31210572
718254	110	3.52444678040505e-06	31210572
718255	7769	0.000248922063972426	31210572
718271	339	1.08617041687028e-05	31210572
718274	4372	0.000140080739308463	31210572
720554	55	1.76222339020252e-06	31210572
722911	102	3.26812337819377e-06	31210572
741091	25	8.01010631910239e-07	31210572
741093	53	1.69814253964971e-06	31210572
742013	651	2.08583168549426e-05	31210572
743525	1553	4.9758780454264e-05	31210572
743718	10	3.20404252764095e-07	31210572
743720	54	1.73018296492612e-06	31210572
743721	98	3.13996167708814e-06	31210572
743722	14	4.48565953869734e-07	31210572
744985	7	2.24282976934867e-07	31210572
745277	50	1.60202126382048e-06	31210572
745310	52	1.6661021143733e-06	31210572
745776	8	2.56323402211276e-07	31210572
746361	29	9.29172333015877e-07	31210572
746697	23	7.3692978135742e-07	31210572
747365	8	2.56323402211276e-07	31210572
748247	71	2.27487019462508e-06	31210572
748280	60	1.92242551658457e-06	31210572
748671	27	8.65091482463058e-07	31210572
748727	4	1.28161701105638e-07	31210572
749219	16	5.12646804422553e-07	31210572
749414	14	4.48565953869734e-07	31210572
749927	21	6.728489308046e-07	31210572
751585	3427	0.000109802537422256	31210572
751945	131	4.19729571120965e-06	31210572
754035	18	5.76727654975372e-07	31210572
754252	19	6.08768080251781e-07	31210572
754476	4	1.28161701105638e-07	31210572
754477	7	2.24282976934867e-07	31210572
755731	5	1.60202126382048e-07	31210572
755732	30	9.61212758292286e-07	31210572
756272	5	1.60202126382048e-07	31210572
756499	7	2.24282976934867e-07	31210572
757424	273	8.74703610045981e-06	31210572
757425	66	2.11466806824303e-06	31210572
758793	48	1.53794041326766e-06	31210572
759350	182	5.83135740030654e-06	31210572
759362	1	3.20404252764095e-08	31210572
759914	18	5.76727654975372e-07	31210572
760142	4	1.28161701105638e-07	31210572
760154	14	4.48565953869734e-07	31210572
760192	51	1.63406168909689e-06	31210572
760568	4	1.28161701105638e-07	31210572
760570	1656	5.30589442577342e-05	31210572
761193	12	3.84485103316915e-07	31210572
761659	2	6.40808505528191e-08	31210572
762376	119	3.81281060789274e-06	31210572
762570	10	3.20404252764095e-07	31210572
762633	272	8.7149956751834e-06	31210572
762903	10	3.20404252764095e-07	31210572
762948	415	1.329677648971e-05	31210572
765698	18	5.76727654975372e-07	31210572
765874	40	1.28161701105638e-06	31210572
765911	21	6.728489308046e-07	31210572
765912	15	4.80606379146143e-07	31210572
765952	3	9.61212758292286e-08	31210572
767029	28	8.97131907739467e-07	31210572
767031	202	6.47216590583473e-06	31210572
767434	36	1.15345530995074e-06	31210572
767453	44	1.40977871216202e-06	31210572
767462	40	1.28161701105638e-06	31210572
767463	527	1.68853041206678e-05	31210572
767468	27	8.65091482463058e-07	31210572
768065	5	1.60202126382048e-07	31210572
768066	7	2.24282976934867e-07	31210572
768486	17	5.44687229698962e-07	31210572
768490	22	7.0488935608101e-07	31210572
768492	9	2.88363827487686e-07	31210572
768706	27	8.65091482463058e-07	31210572
798128	278	8.90723822684185e-06	31210572
856793	3	9.61212758292286e-08	31210572
857087	6	1.92242551658457e-07	31210572
858215	6	1.92242551658457e-07	31210572
858619	43	1.37773828688561e-06	31210572
859655	47	1.50589998799125e-06	31210572
859656	34	1.08937445939792e-06	31210572
859657	60	1.92242551658457e-06	31210572
860228	7	2.24282976934867e-07	31210572
861208	16	5.12646804422553e-07	31210572
861360	47	1.50589998799125e-06	31210572
862719	20	6.40808505528191e-07	31210572
862751	10	3.20404252764095e-07	31210572
862962	7061	0.000226237442876728	31210572
862965	4	1.28161701105638e-07	31210572
862966	90	2.88363827487686e-06	31210572
862967	46	1.47385956271484e-06	31210572
862968	36	1.15345530995074e-06	31210572
862969	38	1.21753616050356e-06	31210572
862970	49	1.56998083854407e-06	31210572
862971	349	1.11821084214669e-05	31210572
865938	3	9.61212758292286e-08	31210572
866536	2	6.40808505528191e-08	31210572
866768	164902	0.00528353020893049	31210572
866775	2866	9.18278588421897e-05	31210572
866777	877	2.80994529674112e-05	31210572
866895	10	3.20404252764095e-07	31210572
866913	9	2.88363827487686e-07	31210572
867900	12	3.84485103316915e-07	31210572
867902	9	2.88363827487686e-07	31210572
868131	2	6.40808505528191e-08	31210572
868132	2	6.40808505528191e-08	31210572
868595	14	4.48565953869734e-07	31210572
868597	96	3.07588082653532e-06	31210572
869209	228	7.30521696302138e-06	31210572
869210	2	6.40808505528191e-08	31210572
869215	54	1.73018296492612e-06	31210572
869216	83	2.65935529794199e-06	31210572
869269	20	6.40808505528191e-07	31210572
869303	4	1.28161701105638e-07	31210572
869306	21	6.728489308046e-07	31210572
869309	702	2.24923785440395e-05	31210572
869729	196150	0.00628472941796773	31210572
871585	51	1.63406168909689e-06	31210572
875328	11	3.52444678040505e-07	31210572
877468	232	7.43337866412701e-06	31210572
879243	55	1.76222339020252e-06	31210572
880071	33	1.05733403412151e-06	31210572
880591	9	2.88363827487686e-07	31210572
880633	8	2.56323402211276e-07	31210572
880758	32	1.02529360884511e-06	31210572
882378	11	3.52444678040505e-07	31210572
882884	2074	6.64518420232734e-05	31210572
883062	29	9.29172333015877e-07	31210572
885275	886	2.83878167948989e-05	31210572
885276	6775	0.000217073881247675	31210572
886293	2	6.40808505528191e-08	31210572
886377	23	7.3692978135742e-07	31210572
886882	10	3.20404252764095e-07	31210572
887061	2	6.40808505528191e-08	31210572
889378	12	3.84485103316915e-07	31210572
889738	8	2.56323402211276e-07	31210572
889932	6	1.92242551658457e-07	31210572
890402	183	5.86339782558295e-06	31210572
891391	57	1.82630424075534e-06	31210572
891968	24	7.68970206633829e-07	31210572
903510	5	1.60202126382048e-07	31210572
903814	394	1.26239275589054e-05	31210572
905079	8	2.56323402211276e-07	31210572
907265	4	1.28161701105638e-07	31210572
907269	4	1.28161701105638e-07	31210572
908937	115	3.6846489067871e-06	31210572
909420	6	1.92242551658457e-07	31210572
909946	913	2.92529082773619e-05	31210572
909952	121	3.87689145844555e-06	31210572
909954	130	4.16525528593324e-06	31210572
910348	4840	0.000155075658337822	31210572
911045	6	1.92242551658457e-07	31210572
926550	7	2.24282976934867e-07	31210572
926556	30	9.61212758292286e-07	31210572
926562	46	1.47385956271484e-06	31210572
927666	1290	4.13321486065683e-05	31210572
927704	19	6.08768080251781e-07	31210572
929102	31	9.93253183568696e-07	31210572
929506	13	4.16525528593324e-07	31210572
929556	18	5.76727654975372e-07	31210572
929562	35	1.12141488467433e-06	31210572
930169	13	4.16525528593324e-07	31210572
930171	26	8.33051057186648e-07	31210572
930944	10	3.20404252764095e-07	31210572
931276	38	1.21753616050356e-06	31210572
931281	27	8.65091482463058e-07	31210572
932677	42	1.3456978616092e-06	31210572
935296	304	9.7402892840285e-06	31210572
935297	5	1.60202126382048e-07	31210572
935588	8	2.56323402211276e-07	31210572
935591	1	3.20404252764095e-08	31210572
935593	19	6.08768080251781e-07	31210572
935599	9	2.88363827487686e-07	31210572
935697	5	1.60202126382048e-07	31210572
935897	8	2.56323402211276e-07	31210572
936153	2721	8.71819971771104e-05	31210572
936154	20	6.40808505528191e-07	31210572
936155	2	6.40808505528191e-08	31210572
936156	8	2.56323402211276e-07	31210572
936157	33	1.05733403412151e-06	31210572
937773	9	2.88363827487686e-07	31210572
937774	30	9.61212758292286e-07	31210572
940190	19	6.08768080251781e-07	31210572
940296	7	2.24282976934867e-07	31210572
941639	28	8.97131907739467e-07	31210572
944546	13	4.16525528593324e-07	31210572
944547	68	2.17874891879585e-06	31210572
945021	8	2.56323402211276e-07	31210572
945556	11	3.52444678040505e-07	31210572
945704	524	1.67891828448386e-05	31210572
945713	22	7.0488935608101e-07	31210572
946362	36	1.15345530995074e-06	31210572
946483	34	1.08937445939792e-06	31210572
953739	18	5.76727654975372e-07	31210572
956149	102	3.26812337819377e-06	31210572
977880	98	3.13996167708814e-06	31210572
979556	83	2.65935529794199e-06	31210572
980514	9	2.88363827487686e-07	31210572
981222	8	2.56323402211276e-07	31210572
981368	18	5.76727654975372e-07	31210572
981539	107	3.42832550457582e-06	31210572
981540	4251	0.000136203847850017	31210572
983544	22	7.0488935608101e-07	31210572
983545	1	3.20404252764095e-08	31210572
983548	26	8.33051057186648e-07	31210572
983917	196	6.27992335417627e-06	31210572
984262	23	7.3692978135742e-07	31210572
984892	33	1.05733403412151e-06	31210572
985002	9	2.88363827487686e-07	31210572
985665	21	6.728489308046e-07	31210572
990288	3	9.61212758292286e-08	31210572
990315	117	3.74872975733992e-06	31210572
990316	54	1.73018296492612e-06	31210572
990317	1139	3.64940443898305e-05	31210572
991905	13	4.16525528593324e-07	31210572
992406	258	8.26642972131366e-06	31210572
993512	8	2.56323402211276e-07	31210572
993615	14	4.48565953869734e-07	31210572
994476	26	8.33051057186648e-07	31210572
994484	58	1.85834466603175e-06	31210572
996285	48	1.53794041326766e-06	31210572
997761	2	6.40808505528191e-08	31210572
998088	35	1.12141488467433e-06	31210572
999541	28	8.97131907739467e-07	31210572
999552	21	6.728489308046e-07	31210572
1001583	19	6.08768080251781e-07	31210572
1001585	28	8.97131907739467e-07	31210572
1002804	2	6.40808505528191e-08	31210572
1002809	4	1.28161701105638e-07	31210572
1003195	53	1.69814253964971e-06	31210572
1004785	4	1.28161701105638e-07	31210572
1004786	64	2.05058721769021e-06	31210572
1004951	8	2.56323402211276e-07	31210572
1004952	188	6.02359995196499e-06	31210572
1005041	461	1.47706360524248e-05	31210572
1005042	504	1.61483743393104e-05	31210572
1005048	87	2.78751699904763e-06	31210572
1005058	15	4.80606379146143e-07	31210572
1006543	17	5.44687229698962e-07	31210572
1006551	52	1.6661021143733e-06	31210572
1007064	7	2.24282976934867e-07	31210572
1007105	20	6.40808505528191e-07	31210572
1008459	23	7.3692978135742e-07	31210572
1009464	28	8.97131907739467e-07	31210572
1009846	32	1.02529360884511e-06	31210572
1016998	527	1.68853041206678e-05	31210572
1017264	7	2.24282976934867e-07	31210572
1028307	35	1.12141488467433e-06	31210572
1029756	6	1.92242551658457e-07	31210572
1030843	121	3.87689145844555e-06	31210572
1031709	135	4.32545741231529e-06	31210572
1031710	25	8.01010631910239e-07	31210572
1031711	27	8.65091482463058e-07	31210572
1032480	41	1.31365743633279e-06	31210572
1033813	42422	0.00135921892107585	31210572
1033837	43	1.37773828688561e-06	31210572
1034807	153	4.90218506729066e-06	31210572
1034809	23	7.3692978135742e-07	31210572
1034836	2	6.40808505528191e-08	31210572
1035377	7	2.24282976934867e-07	31210572
1035817	25	8.01010631910239e-07	31210572
1036172	9	2.88363827487686e-07	31210572
1036672	15	4.80606379146143e-07	31210572
1036673	35	1.12141488467433e-06	31210572
1036743	4	1.28161701105638e-07	31210572
1037409	39	1.24957658577997e-06	31210572
1037911	484	1.55075658337822e-05	31210572
1041826	46	1.47385956271484e-06	31210572
1042156	1267	4.05952188252109e-05	31210572
1042876	66	2.11466806824303e-06	31210572
1042878	34	1.08937445939792e-06	31210572
1045854	35	1.12141488467433e-06	31210572
1045855	48	1.53794041326766e-06	31210572
1045856	155	4.96626591784348e-06	31210572
1046629	1299	4.1620512434056e-05	31210572
1048332	1251	4.00825720207883e-05	31210572
1048689	8610	0.000275868061629886	31210572
1048834	19	6.08768080251781e-07	31210572
1049565	61	1.95446594186098e-06	31210572
1051072	80	2.56323402211276e-06	31210572
1051074	174	5.57503399809526e-06	31210572
1054460	529	1.69493849712206e-05	31210572
1055530	1	3.20404252764095e-08	31210572
1064535	47	1.50589998799125e-06	31210572
1064539	12	3.84485103316915e-07	31210572
1064551	35	1.12141488467433e-06	31210572
1064592	10	3.20404252764095e-07	31210572
1069533	123	3.94097230899837e-06	31210572
1069534	149	4.77402336618502e-06	31210572
1069642	4	1.28161701105638e-07	31210572
1071378	4	1.28161701105638e-07	31210572
1071381	10	3.20404252764095e-07	31210572
1071382	4	1.28161701105638e-07	31210572
1071400	4	1.28161701105638e-07	31210572
1072459	37099	0.00118866773732952	31210572
1074919	47	1.50589998799125e-06	31210572
1075089	4	1.28161701105638e-07	31210572
1076934	375	1.20151594786536e-05	31210572
1081093	273	8.74703610045981e-06	31210572
1082931	16	5.12646804422553e-07	31210572
1088720	30	9.61212758292286e-07	31210572
1089456	55	1.76222339020252e-06	31210572
1090974	3	9.61212758292286e-08	31210572
1091041	2	6.40808505528191e-08	31210572
1091045	935	2.99577976334429e-05	31210572
1091494	15	4.80606379146143e-07	31210572
1093141	48	1.53794041326766e-06	31210572
1093787	9	2.88363827487686e-07	31210572
1094466	53	1.69814253964971e-06	31210572
1095774	19	6.08768080251781e-07	31210572
1096995	7	2.24282976934867e-07	31210572
1096996	7	2.24282976934867e-07	31210572
1097668	75	2.40303189573072e-06	31210572
1097677	8	2.56323402211276e-07	31210572
1100841	2	6.40808505528191e-08	31210572
1104320	6	1.92242551658457e-07	31210572
1104322	43	1.37773828688561e-06	31210572
1104325	42	1.3456978616092e-06	31210572
1104326	104	3.33220422874659e-06	31210572
1105112	9	2.88363827487686e-07	31210572
1107880	4	1.28161701105638e-07	31210572
1110502	18	5.76727654975372e-07	31210572
1111069	231	7.4013382388506e-06	31210572
1111678	17	5.44687229698962e-07	31210572
1112204	37	1.18549573522715e-06	31210572
1114958	7	2.24282976934867e-07	31210572
1114965	1642	5.26103783038645e-05	31210572
1114966	24	7.68970206633829e-07	31210572
1114967	234	7.49745951467983e-06	31210572
1114969	1864	5.97233527152274e-05	31210572
1114970	119	3.81281060789274e-06	31210572
1116231	411	1.31686147886043e-05	31210572
1116375	18	5.76727654975372e-07	31210572
1116391	5	1.60202126382048e-07	31210572
1117943	3	9.61212758292286e-08	31210572
1118959	21	6.728489308046e-07	31210572
1118963	16	5.12646804422553e-07	31210572
1121335	4	1.28161701105638e-07	31210572
1121353	12	3.84485103316915e-07	31210572
1121362	68	2.17874891879585e-06	31210572
1121448	25	8.01010631910239e-07	31210572
1123519	34	1.08937445939792e-06	31210572
1123523	144	4.61382123980297e-06	31210572
1123863	28	8.97131907739467e-07	31210572
1124936	694	2.22360551418282e-05	31210572
1124983	51	1.63406168909689e-06	31210572
1124991	14	4.48565953869734e-07	31210572
1125630	5656	0.000181220645363372	31210572
1127134	20	6.40808505528191e-07	31210572
1128398	71	2.27487019462508e-06	31210572
1130804	3	9.61212758292286e-08	31210572
1132507	81	2.59527444738917e-06	31210572
1133568	18	5.76727654975372e-07	31210572
1133849	28	8.97131907739467e-07	31210572
1133850	7	2.24282976934867e-07	31210572
1133852	9157	0.000293394174256082	31210572
1133853	25443	0.000815204540307688	31210572
1134454	1024	3.28093954830434e-05	31210572
1134782	553	1.77183551778545e-05	31210572
1136179	2172	6.95918037003615e-05	31210572
1137651	17	5.44687229698962e-07	31210572
1138308	78	2.49915317155994e-06	31210572
1138382	4	1.28161701105638e-07	31210572
1138383	9	2.88363827487686e-07	31210572
1138871	7	2.24282976934867e-07	31210572
1142511	8	2.56323402211276e-07	31210572
1144275	11	3.52444678040505e-07	31210572
1146883	52	1.6661021143733e-06	31210572
1147128	3	9.61212758292286e-08	31210572
1150469	39	1.24957658577997e-06	31210572
1151116	7	2.24282976934867e-07	31210572
1155071	113	3.62056805623428e-06	31210572
1155084	14	4.48565953869734e-07	31210572
1155766	801	2.5664380646404e-05	31210572
1156431	228	7.30521696302138e-06	31210572
1156433	317	1.01568148126218e-05	31210572
1156913	20	6.40808505528191e-07	31210572
1160717	40	1.28161701105638e-06	31210572
1161918	21	6.728489308046e-07	31210572
1163399	92	2.94771912542968e-06	31210572
1163617	15	4.80606379146143e-07	31210572
1163748	12	3.84485103316915e-07	31210572
1166016	7	2.24282976934867e-07	31210572
1166018	8	2.56323402211276e-07	31210572
1166130	12	3.84485103316915e-07	31210572
1167629	10	3.20404252764095e-07	31210572
1167634	61	1.95446594186098e-06	31210572
1170318	87	2.78751699904763e-06	31210572
1170562	12	3.84485103316915e-07	31210572
1171373	17	5.44687229698962e-07	31210572
1171376	810	2.59527444738917e-05	31210572
1171377	62	1.98650636713739e-06	31210572
1173020	9	2.88363827487686e-07	31210572
1173427	53	1.69814253964971e-06	31210572
1179773	28	8.97131907739467e-07	31210572
1184267	6	1.92242551658457e-07	31210572
1185652	11	3.52444678040505e-07	31210572
1187956	165	5.28667017060757e-06	31210572
1191061	1688	5.40842378665793e-05	31210572
1191523	3	9.61212758292286e-08	31210572
1193292	314	1.00606935367926e-05	31210572
1193576	37	1.18549573522715e-06	31210572
1193729	2	6.40808505528191e-08	31210572
1194526	125	4.00505315955119e-06	31210572
1195464	7	2.24282976934867e-07	31210572
1196325	56	1.79426381547893e-06	31210572
1196835	22	7.0488935608101e-07	31210572
1197719	27	8.65091482463058e-07	31210572
1198627	16	5.12646804422553e-07	31210572
1198676	122	3.90893188372196e-06	31210572
1199187	23	7.3692978135742e-07	31210572
1199245	1	3.20404252764095e-08	31210572
1200352	14	4.48565953869734e-07	31210572
1201010	6	1.92242551658457e-07	31210572
1203460	2	6.40808505528191e-08	31210572
1204414	19	6.08768080251781e-07	31210572
1205910	6	1.92242551658457e-07	31210572
1206105	713	2.284482322208e-05	31210572
1207075	69	2.21078934407226e-06	31210572
1208658	13	4.16525528593324e-07	31210572
1209989	2	6.40808505528191e-08	31210572
1211025	88	2.81955742432404e-06	31210572
1211579	50	1.60202126382048e-06	31210572
1214101	3	9.61212758292286e-08	31210572
1214242	40	1.28161701105638e-06	31210572
1215088	87	2.78751699904763e-06	31210572
1215343	30	9.61212758292286e-07	31210572
1216976	60	1.92242551658457e-06	31210572
1217984	9	2.88363827487686e-07	31210572
1218175	9	2.88363827487686e-07	31210572
1218933	32	1.02529360884511e-06	31210572
1224163	33	1.05733403412151e-06	31210572
1224746	3	9.61212758292286e-08	31210572
1225522	7	2.24282976934867e-07	31210572
1228997	187	5.99155952668858e-06	31210572
1229205	4	1.28161701105638e-07	31210572
1229492	5	1.60202126382048e-07	31210572
1229758	32	1.02529360884511e-06	31210572
1229908	9	2.88363827487686e-07	31210572
1231072	257	8.23438929603725e-06	31210572
1231389	3	9.61212758292286e-08	31210572
1232381	10	3.20404252764095e-07	31210572
1233873	4	1.28161701105638e-07	31210572
1234378	81	2.59527444738917e-06	31210572
1234380	16	5.12646804422553e-07	31210572
1234600	2	6.40808505528191e-08	31210572
1234679	100	3.20404252764095e-06	31210572
1236903	5	1.60202126382048e-07	31210572
1244085	13	4.16525528593324e-07	31210572
1245469	20	6.40808505528191e-07	31210572
1245471	110	3.52444678040505e-06	31210572
1246301	223	7.14501483663933e-06	31210572
1246365	209	6.69644888276959e-06	31210572
1246955	1	3.20404252764095e-08	31210572
1246995	21	6.728489308046e-07	31210572
1249634	25	8.01010631910239e-07	31210572
1249661	16	5.12646804422553e-07	31210572
1254432	15	4.80606379146143e-07	31210572
1254439	44	1.40977871216202e-06	31210572
1255043	6	1.92242551658457e-07	31210572
1257118	24	7.68970206633829e-07	31210572
1260292	7	2.24282976934867e-07	31210572
1261131	30	9.61212758292286e-07	31210572
1261557	532	1.70455062470499e-05	31210572
1262456	46	1.47385956271484e-06	31210572
1266845	22	7.0488935608101e-07	31210572
1267577	7	2.24282976934867e-07	31210572
1267753	409	1.31045339380515e-05	31210572
1267754	66	2.11466806824303e-06	31210572
1271752	40	1.28161701105638e-06	31210572
1271862	252	8.0741871696552e-06	31210572
1271863	17	5.44687229698962e-07	31210572
1271864	320	1.02529360884511e-05	31210572
1273173	52	1.6661021143733e-06	31210572
1274814	795	2.54721380947456e-05	31210572
1276227	2	6.40808505528191e-08	31210572
1276282	40	1.28161701105638e-06	31210572
1278073	16	5.12646804422553e-07	31210572
1280938	6	1.92242551658457e-07	31210572
1282356	152	4.87014464201425e-06	31210572
1283331	17	5.44687229698962e-07	31210572
1284663	14	4.48565953869734e-07	31210572
1286170	241	7.7217424916147e-06	31210572
1288122	2	6.40808505528191e-08	31210572
1288394	56	1.79426381547893e-06	31210572
1291379	7	2.24282976934867e-07	31210572
1294143	47	1.50589998799125e-06	31210572
1298593	4	1.28161701105638e-07	31210572
1298917	217	6.95277228498087e-06	31210572
1300150	6	1.92242551658457e-07	31210572
1302858	4	1.28161701105638e-07	31210572
1302863	191	6.11972122779422e-06	31210572
1303024	11	3.52444678040505e-07	31210572
1303692	4	1.28161701105638e-07	31210572
1304892	12	3.84485103316915e-07	31210572
1305598	7	2.24282976934867e-07	31210572
1305849	1726	5.53017740270829e-05	31210572
1310161	13	4.16525528593324e-07	31210572
1313172	30	9.61212758292286e-07	31210572
1314884	11	3.52444678040505e-07	31210572
1318615	833	2.66896742552492e-05	31210572
1318634	5	1.60202126382048e-07	31210572
1321370	13	4.16525528593324e-07	31210572
1327988	16	5.12646804422553e-07	31210572
1328306	17	5.44687229698962e-07	31210572
1331671	38	1.21753616050356e-06	31210572
1333523	2	6.40808505528191e-08	31210572
1335307	6	1.92242551658457e-07	31210572
1335757	1	3.20404252764095e-08	31210572
1335916	20	6.40808505528191e-07	31210572
1336746	2	6.40808505528191e-08	31210572
1340495	6	1.92242551658457e-07	31210572
1340847	58	1.85834466603175e-06	31210572
1340851	6	1.92242551658457e-07	31210572
1341692	3	9.61212758292286e-08	31210572
1343740	18	5.76727654975372e-07	31210572
1346614	28	8.97131907739467e-07	31210572
1348660	4	1.28161701105638e-07	31210572
1348662	8	2.56323402211276e-07	31210572
1355100	35042	0.00112276058253594	31210572
1358410	2	6.40808505528191e-08	31210572
1367847	23	7.3692978135742e-07	31210572
1379702	13	4.16525528593324e-07	31210572
1380774	12	3.84485103316915e-07	31210572
1380908	1902	6.0940888875731e-05	31210572
1382700	2533	8.11583972251454e-05	31210572
1383068	40	1.28161701105638e-06	31210572
1384484	788	2.52478551178107e-05	31210572
1385727	2	6.40808505528191e-08	31210572
1389489	45	1.44181913743843e-06	31210572
1394709	2	6.40808505528191e-08	31210572
1399116	8	2.56323402211276e-07	31210572
1400867	10	3.20404252764095e-07	31210572
1401659	201	6.44012548055832e-06	31210572
1406860	17	5.44687229698962e-07	31210572
1408179	16	5.12646804422553e-07	31210572
1408186	41	1.31365743633279e-06	31210572
1415630	367	1.17588360764423e-05	31210572
1416914	29	9.29172333015877e-07	31210572
1423144	3	9.61212758292286e-08	31210572
1427342	19	6.08768080251781e-07	31210572
1429244	7	2.24282976934867e-07	31210572
1430440	20	6.40808505528191e-07	31210572
1435044	20	6.40808505528191e-07	31210572
1435058	5	1.60202126382048e-07	31210572
1435356	53	1.69814253964971e-06	31210572
1436140	16	5.12646804422553e-07	31210572
