Tax.ID	Frequency	Proportion	Total
394	2	6.14592018606896e-08	32541913
882	1	3.07296009303448e-08	32541913
883	1	3.07296009303448e-08	32541913
1140	1	3.07296009303448e-08	32541913
2769	1	3.07296009303448e-08	32541913
2829	4	1.22918403721379e-07	32541913
2839	20	6.14592018606896e-07	32541913
2850	32	9.83347229771034e-07	32541913
2898	6	1.84377605582069e-07	32541913
2986	1	3.07296009303448e-08	32541913
3039	1	3.07296009303448e-08	32541913
4770	3	9.21888027910344e-08	32541913
4950	4	1.22918403721379e-07	32541913
5061	1	3.07296009303448e-08	32541913
5145	2	6.14592018606896e-08	32541913
5518	3	9.21888027910344e-08	32541913
5661	2	6.14592018606896e-08	32541913
5762	1	3.07296009303448e-08	32541913
5786	4	1.22918403721379e-07	32541913
5885	2	6.14592018606896e-08	32541913
5901	1	3.07296009303448e-08	32541913
5905	1	3.07296009303448e-08	32541913
5911	7	2.15107206512414e-07	32541913
5932	4	1.22918403721379e-07	32541913
12417	1	3.07296009303448e-08	32541913
31964	8	2.45836807442759e-07	32541913
32051	4	1.22918403721379e-07	32541913
35128	15	4.60944013955172e-07	32541913
36809	2	6.14592018606896e-08	32541913
44056	2	6.14592018606896e-08	32541913
44058	2	6.14592018606896e-08	32541913
46234	6	1.84377605582069e-07	32541913
47573	3	9.21888027910344e-08	32541913
51369	1	3.07296009303448e-08	32541913
52970	1	3.07296009303448e-08	32541913
55529	2	6.14592018606896e-08	32541913
56107	2	6.14592018606896e-08	32541913
56110	1	3.07296009303448e-08	32541913
59374	3	9.21888027910344e-08	32541913
60481	25	7.6824002325862e-07	32541913
62928	19	5.83862417676551e-07	32541913
62977	6	1.84377605582069e-07	32541913
63186	1	3.07296009303448e-08	32541913
63737	9	2.76566408373103e-07	32541913
64471	2	6.14592018606896e-08	32541913
65071	1	3.07296009303448e-08	32541913
65393	4	1.22918403721379e-07	32541913
66692	1	3.07296009303448e-08	32541913
67593	1	3.07296009303448e-08	32541913
69328	35	1.07553603256207e-06	32541913
75379	17	5.22403215815862e-07	32541913
76114	1	3.07296009303448e-08	32541913
76869	38	1.1677248353531e-06	32541913
77775	5164	0.000158687659204301	32541913
78245	27	8.2969922511931e-07	32541913
83406	3	9.21888027910344e-08	32541913
85569	1	3.07296009303448e-08	32541913
85643	28	8.60428826049655e-07	32541913
88149	2	6.14592018606896e-08	32541913
90410	1	3.07296009303448e-08	32541913
94122	12	3.68755211164138e-07	32541913
96563	25	7.6824002325862e-07	32541913
99287	3	9.21888027910344e-08	32541913
99598	1	3.07296009303448e-08	32541913
100226	3	9.21888027910344e-08	32541913
101510	26	7.98969624188965e-07	32541913
106370	2	6.14592018606896e-08	32541913
110662	2	6.14592018606896e-08	32541913
111780	5	1.53648004651724e-07	32541913
111781	1	3.07296009303448e-08	32541913
114615	16	4.91673614885517e-07	32541913
122587	3	9.21888027910344e-08	32541913
123214	2	6.14592018606896e-08	32541913
134676	2	6.14592018606896e-08	32541913
137722	5	1.53648004651724e-07	32541913
139871	6	1.84377605582069e-07	32541913
153948	7	2.15107206512414e-07	32541913
155148	1	3.07296009303448e-08	32541913
155864	324	9.95639070143172e-06	32541913
156889	1	3.07296009303448e-08	32541913
158189	5	1.53648004651724e-07	32541913
158190	1	3.07296009303448e-08	32541913
158878	3	9.21888027910344e-08	32541913
159087	16	4.91673614885517e-07	32541913
160488	17	5.22403215815862e-07	32541913
160619	29	8.9115842698e-07	32541913
164037	1	3.07296009303448e-08	32541913
164328	2	6.14592018606896e-08	32541913
164756	9	2.76566408373103e-07	32541913
171101	3	9.21888027910344e-08	32541913
176279	20	6.14592018606896e-07	32541913
176280	24	7.37510422328275e-07	32541913
176299	3	9.21888027910344e-08	32541913
179408	28	8.60428826049655e-07	32541913
187272	1	3.07296009303448e-08	32541913
187303	2	6.14592018606896e-08	32541913
189918	4	1.22918403721379e-07	32541913
190485	20	6.14592018606896e-07	32541913
190486	6	1.84377605582069e-07	32541913
190650	4	1.22918403721379e-07	32541913
191026	2	6.14592018606896e-08	32541913
192952	1	3.07296009303448e-08	32541913
194439	1	3.07296009303448e-08	32541913
195103	7	2.15107206512414e-07	32541913
196162	11	3.38025610233793e-07	32541913
196164	35	1.07553603256207e-06	32541913
198214	59	1.81304645489034e-06	32541913
198215	278	8.54282905863586e-06	32541913
198628	3	9.21888027910344e-08	32541913
199310	606	1.8622138163789e-05	32541913
203119	2	6.14592018606896e-08	32541913
203120	4	1.22918403721379e-07	32541913
203122	2	6.14592018606896e-08	32541913
203123	3	9.21888027910344e-08	32541913
203275	6	1.84377605582069e-07	32541913
204669	2	6.14592018606896e-08	32541913
204773	17	5.22403215815862e-07	32541913
205913	39	1.19845443628345e-06	32541913
205914	5	1.53648004651724e-07	32541913
205918	35	1.07553603256207e-06	32541913
205922	145	4.4557921349e-06	32541913
206672	4	1.22918403721379e-07	32541913
207559	1	3.07296009303448e-08	32541913
208596	4	1.22918403721379e-07	32541913
208963	34	1.04480643163172e-06	32541913
208964	44	1.35210244093517e-06	32541913
209261	20	6.14592018606896e-07	32541913
210007	2	6.14592018606896e-08	32541913
211586	1	3.07296009303448e-08	32541913
212717	3	9.21888027910344e-08	32541913
214092	12	3.68755211164138e-07	32541913
214684	4	1.22918403721379e-07	32541913
215689	1	3.07296009303448e-08	32541913
216389	2	6.14592018606896e-08	32541913
216432	2	6.14592018606896e-08	32541913
216591	8	2.45836807442759e-07	32541913
216592	121	3.71828171257172e-06	32541913
216595	282	8.66574746235724e-06	32541913
216596	4	1.22918403721379e-07	32541913
216599	139	4.27141452931793e-06	32541913
218491	1	3.07296009303448e-08	32541913
218493	2	6.14592018606896e-08	32541913
218494	1	3.07296009303448e-08	32541913
220341	107	3.2880672995469e-06	32541913
220664	72	2.21253126698483e-06	32541913
220668	1	3.07296009303448e-08	32541913
221109	3	9.21888027910344e-08	32541913
222523	1	3.07296009303448e-08	32541913
223283	83	2.55055687721862e-06	32541913
224308	1	3.07296009303448e-08	32541913
224911	15	4.60944013955172e-07	32541913
224914	3	9.21888027910344e-08	32541913
225849	2	6.14592018606896e-08	32541913
225937	2	6.14592018606896e-08	32541913
226185	4	1.22918403721379e-07	32541913
226186	86	2.64274568000965e-06	32541913
227086	1	3.07296009303448e-08	32541913
227882	5	1.53648004651724e-07	32541913
227941	1	3.07296009303448e-08	32541913
228405	1	3.07296009303448e-08	32541913
228410	2	6.14592018606896e-08	32541913
231023	14	4.30214413024827e-07	32541913
232721	257	7.89750743909862e-06	32541913
234621	851	2.61508903917234e-05	32541913
242619	1	3.07296009303448e-08	32541913
243230	2	6.14592018606896e-08	32541913
243233	3	9.21888027910344e-08	32541913
243243	5	1.53648004651724e-07	32541913
243272	1	3.07296009303448e-08	32541913
243277	1	3.07296009303448e-08	32541913
243365	11	3.38025610233793e-07	32541913
245014	27	8.2969922511931e-07	32541913
245018	117	3.59536330885034e-06	32541913
246195	1	3.07296009303448e-08	32541913
246196	9	2.76566408373103e-07	32541913
246197	8	2.45836807442759e-07	32541913
246198	1	3.07296009303448e-08	32541913
246200	3	9.21888027910344e-08	32541913
247156	5	1.53648004651724e-07	32541913
251221	1	3.07296009303448e-08	32541913
251229	3	9.21888027910344e-08	32541913
257310	9	2.76566408373103e-07	32541913
257311	4	1.22918403721379e-07	32541913
257313	7	2.15107206512414e-07	32541913
257314	32	9.83347229771034e-07	32541913
258594	6	1.84377605582069e-07	32541913
259536	75	2.30472006977586e-06	32541913
261292	18	5.53132816746207e-07	32541913
262316	4	1.22918403721379e-07	32541913
262543	1	3.07296009303448e-08	32541913
262724	27	8.2969922511931e-07	32541913
262768	2	6.14592018606896e-08	32541913
264198	16	4.91673614885517e-07	32541913
264199	2	6.14592018606896e-08	32541913
264462	1	3.07296009303448e-08	32541913
264730	37	1.13699523442276e-06	32541913
264731	7	2.15107206512414e-07	32541913
264732	1	3.07296009303448e-08	32541913
265072	4	1.22918403721379e-07	32541913
265311	1	3.07296009303448e-08	32541913
266117	1	3.07296009303448e-08	32541913
266264	14	4.30214413024827e-07	32541913
266265	15	4.60944013955172e-07	32541913
266779	3	9.21888027910344e-08	32541913
266834	4	1.22918403721379e-07	32541913
266835	3	9.21888027910344e-08	32541913
266940	5	1.53648004651724e-07	32541913
267608	12	3.68755211164138e-07	32541913
267747	7	2.15107206512414e-07	32541913
269084	1	3.07296009303448e-08	32541913
269482	3	9.21888027910344e-08	32541913
269796	1	3.07296009303448e-08	32541913
269798	13	3.99484812094483e-07	32541913
269799	1	3.07296009303448e-08	32541913
269800	1	3.07296009303448e-08	32541913
272559	6	1.84377605582069e-07	32541913
272560	1	3.07296009303448e-08	32541913
272562	1	3.07296009303448e-08	32541913
272563	11	3.38025610233793e-07	32541913
272568	6	1.84377605582069e-07	32541913
272620	117	3.59536330885034e-06	32541913
272621	7	2.15107206512414e-07	32541913
272622	5	1.53648004651724e-07	32541913
272623	5	1.53648004651724e-07	32541913
272630	1	3.07296009303448e-08	32541913
272831	11	3.38025610233793e-07	32541913
272942	1	3.07296009303448e-08	32541913
272943	2	6.14592018606896e-08	32541913
278137	1	3.07296009303448e-08	32541913
278197	2	6.14592018606896e-08	32541913
279238	15	4.60944013955172e-07	32541913
279808	5	1.53648004651724e-07	32541913
280463	2	6.14592018606896e-08	32541913
280699	4	1.22918403721379e-07	32541913
281090	5	1.53648004651724e-07	32541913
284591	1	3.07296009303448e-08	32541913
284593	3	9.21888027910344e-08	32541913
288000	16	4.91673614885517e-07	32541913
288681	1	3.07296009303448e-08	32541913
288705	1	3.07296009303448e-08	32541913
289376	1	3.07296009303448e-08	32541913
289380	1	3.07296009303448e-08	32541913
290338	57	1.75158725302965e-06	32541913
290339	17	5.22403215815862e-07	32541913
290340	10	3.07296009303448e-07	32541913
290398	1	3.07296009303448e-08	32541913
290399	3	9.21888027910344e-08	32541913
290402	8	2.45836807442759e-07	32541913
291331	1	3.07296009303448e-08	32541913
292415	7	2.15107206512414e-07	32541913
292564	5	1.53648004651724e-07	32541913
292805	1	3.07296009303448e-08	32541913
293826	5	1.53648004651724e-07	32541913
295405	33	1.01407683070138e-06	32541913
296543	18	5.53132816746207e-07	32541913
296591	95	2.91931208838276e-06	32541913
298653	3	9.21888027910344e-08	32541913
298654	10	3.07296009303448e-07	32541913
299768	2	6.14592018606896e-08	32541913
300267	334	1.02636867107352e-05	32541913
300268	85	2.61201607907931e-06	32541913
300269	54	1.65939845023862e-06	32541913
300852	17	5.22403215815862e-07	32541913
306537	1	3.07296009303448e-08	32541913
309807	1	3.07296009303448e-08	32541913
311403	5	1.53648004651724e-07	32541913
311424	1	3.07296009303448e-08	32541913
312153	4	1.22918403721379e-07	32541913
313595	5	1.53648004651724e-07	32541913
313596	3	9.21888027910344e-08	32541913
313598	4	1.22918403721379e-07	32541913
313603	2	6.14592018606896e-08	32541913
314225	10	3.07296009303448e-07	32541913
314315	1	3.07296009303448e-08	32541913
314565	13	3.99484812094483e-07	32541913
315750	1	3.07296009303448e-08	32541913
316055	12	3.68755211164138e-07	32541913
316056	12	3.68755211164138e-07	32541913
316057	8	2.45836807442759e-07	32541913
316058	9	2.76566408373103e-07	32541913
316273	6	1.84377605582069e-07	32541913
316385	281	8.63501786142689e-06	32541913
316401	196	6.02300178234758e-06	32541913
316407	40	1.22918403721379e-06	32541913
317655	5	1.53648004651724e-07	32541913
318167	7	2.15107206512414e-07	32541913
318586	4	1.22918403721379e-07	32541913
319225	1	3.07296009303448e-08	32541913
319795	5	1.53648004651724e-07	32541913
320373	3	9.21888027910344e-08	32541913
320388	7	2.15107206512414e-07	32541913
321314	1	3.07296009303448e-08	32541913
321956	3	9.21888027910344e-08	32541913
321967	2	6.14592018606896e-08	32541913
322098	2	6.14592018606896e-08	32541913
322104	1	3.07296009303448e-08	32541913
322159	28	8.60428826049655e-07	32541913
322710	11	3.38025610233793e-07	32541913
323097	1	3.07296009303448e-08	32541913
323098	2	6.14592018606896e-08	32541913
323850	1	3.07296009303448e-08	32541913
324602	2	6.14592018606896e-08	32541913
324831	511	1.57028260754062e-05	32541913
325240	3	9.21888027910344e-08	32541913
326298	2	6.14592018606896e-08	32541913
326423	5	1.53648004651724e-07	32541913
326424	12	3.68755211164138e-07	32541913
326425	9	2.76566408373103e-07	32541913
326426	3	9.21888027910344e-08	32541913
326442	2	6.14592018606896e-08	32541913
329726	1	3.07296009303448e-08	32541913
330214	3	9.21888027910344e-08	32541913
331111	771	2.36925223172959e-05	32541913
331112	382	1.17387075553917e-05	32541913
331271	28	8.60428826049655e-07	32541913
331272	7	2.15107206512414e-07	32541913
331636	1	3.07296009303448e-08	32541913
333849	1	3.07296009303448e-08	32541913
333923	1	3.07296009303448e-08	32541913
334413	14	4.30214413024827e-07	32541913
335283	9	2.76566408373103e-07	32541913
335284	82	2.51982727628827e-06	32541913
335541	1	3.07296009303448e-08	32541913
335659	12	3.68755211164138e-07	32541913
337191	2	6.14592018606896e-08	32541913
338966	6	1.84377605582069e-07	32541913
338969	52	1.59793924837793e-06	32541913
339670	46	1.41356164279586e-06	32541913
339860	2	6.14592018606896e-08	32541913
340100	27	8.2969922511931e-07	32541913
340322	6	1.84377605582069e-07	32541913
342108	3	9.21888027910344e-08	32541913
342109	1	3.07296009303448e-08	32541913
342610	3	9.21888027910344e-08	32541913
343509	1	3.07296009303448e-08	32541913
344609	1091	3.35259946150062e-05	32541913
345073	1	3.07296009303448e-08	32541913
347253	12	3.68755211164138e-07	32541913
347256	1	3.07296009303448e-08	32541913
347515	5	1.53648004651724e-07	32541913
348058	2	6.14592018606896e-08	32541913
349101	3	9.21888027910344e-08	32541913
349102	7	2.15107206512414e-07	32541913
349106	25	7.6824002325862e-07	32541913
349124	3	9.21888027910344e-08	32541913
349163	2	6.14592018606896e-08	32541913
349741	16	4.91673614885517e-07	32541913
349746	6	1.84377605582069e-07	32541913
349747	3	9.21888027910344e-08	32541913
350054	2	6.14592018606896e-08	32541913
350058	2	6.14592018606896e-08	32541913
351348	14	4.30214413024827e-07	32541913
351605	1	3.07296009303448e-08	32541913
351607	1	3.07296009303448e-08	32541913
351745	4	1.22918403721379e-07	32541913
351746	36	1.10626563349241e-06	32541913
352914	3	9.21888027910344e-08	32541913
353151	3	9.21888027910344e-08	32541913
353152	2	6.14592018606896e-08	32541913
353153	4	1.22918403721379e-07	32541913
354242	5	1.53648004651724e-07	32541913
357348	6	1.84377605582069e-07	32541913
357804	6	1.84377605582069e-07	32541913
357808	9	2.76566408373103e-07	32541913
357809	18	5.53132816746207e-07	32541913
358220	216	6.63759380095448e-06	32541913
359786	7	2.15107206512414e-07	32541913
360094	4	1.22918403721379e-07	32541913
360102	140	4.30214413024827e-06	32541913
360107	1	3.07296009303448e-08	32541913
360910	5	1.53648004651724e-07	32541913
360911	5	1.53648004651724e-07	32541913
362663	6469	0.000198789788418401	32541913
362948	2	6.14592018606896e-08	32541913
363555	13	3.99484812094483e-07	32541913
364106	162	4.97819535071586e-06	32541913
365044	323	9.92566110050137e-06	32541913
365046	65	1.99742406047241e-06	32541913
365659	13	3.99484812094483e-07	32541913
366394	1	3.07296009303448e-08	32541913
366602	12	3.68755211164138e-07	32541913
367737	27	8.2969922511931e-07	32541913
367775	5	1.53648004651724e-07	32541913
367928	55	1.69012805116896e-06	32541913
369723	3	9.21888027910344e-08	32541913
370354	11	3.38025610233793e-07	32541913
370438	1	3.07296009303448e-08	32541913
373153	10	3.07296009303448e-07	32541913
373384	3291	0.000101131116661765	32541913
374833	1	3.07296009303448e-08	32541913
375286	12	3.68755211164138e-07	32541913
375451	1	3.07296009303448e-08	32541913
376686	119	3.65682251071103e-06	32541913
377628	6	1.84377605582069e-07	32541913
378753	5	1.53648004651724e-07	32541913
378806	3	9.21888027910344e-08	32541913
379066	3	9.21888027910344e-08	32541913
379329	3	9.21888027910344e-08	32541913
379731	46	1.41356164279586e-06	32541913
380358	1	3.07296009303448e-08	32541913
380394	1	3.07296009303448e-08	32541913
380703	13	3.99484812094483e-07	32541913
381666	24	7.37510422328275e-07	32541913
381754	28	8.60428826049655e-07	32541913
382245	82	2.51982727628827e-06	32541913
383372	3	9.21888027910344e-08	32541913
383407	3	9.21888027910344e-08	32541913
383629	1	3.07296009303448e-08	32541913
384676	78	2.3969088725669e-06	32541913
385025	2	6.14592018606896e-08	32541913
386043	6	1.84377605582069e-07	32541913
386415	3	9.21888027910344e-08	32541913
386585	383	1.17694371563221e-05	32541913
386656	9	2.76566408373103e-07	32541913
387344	3	9.21888027910344e-08	32541913
388919	4	1.22918403721379e-07	32541913
390235	60	1.84377605582069e-06	32541913
390333	26	7.98969624188965e-07	32541913
390874	1	3.07296009303448e-08	32541913
391008	11	3.38025610233793e-07	32541913
391038	5	1.53648004651724e-07	32541913
391165	1	3.07296009303448e-08	32541913
391295	2	6.14592018606896e-08	32541913
391616	1	3.07296009303448e-08	32541913
391626	1	3.07296009303448e-08	32541913
391735	60	1.84377605582069e-06	32541913
391774	2	6.14592018606896e-08	32541913
391904	10	3.07296009303448e-07	32541913
392499	20	6.14592018606896e-07	32541913
393011	2	6.14592018606896e-08	32541913
393305	13	3.99484812094483e-07	32541913
393595	6	1.84377605582069e-07	32541913
394221	3	9.21888027910344e-08	32541913
394503	1	3.07296009303448e-08	32541913
395019	32	9.83347229771034e-07	32541913
395492	1	3.07296009303448e-08	32541913
395494	3	9.21888027910344e-08	32541913
395495	75	2.30472006977586e-06	32541913
395960	10	3.07296009303448e-07	32541913
395961	5	1.53648004651724e-07	32541913
395963	3	9.21888027910344e-08	32541913
395965	1	3.07296009303448e-08	32541913
396513	1	3.07296009303448e-08	32541913
396588	6	1.84377605582069e-07	32541913
396595	1	3.07296009303448e-08	32541913
397945	76	2.33544967070621e-06	32541913
398527	6	1.84377605582069e-07	32541913
398577	1	3.07296009303448e-08	32541913
398578	173	5.31622096094965e-06	32541913
398580	2	6.14592018606896e-08	32541913
398767	1	3.07296009303448e-08	32541913
398839	2	6.14592018606896e-08	32541913
399185	2	6.14592018606896e-08	32541913
399599	1	3.07296009303448e-08	32541913
399739	48	1.47502084465655e-06	32541913
399742	5	1.53648004651724e-07	32541913
400667	44	1.35210244093517e-06	32541913
400668	2	6.14592018606896e-08	32541913
400673	1	3.07296009303448e-08	32541913
400756	25	7.6824002325862e-07	32541913
401053	1	3.07296009303448e-08	32541913
401473	13	3.99484812094483e-07	32541913
402612	93	2.85785288652207e-06	32541913
402626	15	4.60944013955172e-07	32541913
402881	3	9.21888027910344e-08	32541913
402882	3	9.21888027910344e-08	32541913
403677	14	4.30214413024827e-07	32541913
405416	34	1.04480643163172e-06	32541913
405532	1	3.07296009303448e-08	32541913
405534	1	3.07296009303448e-08	32541913
405566	23	7.06780821397931e-07	32541913
405948	6	1.84377605582069e-07	32541913
405955	5445	0.000167322677065728	32541913
406425	6	1.84377605582069e-07	32541913
407976	2	6.14592018606896e-08	32541913
409438	74	2.27399046884552e-06	32541913
410289	2	6.14592018606896e-08	32541913
410358	3	9.21888027910344e-08	32541913
411154	12	3.68755211164138e-07	32541913
412022	4	1.22918403721379e-07	32541913
412030	4	1.22918403721379e-07	32541913
412694	2	6.14592018606896e-08	32541913
413997	33	1.01407683070138e-06	32541913
413999	1	3.07296009303448e-08	32541913
414684	1	3.07296009303448e-08	32541913
416870	4	1.22918403721379e-07	32541913
419610	6	1.84377605582069e-07	32541913
419947	2	6.14592018606896e-08	32541913
420245	2	6.14592018606896e-08	32541913
420246	1	3.07296009303448e-08	32541913
420247	8	2.45836807442759e-07	32541913
420662	56	1.72085765209931e-06	32541913
420890	1	3.07296009303448e-08	32541913
423212	1	3.07296009303448e-08	32541913
423368	69	2.12034246419379e-06	32541913
423536	11	3.38025610233793e-07	32541913
424182	1	3.07296009303448e-08	32541913
425011	6	1.84377605582069e-07	32541913
425104	6	1.84377605582069e-07	32541913
426114	12	3.68755211164138e-07	32541913
426117	7	2.15107206512414e-07	32541913
426355	15	4.60944013955172e-07	32541913
428406	8	2.45836807442759e-07	32541913
430066	1	3.07296009303448e-08	32541913
431895	2	6.14592018606896e-08	32541913
431943	5	1.53648004651724e-07	32541913
431946	2484	7.63323287109765e-05	32541913
431947	3	9.21888027910344e-08	32541913
435258	1	3.07296009303448e-08	32541913
435590	449	1.37975908177248e-05	32541913
435591	59	1.81304645489034e-06	32541913
435998	2	6.14592018606896e-08	32541913
436717	13	3.99484812094483e-07	32541913
438753	3	9.21888027910344e-08	32541913
439375	6	1.84377605582069e-07	32541913
439843	11	3.38025610233793e-07	32541913
439855	1671	5.13491631546062e-05	32541913
440085	4	1.22918403721379e-07	32541913
441375	2	6.14592018606896e-08	32541913
441620	13	3.99484812094483e-07	32541913
441768	12	3.68755211164138e-07	32541913
442563	1	3.07296009303448e-08	32541913
443218	1	3.07296009303448e-08	32541913
443906	17	5.22403215815862e-07	32541913
444177	4	1.22918403721379e-07	32541913
444178	7	2.15107206512414e-07	32541913
444179	2	6.14592018606896e-08	32541913
444450	48	1.47502084465655e-06	32541913
446462	5	1.53648004651724e-07	32541913
446465	1	3.07296009303448e-08	32541913
446466	3	9.21888027910344e-08	32541913
446468	3	9.21888027910344e-08	32541913
446469	7	2.15107206512414e-07	32541913
446470	1	3.07296009303448e-08	32541913
446471	4	1.22918403721379e-07	32541913
447217	1	3.07296009303448e-08	32541913
448385	6	1.84377605582069e-07	32541913
449447	1	3.07296009303448e-08	32541913
450851	5	1.53648004651724e-07	32541913
452637	1	3.07296009303448e-08	32541913
452638	7	2.15107206512414e-07	32541913
452662	6	1.84377605582069e-07	32541913
452863	3	9.21888027910344e-08	32541913
454166	1	3.07296009303448e-08	32541913
454169	70	2.15107206512414e-06	32541913
455488	1	3.07296009303448e-08	32541913
455632	2	6.14592018606896e-08	32541913
457425	3	9.21888027910344e-08	32541913
458233	1	3.07296009303448e-08	32541913
459349	21	6.45321619537241e-07	32541913
460265	7	2.15107206512414e-07	32541913
464988	1	3.07296009303448e-08	32541913
465515	24	7.37510422328275e-07	32541913
465817	1	3.07296009303448e-08	32541913
467705	1	3.07296009303448e-08	32541913
469008	6	1.84377605582069e-07	32541913
469371	2	6.14592018606896e-08	32541913
469383	4	1.22918403721379e-07	32541913
471223	3	9.21888027910344e-08	32541913
471852	2	6.14592018606896e-08	32541913
471853	4	1.22918403721379e-07	32541913
471854	6	1.84377605582069e-07	32541913
471857	2	6.14592018606896e-08	32541913
477641	7	2.15107206512414e-07	32541913
478433	2	6.14592018606896e-08	32541913
478434	2	6.14592018606896e-08	32541913
478801	3	9.21888027910344e-08	32541913
479431	8	2.45836807442759e-07	32541913
479432	5	1.53648004651724e-07	32541913
479433	4	1.22918403721379e-07	32541913
479434	2	6.14592018606896e-08	32541913
479435	2	6.14592018606896e-08	32541913
479436	6	1.84377605582069e-07	32541913
479437	5	1.53648004651724e-07	32541913
480119	7	2.15107206512414e-07	32541913
480224	1	3.07296009303448e-08	32541913
481448	1	3.07296009303448e-08	32541913
481805	5491	0.000168736238708523	32541913
481877	6	1.84377605582069e-07	32541913
482957	4	1.22918403721379e-07	32541913
483219	6	1.84377605582069e-07	32541913
484020	4	1.22918403721379e-07	32541913
484021	12	3.68755211164138e-07	32541913
485916	4	1.22918403721379e-07	32541913
485917	5	1.53648004651724e-07	32541913
485918	4	1.22918403721379e-07	32541913
486410	1	3.07296009303448e-08	32541913
487213	2	6.14592018606896e-08	32541913
488223	2	6.14592018606896e-08	32541913
488538	1	3.07296009303448e-08	32541913
490759	2	6.14592018606896e-08	32541913
491077	3	9.21888027910344e-08	32541913
491916	1	3.07296009303448e-08	32541913
497978	18	5.53132816746207e-07	32541913
498211	7	2.15107206512414e-07	32541913
498216	1	3.07296009303448e-08	32541913
498761	12	3.68755211164138e-07	32541913
502025	1	3.07296009303448e-08	32541913
502558	4	1.22918403721379e-07	32541913
504472	3	9.21888027910344e-08	32541913
504474	5	1.53648004651724e-07	32541913
504728	14	4.30214413024827e-07	32541913
504832	4	1.22918403721379e-07	32541913
507522	8	2.45836807442759e-07	32541913
508765	6	1.84377605582069e-07	32541913
508767	2	6.14592018606896e-08	32541913
508771	3	9.21888027910344e-08	32541913
509169	18	5.53132816746207e-07	32541913
509170	15	4.60944013955172e-07	32541913
509173	74	2.27399046884552e-06	32541913
509190	6	1.84377605582069e-07	32541913
510516	2	6.14592018606896e-08	32541913
511062	1	3.07296009303448e-08	32541913
511691	2	6.14592018606896e-08	32541913
511995	1	3.07296009303448e-08	32541913
512565	2	6.14592018606896e-08	32541913
515619	207	6.36102739258138e-06	32541913
515620	38	1.1677248353531e-06	32541913
515622	2	6.14592018606896e-08	32541913
516950	2	6.14592018606896e-08	32541913
518766	1	3.07296009303448e-08	32541913
521006	1	3.07296009303448e-08	32541913
521096	8	2.45836807442759e-07	32541913
521097	2	6.14592018606896e-08	32541913
521674	2	6.14592018606896e-08	32541913
522306	15	4.60944013955172e-07	32541913
522373	10	3.07296009303448e-07	32541913
523791	2	6.14592018606896e-08	32541913
523796	1	3.07296009303448e-08	32541913
525284	2	6.14592018606896e-08	32541913
525381	1	3.07296009303448e-08	32541913
525909	1	3.07296009303448e-08	32541913
525919	11	3.38025610233793e-07	32541913
526222	4	1.22918403721379e-07	32541913
526225	6	1.84377605582069e-07	32541913
526226	8	2.45836807442759e-07	32541913
526227	18	5.53132816746207e-07	32541913
529507	2	6.14592018606896e-08	32541913
530564	1	3.07296009303448e-08	32541913
531844	6	1.84377605582069e-07	32541913
535289	168	5.16257295629793e-06	32541913
536019	3	9.21888027910344e-08	32541913
536056	670	2.0588832623331e-05	32541913
543728	118	3.62609290978069e-06	32541913
543734	2	6.14592018606896e-08	32541913
543891	12	3.68755211164138e-07	32541913
543913	17	5.22403215815862e-07	32541913
544404	7	2.15107206512414e-07	32541913
545694	1	3.07296009303448e-08	32541913
546272	1	3.07296009303448e-08	32541913
548473	2	6.14592018606896e-08	32541913
548476	6	1.84377605582069e-07	32541913
550538	2	6.14592018606896e-08	32541913
550540	1	3.07296009303448e-08	32541913
553174	4	1.22918403721379e-07	32541913
553190	12	3.68755211164138e-07	32541913
553199	375	1.15236003488793e-05	32541913
554290	1	3.07296009303448e-08	32541913
555778	4	1.22918403721379e-07	32541913
556484	10	3.07296009303448e-07	32541913
557393	1	3.07296009303448e-08	32541913
557433	1	3.07296009303448e-08	32541913
557598	15	4.60944013955172e-07	32541913
557599	2	6.14592018606896e-08	32541913
557600	6	1.84377605582069e-07	32541913
557722	20	6.14592018606896e-07	32541913
557760	1	3.07296009303448e-08	32541913
559292	9	2.76566408373103e-07	32541913
559307	1	3.07296009303448e-08	32541913
561229	1	3.07296009303448e-08	32541913
561230	2	6.14592018606896e-08	32541913
563769	1	3.07296009303448e-08	32541913
565040	40	1.22918403721379e-06	32541913
565042	27	8.2969922511931e-07	32541913
565050	2	6.14592018606896e-08	32541913
566546	25	7.6824002325862e-07	32541913
568704	1	3.07296009303448e-08	32541913
568706	1	3.07296009303448e-08	32541913
568707	8	2.45836807442759e-07	32541913
568813	1	3.07296009303448e-08	32541913
568814	1	3.07296009303448e-08	32541913
568816	4	1.22918403721379e-07	32541913
571800	103	3.16514889582552e-06	32541913
572307	1	3.07296009303448e-08	32541913
572477	4	1.22918403721379e-07	32541913
572480	4	1.22918403721379e-07	32541913
573059	1	3.07296009303448e-08	32541913
573065	6	1.84377605582069e-07	32541913
573235	174	5.34695056188e-06	32541913
573370	1	3.07296009303448e-08	32541913
573729	6	1.84377605582069e-07	32541913
573826	1	3.07296009303448e-08	32541913
574093	2	6.14592018606896e-08	32541913
574521	1098	3.37411018215186e-05	32541913
575614	4	1.22918403721379e-07	32541913
576791	5266	0.000161822078499196	32541913
578455	5	1.53648004651724e-07	32541913
580050	1	3.07296009303448e-08	32541913
580332	5	1.53648004651724e-07	32541913
581103	1	3.07296009303448e-08	32541913
582744	1	3.07296009303448e-08	32541913
583345	4	1.22918403721379e-07	32541913
583346	1	3.07296009303448e-08	32541913
583355	1	3.07296009303448e-08	32541913
585034	27	8.2969922511931e-07	32541913
585035	573	1.76080613330876e-05	32541913
585054	547	1.68090917088986e-05	32541913
585055	183	5.6235169702531e-06	32541913
585056	757	2.3262307904271e-05	32541913
585057	1578	4.84913102680841e-05	32541913
585394	99	3.04223049210414e-06	32541913
585395	211	6.48394579630276e-06	32541913
585396	129	3.96411852001448e-06	32541913
585397	595	1.82841125535552e-05	32541913
589865	1	3.07296009303448e-08	32541913
590998	4	1.22918403721379e-07	32541913
591001	5	1.53648004651724e-07	32541913
591020	10	3.07296009303448e-07	32541913
591167	2	6.14592018606896e-08	32541913
591946	368	1.13084931423669e-05	32541913
592029	3	9.21888027910344e-08	32541913
592316	1	3.07296009303448e-08	32541913
593588	1	3.07296009303448e-08	32541913
593907	2	6.14592018606896e-08	32541913
595494	8	2.45836807442759e-07	32541913
595495	1371	4.21302828755027e-05	32541913
595496	25	7.6824002325862e-07	32541913
595528	3	9.21888027910344e-08	32541913
595537	96	2.9500416893131e-06	32541913
596153	83	2.55055687721862e-06	32541913
596154	58	1.78231685396e-06	32541913
604162	1	3.07296009303448e-08	32541913
610130	10	3.07296009303448e-07	32541913
622759	2	6.14592018606896e-08	32541913
626418	9	2.76566408373103e-07	32541913
627192	5	1.53648004651724e-07	32541913
630626	5	1.53648004651724e-07	32541913
632772	10	3.07296009303448e-07	32541913
633135	1	3.07296009303448e-08	32541913
633145	1	3.07296009303448e-08	32541913
633149	12	3.68755211164138e-07	32541913
633699	73	2.24326086791517e-06	32541913
634177	1	3.07296009303448e-08	32541913
634452	7	2.15107206512414e-07	32541913
634456	3	9.21888027910344e-08	32541913
634499	1	3.07296009303448e-08	32541913
634500	3	9.21888027910344e-08	32541913
634956	1	3.07296009303448e-08	32541913
637379	3	9.21888027910344e-08	32541913
637905	3	9.21888027910344e-08	32541913
637909	1	3.07296009303448e-08	32541913
637910	25	7.6824002325862e-07	32541913
639283	8	2.45836807442759e-07	32541913
640081	12	3.68755211164138e-07	32541913
640131	3	9.21888027910344e-08	32541913
640511	3	9.21888027910344e-08	32541913
640512	3	9.21888027910344e-08	32541913
640513	2	6.14592018606896e-08	32541913
642492	3	9.21888027910344e-08	32541913
643561	63	1.93596485861172e-06	32541913
643562	1	3.07296009303448e-08	32541913
644223	1	3.07296009303448e-08	32541913
644282	2	6.14592018606896e-08	32541913
644283	2	6.14592018606896e-08	32541913
644801	17	5.22403215815862e-07	32541913
644966	1	3.07296009303448e-08	32541913
645127	114	3.50317450605931e-06	32541913
645463	7	2.15107206512414e-07	32541913
645464	1	3.07296009303448e-08	32541913
645991	4	1.22918403721379e-07	32541913
648757	2	6.14592018606896e-08	32541913
648999	2	6.14592018606896e-08	32541913
649349	4	1.22918403721379e-07	32541913
649638	1	3.07296009303448e-08	32541913
650150	2	6.14592018606896e-08	32541913
651182	2	6.14592018606896e-08	32541913
652103	6	1.84377605582069e-07	32541913
653045	5	1.53648004651724e-07	32541913
655815	11	3.38025610233793e-07	32541913
655816	1	3.07296009303448e-08	32541913
655817	158	4.85527694699448e-06	32541913
656024	1	3.07296009303448e-08	32541913
657308	1	3.07296009303448e-08	32541913
657309	103	3.16514889582552e-06	32541913
657313	103	3.16514889582552e-06	32541913
657314	93	2.85785288652207e-06	32541913
657315	71	2.18180166605448e-06	32541913
657316	27	8.2969922511931e-07	32541913
657317	142	4.36360333210896e-06	32541913
657318	149	4.57871053862138e-06	32541913
657319	16	4.91673614885517e-07	32541913
657321	101	3.10368969396483e-06	32541913
657322	143	4.39433293303931e-06	32541913
657323	110	3.38025610233793e-06	32541913
658172	1	3.07296009303448e-08	32541913
661367	2	6.14592018606896e-08	32541913
661410	2	6.14592018606896e-08	32541913
662598	3	9.21888027910344e-08	32541913
662755	1	3.07296009303448e-08	32541913
663278	6	1.84377605582069e-07	32541913
663951	1	3.07296009303448e-08	32541913
665029	1	3.07296009303448e-08	32541913
665571	2	6.14592018606896e-08	32541913
666681	19	5.83862417676551e-07	32541913
666685	5	1.53648004651724e-07	32541913
667014	1	3.07296009303448e-08	32541913
667015	19	5.83862417676551e-07	32541913
669502	1	3.07296009303448e-08	32541913
670307	1	3.07296009303448e-08	32541913
670487	3	9.21888027910344e-08	32541913
671143	1	3.07296009303448e-08	32541913
675635	4	1.22918403721379e-07	32541913
679935	30	9.21888027910344e-07	32541913
680198	1	3.07296009303448e-08	32541913
680646	3	9.21888027910344e-08	32541913
681288	1	3.07296009303448e-08	32541913
682795	2	6.14592018606896e-08	32541913
684738	6	1.84377605582069e-07	32541913
685038	21	6.45321619537241e-07	32541913
685727	6	1.84377605582069e-07	32541913
688245	46	1.41356164279586e-06	32541913
688270	2	6.14592018606896e-08	32541913
690566	16	4.91673614885517e-07	32541913
690850	1	3.07296009303448e-08	32541913
693444	25	7.6824002325862e-07	32541913
693746	5	1.53648004651724e-07	32541913
693970	1	3.07296009303448e-08	32541913
693974	1	3.07296009303448e-08	32541913
693977	1	3.07296009303448e-08	32541913
693978	5	1.53648004651724e-07	32541913
693979	22	6.76051220467586e-07	32541913
693982	3	9.21888027910344e-08	32541913
694427	7	2.15107206512414e-07	32541913
695560	7	2.15107206512414e-07	32541913
695562	7	2.15107206512414e-07	32541913
696216	4	1.22918403721379e-07	32541913
696406	70	2.15107206512414e-06	32541913
696749	2	6.14592018606896e-08	32541913
697329	3	9.21888027910344e-08	32541913
698737	3	9.21888027910344e-08	32541913
698758	1	3.07296009303448e-08	32541913
698761	1	3.07296009303448e-08	32541913
698936	1	3.07296009303448e-08	32541913
698948	1	3.07296009303448e-08	32541913
698962	1	3.07296009303448e-08	32541913
698973	1	3.07296009303448e-08	32541913
699032	3	9.21888027910344e-08	32541913
699033	2	6.14592018606896e-08	32541913
699037	5	1.53648004651724e-07	32541913
699246	1	3.07296009303448e-08	32541913
700015	4	1.22918403721379e-07	32541913
700508	2	6.14592018606896e-08	32541913
700598	12	3.68755211164138e-07	32541913
701177	26	7.98969624188965e-07	32541913
701347	5	1.53648004651724e-07	32541913
701521	1	3.07296009303448e-08	32541913
702113	11	3.38025610233793e-07	32541913
702459	9	2.76566408373103e-07	32541913
709032	2	6.14592018606896e-08	32541913
709986	2	6.14592018606896e-08	32541913
709991	26	7.98969624188965e-07	32541913
710421	1	3.07296009303448e-08	32541913
710685	3	9.21888027910344e-08	32541913
710686	1	3.07296009303448e-08	32541913
710696	5	1.53648004651724e-07	32541913
712898	1	3.07296009303448e-08	32541913
712961	2	6.14592018606896e-08	32541913
713604	2	6.14592018606896e-08	32541913
714313	1	3.07296009303448e-08	32541913
714359	1	3.07296009303448e-08	32541913
714962	33	1.01407683070138e-06	32541913
716541	17	5.22403215815862e-07	32541913
717605	1	3.07296009303448e-08	32541913
717608	17	5.22403215815862e-07	32541913
717785	2	6.14592018606896e-08	32541913
717959	18	5.53132816746207e-07	32541913
717960	33	1.01407683070138e-06	32541913
717961	27	8.2969922511931e-07	32541913
717962	74	2.27399046884552e-06	32541913
718252	128	3.93338891908414e-06	32541913
718254	4	1.22918403721379e-07	32541913
718255	59	1.81304645489034e-06	32541913
718271	2	6.14592018606896e-08	32541913
718274	32	9.83347229771034e-07	32541913
720554	4	1.22918403721379e-07	32541913
722911	9	2.76566408373103e-07	32541913
741091	2	6.14592018606896e-08	32541913
741093	1	3.07296009303448e-08	32541913
742013	114	3.50317450605931e-06	32541913
743299	3	9.21888027910344e-08	32541913
743525	259	7.95896664095931e-06	32541913
743718	1	3.07296009303448e-08	32541913
743720	31	9.52617628840689e-07	32541913
743721	7	2.15107206512414e-07	32541913
743722	1	3.07296009303448e-08	32541913
744533	5	1.53648004651724e-07	32541913
745277	2	6.14592018606896e-08	32541913
745310	8	2.45836807442759e-07	32541913
745776	1	3.07296009303448e-08	32541913
746361	1	3.07296009303448e-08	32541913
746697	8	2.45836807442759e-07	32541913
748247	7	2.15107206512414e-07	32541913
748280	10	3.07296009303448e-07	32541913
748671	4	1.22918403721379e-07	32541913
749219	2	6.14592018606896e-08	32541913
749414	1	3.07296009303448e-08	32541913
749927	4	1.22918403721379e-07	32541913
751585	39	1.19845443628345e-06	32541913
751945	34	1.04480643163172e-06	32541913
754035	5	1.53648004651724e-07	32541913
754252	3	9.21888027910344e-08	32541913
754476	4	1.22918403721379e-07	32541913
754477	2	6.14592018606896e-08	32541913
755732	10	3.07296009303448e-07	32541913
757424	38	1.1677248353531e-06	32541913
758793	5	1.53648004651724e-07	32541913
759350	18	5.53132816746207e-07	32541913
759362	3	9.21888027910344e-08	32541913
759914	1	3.07296009303448e-08	32541913
760192	7	2.15107206512414e-07	32541913
760568	3	9.21888027910344e-08	32541913
760570	5	1.53648004651724e-07	32541913
761659	1	3.07296009303448e-08	32541913
762376	20	6.14592018606896e-07	32541913
762570	1	3.07296009303448e-08	32541913
762633	56	1.72085765209931e-06	32541913
762948	4	1.22918403721379e-07	32541913
765698	6	1.84377605582069e-07	32541913
765911	2	6.14592018606896e-08	32541913
765952	2	6.14592018606896e-08	32541913
767029	1	3.07296009303448e-08	32541913
767031	2	6.14592018606896e-08	32541913
767434	1	3.07296009303448e-08	32541913
767455	3	9.21888027910344e-08	32541913
767462	29	8.9115842698e-07	32541913
767463	24	7.37510422328275e-07	32541913
767468	1	3.07296009303448e-08	32541913
768066	4	1.22918403721379e-07	32541913
768486	1	3.07296009303448e-08	32541913
768490	2	6.14592018606896e-08	32541913
768492	2	6.14592018606896e-08	32541913
768706	3	9.21888027910344e-08	32541913
798128	48	1.47502084465655e-06	32541913
858215	1	3.07296009303448e-08	32541913
858619	2	6.14592018606896e-08	32541913
859655	8	2.45836807442759e-07	32541913
859656	11	3.38025610233793e-07	32541913
859657	11	3.38025610233793e-07	32541913
860228	1	3.07296009303448e-08	32541913
861208	1	3.07296009303448e-08	32541913
861360	5	1.53648004651724e-07	32541913
862719	8	2.45836807442759e-07	32541913
862751	2	6.14592018606896e-08	32541913
862908	1	3.07296009303448e-08	32541913
862962	27	8.2969922511931e-07	32541913
862965	2	6.14592018606896e-08	32541913
865938	1	3.07296009303448e-08	32541913
866536	3	9.21888027910344e-08	32541913
866768	2790	8.5735586595662e-05	32541913
866775	2	6.14592018606896e-08	32541913
866777	9	2.76566408373103e-07	32541913
866895	1	3.07296009303448e-08	32541913
867900	7	2.15107206512414e-07	32541913
867902	2	6.14592018606896e-08	32541913
868131	1	3.07296009303448e-08	32541913
868595	1	3.07296009303448e-08	32541913
868597	12	3.68755211164138e-07	32541913
869209	2	6.14592018606896e-08	32541913
869211	2	6.14592018606896e-08	32541913
869212	2	6.14592018606896e-08	32541913
869216	1	3.07296009303448e-08	32541913
869309	9	2.76566408373103e-07	32541913
869729	3636	0.000111732828982734	32541913
871585	8	2.45836807442759e-07	32541913
871963	2	6.14592018606896e-08	32541913
875328	5	1.53648004651724e-07	32541913
877468	36	1.10626563349241e-06	32541913
879090	1	3.07296009303448e-08	32541913
879243	1	3.07296009303448e-08	32541913
880071	3	9.21888027910344e-08	32541913
880591	6	1.84377605582069e-07	32541913
880758	12	3.68755211164138e-07	32541913
882378	3	9.21888027910344e-08	32541913
882884	33	1.01407683070138e-06	32541913
883062	8	2.45836807442759e-07	32541913
884204	1	3.07296009303448e-08	32541913
885275	7	2.15107206512414e-07	32541913
885276	61	1.87450565675103e-06	32541913
886377	1	3.07296009303448e-08	32541913
889738	12	3.68755211164138e-07	32541913
890402	36	1.10626563349241e-06	32541913
891391	7	2.15107206512414e-07	32541913
905079	2	6.14592018606896e-08	32541913
907265	1	3.07296009303448e-08	32541913
907269	1	3.07296009303448e-08	32541913
908937	2	6.14592018606896e-08	32541913
909946	10	3.07296009303448e-07	32541913
909952	21	6.45321619537241e-07	32541913
909954	40	1.22918403721379e-06	32541913
910348	41	1.25991363814414e-06	32541913
926550	1	3.07296009303448e-08	32541913
926562	2	6.14592018606896e-08	32541913
926566	1	3.07296009303448e-08	32541913
926569	1	3.07296009303448e-08	32541913
927666	3	9.21888027910344e-08	32541913
929102	1	3.07296009303448e-08	32541913
929439	1	3.07296009303448e-08	32541913
929506	1	3.07296009303448e-08	32541913
929556	2	6.14592018606896e-08	32541913
929562	6	1.84377605582069e-07	32541913
930169	2	6.14592018606896e-08	32541913
930170	1	3.07296009303448e-08	32541913
930944	8	2.45836807442759e-07	32541913
931276	4	1.22918403721379e-07	32541913
931281	14	4.30214413024827e-07	32541913
935296	17	5.22403215815862e-07	32541913
936154	2	6.14592018606896e-08	32541913
937773	1	3.07296009303448e-08	32541913
937774	1	3.07296009303448e-08	32541913
937777	1	3.07296009303448e-08	32541913
941193	6	1.84377605582069e-07	32541913
944546	9	2.76566408373103e-07	32541913
944547	29	8.9115842698e-07	32541913
945556	1	3.07296009303448e-08	32541913
945711	1	3.07296009303448e-08	32541913
945712	1	3.07296009303448e-08	32541913
946483	3	9.21888027910344e-08	32541913
977880	24	7.37510422328275e-07	32541913
979556	13	3.99484812094483e-07	32541913
981368	4	1.22918403721379e-07	32541913
981540	3	9.21888027910344e-08	32541913
983544	5	1.53648004651724e-07	32541913
983917	35	1.07553603256207e-06	32541913
984262	2	6.14592018606896e-08	32541913
990288	1	3.07296009303448e-08	32541913
990315	15	4.60944013955172e-07	32541913
990316	4	1.22918403721379e-07	32541913
990317	2	6.14592018606896e-08	32541913
991791	1	3.07296009303448e-08	32541913
991905	3	9.21888027910344e-08	32541913
992406	1	3.07296009303448e-08	32541913
994476	6	1.84377605582069e-07	32541913
994484	115	3.53390410698965e-06	32541913
996285	14	4.30214413024827e-07	32541913
998088	14	4.30214413024827e-07	32541913
998820	1	3.07296009303448e-08	32541913
999541	10	3.07296009303448e-07	32541913
999953	2	6.14592018606896e-08	32541913
1001583	1	3.07296009303448e-08	32541913
1001585	23	7.06780821397931e-07	32541913
1002809	7	2.15107206512414e-07	32541913
1003195	1	3.07296009303448e-08	32541913
1005041	2	6.14592018606896e-08	32541913
1005042	2	6.14592018606896e-08	32541913
1005048	16	4.91673614885517e-07	32541913
1006551	9	2.76566408373103e-07	32541913
1007105	3	9.21888027910344e-08	32541913
1009846	2	6.14592018606896e-08	32541913
1016998	8	2.45836807442759e-07	32541913
1017264	3	9.21888027910344e-08	32541913
1028307	1	3.07296009303448e-08	32541913
1028799	1	3.07296009303448e-08	32541913
1030843	1	3.07296009303448e-08	32541913
1031709	11	3.38025610233793e-07	32541913
1031710	1	3.07296009303448e-08	32541913
1031711	4	1.22918403721379e-07	32541913
1032480	4	1.22918403721379e-07	32541913
1033813	3616	0.000111118236964127	32541913
1033837	17	5.22403215815862e-07	32541913
1034807	65	1.99742406047241e-06	32541913
1034809	1	3.07296009303448e-08	32541913
1035377	1	3.07296009303448e-08	32541913
1035817	9	2.76566408373103e-07	32541913
1036172	12	3.68755211164138e-07	32541913
1036673	1	3.07296009303448e-08	32541913
1036743	1	3.07296009303448e-08	32541913
1037409	21	6.45321619537241e-07	32541913
1037911	190	5.83862417676551e-06	32541913
1041826	25	7.6824002325862e-07	32541913
1042156	10	3.07296009303448e-07	32541913
1042417	1	3.07296009303448e-08	32541913
1042876	40	1.22918403721379e-06	32541913
1042878	19	5.83862417676551e-07	32541913
1045854	1	3.07296009303448e-08	32541913
1045855	8	2.45836807442759e-07	32541913
1045856	3	9.21888027910344e-08	32541913
1046624	1	3.07296009303448e-08	32541913
1046629	15	4.60944013955172e-07	32541913
1048332	14	4.30214413024827e-07	32541913
1048689	9	2.76566408373103e-07	32541913
1049565	6	1.84377605582069e-07	32541913
1051074	1	3.07296009303448e-08	32541913
1054460	3	9.21888027910344e-08	32541913
1064535	11	3.38025610233793e-07	32541913
1064539	6	1.84377605582069e-07	32541913
1064592	2	6.14592018606896e-08	32541913
1069533	3	9.21888027910344e-08	32541913
1069534	4	1.22918403721379e-07	32541913
1071378	2	6.14592018606896e-08	32541913
1071381	1	3.07296009303448e-08	32541913
1071382	1	3.07296009303448e-08	32541913
1071400	2	6.14592018606896e-08	32541913
1072459	214	6.57613459909379e-06	32541913
1074919	3	9.21888027910344e-08	32541913
1075089	6	1.84377605582069e-07	32541913
1076934	1	3.07296009303448e-08	32541913
1082931	3	9.21888027910344e-08	32541913
1087448	1	3.07296009303448e-08	32541913
1089456	25	7.6824002325862e-07	32541913
1089553	1	3.07296009303448e-08	32541913
1091045	151	4.64016974048207e-06	32541913
1093141	11	3.38025610233793e-07	32541913
1093787	2	6.14592018606896e-08	32541913
1094466	26	7.98969624188965e-07	32541913
1094508	1	3.07296009303448e-08	32541913
1096995	1	3.07296009303448e-08	32541913
1096996	28	8.60428826049655e-07	32541913
1097668	7	2.15107206512414e-07	32541913
1097677	9	2.76566408373103e-07	32541913
1104320	2	6.14592018606896e-08	32541913
1104322	1	3.07296009303448e-08	32541913
1104325	1	3.07296009303448e-08	32541913
1104326	3	9.21888027910344e-08	32541913
1107880	2	6.14592018606896e-08	32541913
1110502	1	3.07296009303448e-08	32541913
1111069	48	1.47502084465655e-06	32541913
1111678	1	3.07296009303448e-08	32541913
1112204	2	6.14592018606896e-08	32541913
1114965	4	1.22918403721379e-07	32541913
1114966	1	3.07296009303448e-08	32541913
1114967	55	1.69012805116896e-06	32541913
1114969	376	1.15543299498096e-05	32541913
1114970	96	2.9500416893131e-06	32541913
1116231	1	3.07296009303448e-08	32541913
1117647	4	1.22918403721379e-07	32541913
1117943	3	9.21888027910344e-08	32541913
1118963	3	9.21888027910344e-08	32541913
1120755	2	6.14592018606896e-08	32541913
1121335	4	1.22918403721379e-07	32541913
1121353	3	9.21888027910344e-08	32541913
1121362	2	6.14592018606896e-08	32541913
1121451	2	6.14592018606896e-08	32541913
1123519	11	3.38025610233793e-07	32541913
1123863	1	3.07296009303448e-08	32541913
1124936	25	7.6824002325862e-07	32541913
1124983	110	3.38025610233793e-06	32541913
1124991	3	9.21888027910344e-08	32541913
1125630	31	9.52617628840689e-07	32541913
1127134	2	6.14592018606896e-08	32541913
1128398	1	3.07296009303448e-08	32541913
1132507	18	5.53132816746207e-07	32541913
1133849	1	3.07296009303448e-08	32541913
1133850	6	1.84377605582069e-07	32541913
1133852	174	5.34695056188e-06	32541913
1133853	484	1.48731268502869e-05	32541913
1134454	188	5.77716497490482e-06	32541913
1134782	4	1.22918403721379e-07	32541913
1136179	798	2.45222215424152e-05	32541913
1137651	7	2.15107206512414e-07	32541913
1138308	2	6.14592018606896e-08	32541913
1138383	1	3.07296009303448e-08	32541913
1144275	1	3.07296009303448e-08	32541913
1146883	4	1.22918403721379e-07	32541913
1147128	3	9.21888027910344e-08	32541913
1150469	2	6.14592018606896e-08	32541913
1151116	2	6.14592018606896e-08	32541913
1155071	3	9.21888027910344e-08	32541913
1155766	2	6.14592018606896e-08	32541913
1156431	5	1.53648004651724e-07	32541913
1156433	5	1.53648004651724e-07	32541913
1156913	4	1.22918403721379e-07	32541913
1160717	4	1.22918403721379e-07	32541913
1161918	1	3.07296009303448e-08	32541913
1163399	10	3.07296009303448e-07	32541913
1163617	8	2.45836807442759e-07	32541913
1167634	23	7.06780821397931e-07	32541913
1170318	22	6.76051220467586e-07	32541913
1173020	6	1.84377605582069e-07	32541913
1173022	3	9.21888027910344e-08	32541913
1173427	2	6.14592018606896e-08	32541913
1179773	1	3.07296009303448e-08	32541913
1184267	1	3.07296009303448e-08	32541913
1187956	6	1.84377605582069e-07	32541913
1191061	39	1.19845443628345e-06	32541913
1193292	7	2.15107206512414e-07	32541913
1193576	2	6.14592018606896e-08	32541913
1193806	1	3.07296009303448e-08	32541913
1194526	3	9.21888027910344e-08	32541913
1196325	19	5.83862417676551e-07	32541913
1196835	23	7.06780821397931e-07	32541913
1198676	3	9.21888027910344e-08	32541913
1199187	4	1.22918403721379e-07	32541913
1201294	1	3.07296009303448e-08	32541913
1202772	2	6.14592018606896e-08	32541913
1203460	3	9.21888027910344e-08	32541913
1203670	1	3.07296009303448e-08	32541913
1204414	8	2.45836807442759e-07	32541913
1205677	1	3.07296009303448e-08	32541913
1205910	2	6.14592018606896e-08	32541913
1206105	2	6.14592018606896e-08	32541913
1207075	145	4.4557921349e-06	32541913
1208658	2	6.14592018606896e-08	32541913
1208660	3	9.21888027910344e-08	32541913
1208921	1	3.07296009303448e-08	32541913
1208923	3	9.21888027910344e-08	32541913
1211025	1	3.07296009303448e-08	32541913
1211579	37	1.13699523442276e-06	32541913
1214101	3	9.21888027910344e-08	32541913
1214242	1	3.07296009303448e-08	32541913
1215088	32	9.83347229771034e-07	32541913
1215914	1	3.07296009303448e-08	32541913
1216976	12	3.68755211164138e-07	32541913
1217984	2	6.14592018606896e-08	32541913
1218175	1	3.07296009303448e-08	32541913
1224163	3	9.21888027910344e-08	32541913
1229205	3	9.21888027910344e-08	32541913
1229512	1	3.07296009303448e-08	32541913
1231072	1	3.07296009303448e-08	32541913
1232381	2	6.14592018606896e-08	32541913
1234380	1	3.07296009303448e-08	32541913
1234679	8	2.45836807442759e-07	32541913
1236903	1	3.07296009303448e-08	32541913
1245469	8	2.45836807442759e-07	32541913
1245471	27	8.2969922511931e-07	32541913
1246301	77	2.36617927163655e-06	32541913
1246995	1	3.07296009303448e-08	32541913
1249634	3	9.21888027910344e-08	32541913
1249661	2	6.14592018606896e-08	32541913
1254432	3	9.21888027910344e-08	32541913
1254439	4	1.22918403721379e-07	32541913
1255043	1	3.07296009303448e-08	32541913
1262456	7	2.15107206512414e-07	32541913
1265601	4	1.22918403721379e-07	32541913
1266738	2	6.14592018606896e-08	32541913
1266845	5	1.53648004651724e-07	32541913
1267577	1	3.07296009303448e-08	32541913
1267753	1	3.07296009303448e-08	32541913
1267754	3	9.21888027910344e-08	32541913
1271752	1	3.07296009303448e-08	32541913
1271862	2	6.14592018606896e-08	32541913
1273173	3	9.21888027910344e-08	32541913
1274814	2	6.14592018606896e-08	32541913
1276227	1	3.07296009303448e-08	32541913
1276282	7	2.15107206512414e-07	32541913
1276647	1	3.07296009303448e-08	32541913
1278073	2	6.14592018606896e-08	32541913
1279007	1	3.07296009303448e-08	32541913
1279008	2	6.14592018606896e-08	32541913
1280938	4	1.22918403721379e-07	32541913
1282356	107	3.2880672995469e-06	32541913
1283331	9	2.76566408373103e-07	32541913
1286170	5	1.53648004651724e-07	32541913
1286640	1	3.07296009303448e-08	32541913
1288394	15	4.60944013955172e-07	32541913
1294143	21	6.45321619537241e-07	32541913
1295826	1	3.07296009303448e-08	32541913
1302863	4	1.22918403721379e-07	32541913
1303692	1	3.07296009303448e-08	32541913
1304892	1	3.07296009303448e-08	32541913
1305849	1	3.07296009303448e-08	32541913
1310161	5	1.53648004651724e-07	32541913
1313172	2	6.14592018606896e-08	32541913
1314884	1	3.07296009303448e-08	32541913
1318615	2	6.14592018606896e-08	32541913
1322246	1	3.07296009303448e-08	32541913
1323661	1	3.07296009303448e-08	32541913
1331671	40	1.22918403721379e-06	32541913
1332188	2	6.14592018606896e-08	32541913
1335307	1	3.07296009303448e-08	32541913
1335916	3	9.21888027910344e-08	32541913
1340851	2	6.14592018606896e-08	32541913
1346614	1	3.07296009303448e-08	32541913
1348662	3	9.21888027910344e-08	32541913
1355100	781	2.39998183265993e-05	32541913
1367477	1	3.07296009303448e-08	32541913
1367847	3	9.21888027910344e-08	32541913
1379702	7	2.15107206512414e-07	32541913
1380774	6	1.84377605582069e-07	32541913
1380908	8	2.45836807442759e-07	32541913
1382700	18	5.53132816746207e-07	32541913
1383068	2	6.14592018606896e-08	32541913
1389489	5	1.53648004651724e-07	32541913
1394711	2	6.14592018606896e-08	32541913
1399115	1	3.07296009303448e-08	32541913
1399116	3	9.21888027910344e-08	32541913
1400867	2	6.14592018606896e-08	32541913
1401659	4	1.22918403721379e-07	32541913
1408186	5	1.53648004651724e-07	32541913
1408206	1	3.07296009303448e-08	32541913
1408272	2	6.14592018606896e-08	32541913
1415629	3	9.21888027910344e-08	32541913
1415630	179	5.50059856653172e-06	32541913
1416914	7	2.15107206512414e-07	32541913
1427342	1	3.07296009303448e-08	32541913
1430440	4	1.22918403721379e-07	32541913
1435044	10	3.07296009303448e-07	32541913
1435058	1	3.07296009303448e-08	32541913
1435356	10	3.07296009303448e-07	32541913
1436140	19	5.83862417676551e-07	32541913
