Tax.ID	Frequency	Proportion	Total
394	26	8.69393112447071e-07	29905919
882	4	1.33752786530319e-07	29905919
883	13	4.34696556223536e-07	29905919
1148	13	4.34696556223536e-07	29905919
1511	31	1.03658409560997e-06	29905919
1639	10	3.34381966325797e-07	29905919
2762	26	8.69393112447071e-07	29905919
2769	22	7.35640325916752e-07	29905919
2771	7	2.34067376428058e-07	29905919
2787	12	4.01258359590956e-07	29905919
2829	24	8.02516719181912e-07	29905919
2832	1	3.34381966325797e-08	29905919
2839	107	3.57788703968602e-06	29905919
2850	190	6.35325736019014e-06	29905919
2872	1	3.34381966325797e-08	29905919
2876	2	6.68763932651593e-08	29905919
2880	6	2.00629179795478e-07	29905919
2898	9	3.00943769693217e-07	29905919
2903	5	1.67190983162898e-07	29905919
2986	3	1.00314589897739e-07	29905919
3040	1	3.34381966325797e-08	29905919
4770	15	5.01572949488695e-07	29905919
4950	11	3.67820162958376e-07	29905919
5061	1	3.34381966325797e-08	29905919
5518	21	7.02202129284173e-07	29905919
5661	11	3.67820162958376e-07	29905919
5749	2	6.68763932651593e-08	29905919
5762	9	3.00943769693217e-07	29905919
5778	2	6.68763932651593e-08	29905919
5786	13	4.34696556223536e-07	29905919
5823	1	3.34381966325797e-08	29905919
5851	41	1.37096606193577e-06	29905919
5872	1	3.34381966325797e-08	29905919
5885	7	2.34067376428058e-07	29905919
5889	1	3.34381966325797e-08	29905919
5901	9	3.00943769693217e-07	29905919
5905	3	1.00314589897739e-07	29905919
5907	2	6.68763932651593e-08	29905919
5908	3	1.00314589897739e-07	29905919
5911	14	4.68134752856115e-07	29905919
5932	22	7.35640325916752e-07	29905919
10376	1	3.34381966325797e-08	29905919
10658	2	6.68763932651593e-08	29905919
10678	1	3.34381966325797e-08	29905919
10680	1	3.34381966325797e-08	29905919
10742	2	6.68763932651593e-08	29905919
10761	1	3.34381966325797e-08	29905919
31271	5	1.67190983162898e-07	29905919
31532	1	3.34381966325797e-08	29905919
31964	63	2.10660638785252e-06	29905919
32049	2	6.68763932651593e-08	29905919
32051	3	1.00314589897739e-07	29905919
33653	1	3.34381966325797e-08	29905919
33657	5	1.67190983162898e-07	29905919
33658	7	2.34067376428058e-07	29905919
35128	130	4.34696556223536e-06	29905919
35206	1	3.34381966325797e-08	29905919
35688	1	3.34381966325797e-08	29905919
36329	2	6.68763932651593e-08	29905919
36809	24	8.02516719181912e-07	29905919
36870	1	3.34381966325797e-08	29905919
37692	2	6.68763932651593e-08	29905919
39717	2	6.68763932651593e-08	29905919
40041	15	5.01572949488695e-07	29905919
41431	5	1.67190983162898e-07	29905919
43925	2	6.68763932651593e-08	29905919
43926	1	3.34381966325797e-08	29905919
43989	8	2.67505573060637e-07	29905919
44056	12	4.01258359590956e-07	29905919
44058	3	1.00314589897739e-07	29905919
46234	6	2.00629179795478e-07	29905919
47573	3	1.00314589897739e-07	29905919
48483	1	3.34381966325797e-08	29905919
48942	5	1.67190983162898e-07	29905919
49266	5	1.67190983162898e-07	29905919
52970	13	4.34696556223536e-07	29905919
55529	12	4.01258359590956e-07	29905919
55884	18	6.01887539386434e-07	29905919
56107	3	1.00314589897739e-07	29905919
56110	8	2.67505573060637e-07	29905919
56780	2	6.68763932651593e-08	29905919
59374	12	4.01258359590956e-07	29905919
59748	7	2.34067376428058e-07	29905919
60480	4	1.33752786530319e-07	29905919
60481	161	5.38354965784532e-06	29905919
62928	163	5.45042605111048e-06	29905919
62977	79	2.64161753397379e-06	29905919
63118	2	6.68763932651593e-08	29905919
63186	25	8.35954915814491e-07	29905919
63737	7	2.34067376428058e-07	29905919
64091	1	3.34381966325797e-08	29905919
64471	5	1.67190983162898e-07	29905919
65071	23	7.69078522549332e-07	29905919
65393	2	6.68763932651593e-08	29905919
66692	1	3.34381966325797e-08	29905919
67593	10	3.34381966325797e-07	29905919
69328	65	2.17348278111768e-06	29905919
71421	1	3.34381966325797e-08	29905919
72520	10	3.34381966325797e-07	29905919
74381	1	3.34381966325797e-08	29905919
74557	4	1.33752786530319e-07	29905919
75379	107	3.57788703968602e-06	29905919
76114	50	1.67190983162898e-06	29905919
76869	61	2.03972999458736e-06	29905919
77775	2	6.68763932651593e-08	29905919
78245	47	1.57159524173124e-06	29905919
79929	3	1.00314589897739e-07	29905919
82654	3	1.00314589897739e-07	29905919
83406	10	3.34381966325797e-07	29905919
84588	2	6.68763932651593e-08	29905919
85569	7	2.34067376428058e-07	29905919
85643	183	6.11918998376208e-06	29905919
86416	12	4.01258359590956e-07	29905919
88149	5	1.67190983162898e-07	29905919
88154	1	3.34381966325797e-08	29905919
90410	1	3.34381966325797e-08	29905919
90936	1	3.34381966325797e-08	29905919
91891	1	3.34381966325797e-08	29905919
94122	36	1.20377507877287e-06	29905919
96561	3	1.00314589897739e-07	29905919
96563	81	2.70849392723895e-06	29905919
99287	8	2.67505573060637e-07	29905919
99598	3	1.00314589897739e-07	29905919
100226	29	9.6970770234481e-07	29905919
100901	1	3.34381966325797e-08	29905919
101510	265	8.86112210763361e-06	29905919
103690	17	5.68449342753854e-07	29905919
105559	2	6.68763932651593e-08	29905919
106370	15	5.01572949488695e-07	29905919
107806	3	1.00314589897739e-07	29905919
108098	43	1.43784245520093e-06	29905919
109269	14	4.68134752856115e-07	29905919
110662	3	1.00314589897739e-07	29905919
111780	3	1.00314589897739e-07	29905919
111781	1	3.34381966325797e-08	29905919
114615	74	2.47442655081089e-06	29905919
115713	2	6.68763932651593e-08	29905919
115987	1	3.34381966325797e-08	29905919
115991	1	3.34381966325797e-08	29905919
118163	1	3.34381966325797e-08	29905919
120807	7	2.34067376428058e-07	29905919
122586	2	6.68763932651593e-08	29905919
122587	19	6.35325736019014e-07	29905919
123214	2	6.68763932651593e-08	29905919
126793	12	4.01258359590956e-07	29905919
129356	6	2.00629179795478e-07	29905919
129358	5	1.67190983162898e-07	29905919
130081	6	2.00629179795478e-07	29905919
130308	1	3.34381966325797e-08	29905919
134676	32	1.07002229224255e-06	29905919
136089	9	3.00943769693217e-07	29905919
136966	1	3.34381966325797e-08	29905919
137722	31	1.03658409560997e-06	29905919
138119	3	1.00314589897739e-07	29905919
145522	3	1.00314589897739e-07	29905919
146891	1	3.34381966325797e-08	29905919
150340	1	3.34381966325797e-08	29905919
151534	2	6.68763932651593e-08	29905919
151535	1	3.34381966325797e-08	29905919
151537	1	3.34381966325797e-08	29905919
151538	2	6.68763932651593e-08	29905919
153948	27	9.02831309079651e-07	29905919
155864	278	9.29581866385715e-06	29905919
156889	3	1.00314589897739e-07	29905919
158189	40	1.33752786530319e-06	29905919
158190	9	3.00943769693217e-07	29905919
158878	2	6.68763932651593e-08	29905919
158879	6	2.00629179795478e-07	29905919
159087	94	3.14319048346249e-06	29905919
160488	44	1.4712806518335e-06	29905919
160490	7	2.34067376428058e-07	29905919
160491	4	1.33752786530319e-07	29905919
160492	7	2.34067376428058e-07	29905919
160619	144	4.81510031509147e-06	29905919
163003	1	3.34381966325797e-08	29905919
164037	3	1.00314589897739e-07	29905919
164328	12	4.01258359590956e-07	29905919
164756	78	2.60817933734121e-06	29905919
164757	2	6.68763932651593e-08	29905919
167542	1	3.34381966325797e-08	29905919
167879	3	1.00314589897739e-07	29905919
170187	6	2.00629179795478e-07	29905919
171101	61	2.03972999458736e-06	29905919
172667	2	6.68763932651593e-08	29905919
172968	6	2.00629179795478e-07	29905919
176279	145	4.84853851172405e-06	29905919
176280	159	5.31667326458017e-06	29905919
176299	16	5.35011146121275e-07	29905919
177437	1	3.34381966325797e-08	29905919
177439	1	3.34381966325797e-08	29905919
179408	386	1.29071439001757e-05	29905919
186103	4	1.33752786530319e-07	29905919
187272	22	7.35640325916752e-07	29905919
187303	21	7.02202129284173e-07	29905919
187420	6	2.00629179795478e-07	29905919
187764	2	6.68763932651593e-08	29905919
188937	6	2.00629179795478e-07	29905919
189423	19	6.35325736019014e-07	29905919
189518	1	3.34381966325797e-08	29905919
189918	25	8.35954915814491e-07	29905919
190304	17	5.68449342753854e-07	29905919
190485	186	6.21950457365982e-06	29905919
190486	15	5.01572949488695e-07	29905919
190650	93	3.10975228682991e-06	29905919
191026	4	1.33752786530319e-07	29905919
192952	13	4.34696556223536e-07	29905919
194439	9	3.00943769693217e-07	29905919
195102	6	2.00629179795478e-07	29905919
195103	99	3.31038146662539e-06	29905919
195253	2	6.68763932651593e-08	29905919
196162	68	2.27379737101542e-06	29905919
196164	377	1.26062001304825e-05	29905919
196600	2	6.68763932651593e-08	29905919
196620	3	1.00314589897739e-07	29905919
196627	2	6.68763932651593e-08	29905919
197221	2	6.68763932651593e-08	29905919
198214	71	2.37411196091316e-06	29905919
198215	242	8.09204358508428e-06	29905919
198628	4	1.33752786530319e-07	29905919
198804	1	3.34381966325797e-08	29905919
199310	775	2.59146023902492e-05	29905919
203119	38	1.27065147203803e-06	29905919
203120	7	2.34067376428058e-07	29905919
203122	5	1.67190983162898e-07	29905919
203123	7	2.34067376428058e-07	29905919
203124	14	4.68134752856115e-07	29905919
203275	37	1.23721327540545e-06	29905919
203907	2	6.68763932651593e-08	29905919
204669	2	6.68763932651593e-08	29905919
204773	181	6.05231359049692e-06	29905919
205872	1	3.34381966325797e-08	29905919
205874	2	6.68763932651593e-08	29905919
205913	341	1.14024250517097e-05	29905919
205914	17	5.68449342753854e-07	29905919
205918	82	2.74193212387153e-06	29905919
205921	6	2.00629179795478e-07	29905919
205922	190	6.35325736019014e-06	29905919
206672	40	1.33752786530319e-06	29905919
207559	21	7.02202129284173e-07	29905919
208435	9	3.00943769693217e-07	29905919
208596	69	2.307235567648e-06	29905919
208963	87	2.90912310703443e-06	29905919
208964	131	4.38040375886794e-06	29905919
209261	18	6.01887539386434e-07	29905919
210007	1	3.34381966325797e-08	29905919
211110	3	1.00314589897739e-07	29905919
211586	9	3.00943769693217e-07	29905919
212717	6	2.00629179795478e-07	29905919
213775	2	6.68763932651593e-08	29905919
213810	27	9.02831309079651e-07	29905919
214092	18	6.01887539386434e-07	29905919
214684	26	8.69393112447071e-07	29905919
215158	3	1.00314589897739e-07	29905919
215689	3	1.00314589897739e-07	29905919
216389	2	6.68763932651593e-08	29905919
216432	18	6.01887539386434e-07	29905919
216591	28	9.3626950571223e-07	29905919
216592	248	8.29267276487975e-06	29905919
216594	5	1.67190983162898e-07	29905919
216595	782	2.61486697666773e-05	29905919
216596	53	1.77222442152672e-06	29905919
216597	1	3.34381966325797e-08	29905919
216599	274	9.16206587732683e-06	29905919
218491	2	6.68763932651593e-08	29905919
218493	6	2.00629179795478e-07	29905919
218494	1	3.34381966325797e-08	29905919
218495	1	3.34381966325797e-08	29905919
220341	237	7.92485260192138e-06	29905919
220664	82	2.74193212387153e-06	29905919
220668	5	1.67190983162898e-07	29905919
221029	2	6.68763932651593e-08	29905919
221109	3	1.00314589897739e-07	29905919
221721	1	3.34381966325797e-08	29905919
222523	1	3.34381966325797e-08	29905919
223283	99	3.31038146662539e-06	29905919
223926	1	3.34381966325797e-08	29905919
224308	2	6.68763932651593e-08	29905919
224719	4	1.33752786530319e-07	29905919
224911	99	3.31038146662539e-06	29905919
224914	10	3.34381966325797e-07	29905919
224915	1	3.34381966325797e-08	29905919
225849	1	3.34381966325797e-08	29905919
225937	6	2.00629179795478e-07	29905919
226185	39	1.30408966867061e-06	29905919
226186	806	2.69511864858592e-05	29905919
227086	29	9.6970770234481e-07	29905919
227321	1	3.34381966325797e-08	29905919
227882	41	1.37096606193577e-06	29905919
227941	2	6.68763932651593e-08	29905919
228400	8	2.67505573060637e-07	29905919
228405	13	4.34696556223536e-07	29905919
228410	10	3.34381966325797e-07	29905919
229533	6	2.00629179795478e-07	29905919
231023	31	1.03658409560997e-06	29905919
232721	1668	5.57749119831429e-05	29905919
233412	1	3.34381966325797e-08	29905919
234267	13	4.34696556223536e-07	29905919
234621	6243	0.000208754661577195	29905919
234831	7	2.34067376428058e-07	29905919
235909	5	1.67190983162898e-07	29905919
240015	4	1.33752786530319e-07	29905919
240292	5	1.67190983162898e-07	29905919
242231	6	2.00629179795478e-07	29905919
242507	2	6.68763932651593e-08	29905919
242527	1	3.34381966325797e-08	29905919
242619	2	6.68763932651593e-08	29905919
243090	3	1.00314589897739e-07	29905919
243159	8	2.67505573060637e-07	29905919
243164	1	3.34381966325797e-08	29905919
243230	9	3.00943769693217e-07	29905919
243231	3	1.00314589897739e-07	29905919
243233	19	6.35325736019014e-07	29905919
243243	19	6.35325736019014e-07	29905919
243275	2	6.68763932651593e-08	29905919
243276	2	6.68763932651593e-08	29905919
243277	4	1.33752786530319e-07	29905919
243365	89	2.97599950029959e-06	29905919
245014	276	9.22894227059199e-06	29905919
245018	911	3.04621971322801e-05	29905919
246194	3	1.00314589897739e-07	29905919
246195	7	2.34067376428058e-07	29905919
246196	31	1.03658409560997e-06	29905919
246197	21	7.02202129284173e-07	29905919
246198	15	5.01572949488695e-07	29905919
246200	19	6.35325736019014e-07	29905919
246969	1	3.34381966325797e-08	29905919
247156	29	9.6970770234481e-07	29905919
251221	4	1.33752786530319e-07	29905919
251229	3	1.00314589897739e-07	29905919
257310	61	2.03972999458736e-06	29905919
257311	23	7.69078522549332e-07	29905919
257313	34	1.13689868550771e-06	29905919
257314	2	6.68763932651593e-08	29905919
258594	31	1.03658409560997e-06	29905919
259536	402	1.3442155046297e-05	29905919
261292	177	5.9185608039666e-06	29905919
261658	4	1.33752786530319e-07	29905919
262177	1	3.34381966325797e-08	29905919
262316	4	1.33752786530319e-07	29905919
262543	10	3.34381966325797e-07	29905919
262724	140	4.68134752856115e-06	29905919
262727	3	1.00314589897739e-07	29905919
262728	26	8.69393112447071e-07	29905919
262768	3	1.00314589897739e-07	29905919
263358	13	4.34696556223536e-07	29905919
264198	84	2.80880851713669e-06	29905919
264199	35	1.17033688214029e-06	29905919
264201	6	2.00629179795478e-07	29905919
264202	2	6.68763932651593e-08	29905919
264203	3	1.00314589897739e-07	29905919
264462	14	4.68134752856115e-07	29905919
264730	56	1.87253901142446e-06	29905919
264731	32	1.07002229224255e-06	29905919
264732	1	3.34381966325797e-08	29905919
265072	43	1.43784245520093e-06	29905919
266117	8	2.67505573060637e-07	29905919
266264	129	4.31352736560278e-06	29905919
266265	47	1.57159524173124e-06	29905919
266779	76	2.54130294407605e-06	29905919
266834	18	6.01887539386434e-07	29905919
266835	32	1.07002229224255e-06	29905919
266940	33	1.10346048887513e-06	29905919
267608	144	4.81510031509147e-06	29905919
267671	3	1.00314589897739e-07	29905919
267747	52	1.73878622489414e-06	29905919
267748	2	6.68763932651593e-08	29905919
269084	4	1.33752786530319e-07	29905919
269482	58	1.93941540468962e-06	29905919
269484	1	3.34381966325797e-08	29905919
269796	7	2.34067376428058e-07	29905919
269797	59	1.9728536013222e-06	29905919
269798	86	2.87568491040185e-06	29905919
269799	4	1.33752786530319e-07	29905919
269800	5	1.67190983162898e-07	29905919
271848	20	6.68763932651593e-07	29905919
272123	9	3.00943769693217e-07	29905919
272559	104	3.47757244978828e-06	29905919
272560	1	3.34381966325797e-08	29905919
272561	4	1.33752786530319e-07	29905919
272562	17	5.68449342753854e-07	29905919
272563	150	5.01572949488695e-06	29905919
272564	9	3.00943769693217e-07	29905919
272568	22	7.35640325916752e-07	29905919
272620	441	1.47462447149676e-05	29905919
272621	1	3.34381966325797e-08	29905919
272622	56	1.87253901142446e-06	29905919
272623	63	2.10660638785252e-06	29905919
272624	4	1.33752786530319e-07	29905919
272626	10	3.34381966325797e-07	29905919
272630	42	1.40440425856835e-06	29905919
272631	2	6.68763932651593e-08	29905919
272632	2	6.68763932651593e-08	29905919
272633	1	3.34381966325797e-08	29905919
272635	1	3.34381966325797e-08	29905919
272831	46	1.53815704509866e-06	29905919
272942	17	5.68449342753854e-07	29905919
272943	8	2.67505573060637e-07	29905919
272944	1	3.34381966325797e-08	29905919
273036	1	3.34381966325797e-08	29905919
273068	9	3.00943769693217e-07	29905919
273121	1	3.34381966325797e-08	29905919
273123	2	6.68763932651593e-08	29905919
273133	1	3.34381966325797e-08	29905919
278137	17	5.68449342753854e-07	29905919
278197	23	7.69078522549332e-07	29905919
279010	1	3.34381966325797e-08	29905919
279238	68	2.27379737101542e-06	29905919
279808	154	5.14948228141727e-06	29905919
280463	43	1.43784245520093e-06	29905919
280699	7	2.34067376428058e-07	29905919
281090	25	8.35954915814491e-07	29905919
281310	31	1.03658409560997e-06	29905919
282458	1	3.34381966325797e-08	29905919
283007	1	3.34381966325797e-08	29905919
283009	1	3.34381966325797e-08	29905919
283942	4	1.33752786530319e-07	29905919
284590	2	6.68763932651593e-08	29905919
284592	2	6.68763932651593e-08	29905919
284593	6	2.00629179795478e-07	29905919
284811	13	4.34696556223536e-07	29905919
284812	32	1.07002229224255e-06	29905919
285951	3	1.00314589897739e-07	29905919
286636	1	3.34381966325797e-08	29905919
288000	74	2.47442655081089e-06	29905919
288705	6	2.00629179795478e-07	29905919
289380	35	1.17033688214029e-06	29905919
290315	8	2.67505573060637e-07	29905919
290317	9	3.00943769693217e-07	29905919
290318	7	2.34067376428058e-07	29905919
290338	219	7.32296506253495e-06	29905919
290339	45	1.50471884846608e-06	29905919
290340	116	3.87883080937924e-06	29905919
290397	4	1.33752786530319e-07	29905919
290398	18	6.01887539386434e-07	29905919
290399	41	1.37096606193577e-06	29905919
290400	11	3.67820162958376e-07	29905919
290402	65	2.17348278111768e-06	29905919
290633	3	1.00314589897739e-07	29905919
291112	1	3.34381966325797e-08	29905919
291331	14	4.68134752856115e-07	29905919
292414	6	2.00629179795478e-07	29905919
292415	33	1.10346048887513e-06	29905919
292459	4	1.33752786530319e-07	29905919
292563	5	1.67190983162898e-07	29905919
292564	8	2.67505573060637e-07	29905919
293613	3	1.00314589897739e-07	29905919
293614	3	1.00314589897739e-07	29905919
293826	24	8.02516719181912e-07	29905919
295405	360	1.20377507877287e-05	29905919
296543	110	3.67820162958376e-06	29905919
296591	653	2.18351424010745e-05	29905919
298653	16	5.35011146121275e-07	29905919
298654	17	5.68449342753854e-07	29905919
299768	18	6.01887539386434e-07	29905919
300267	309	1.03324027594671e-05	29905919
300268	96	3.21006687672765e-06	29905919
300269	282	9.42957145038746e-06	29905919
300852	92	3.07631409019733e-06	29905919
306263	1	3.34381966325797e-08	29905919
306537	69	2.307235567648e-06	29905919
309798	2	6.68763932651593e-08	29905919
309799	2	6.68763932651593e-08	29905919
309800	1	3.34381966325797e-08	29905919
311402	9	3.00943769693217e-07	29905919
311403	7	2.34067376428058e-07	29905919
312153	55	1.83910081479188e-06	29905919
312309	1	3.34381966325797e-08	29905919
313595	19	6.35325736019014e-07	29905919
313596	16	5.35011146121275e-07	29905919
313598	59	1.9728536013222e-06	29905919
313603	10	3.34381966325797e-07	29905919
314225	40	1.33752786530319e-06	29905919
314260	3	1.00314589897739e-07	29905919
314275	1	3.34381966325797e-08	29905919
314282	9	3.00943769693217e-07	29905919
314565	127	4.24665097233762e-06	29905919
314724	1	3.34381966325797e-08	29905919
315456	2	6.68763932651593e-08	29905919
315730	4	1.33752786530319e-07	29905919
315749	3	1.00314589897739e-07	29905919
315750	1	3.34381966325797e-08	29905919
316055	77	2.57474114070863e-06	29905919
316056	53	1.77222442152672e-06	29905919
316057	42	1.40440425856835e-06	29905919
316058	63	2.10660638785252e-06	29905919
316067	3	1.00314589897739e-07	29905919
316273	26	8.69393112447071e-07	29905919
316274	3	1.00314589897739e-07	29905919
316278	1	3.34381966325797e-08	29905919
316385	170	5.68449342753854e-06	29905919
316401	218	7.28952686590237e-06	29905919
316407	22	7.35640325916752e-07	29905919
317025	12	4.01258359590956e-07	29905919
317655	55	1.83910081479188e-06	29905919
317936	6	2.00629179795478e-07	29905919
318161	3	1.00314589897739e-07	29905919
318167	33	1.10346048887513e-06	29905919
318586	48	1.60503343836382e-06	29905919
319224	8	2.67505573060637e-07	29905919
319225	1	3.34381966325797e-08	29905919
319701	46	1.53815704509866e-06	29905919
319795	39	1.30408966867061e-06	29905919
320373	13	4.34696556223536e-07	29905919
320388	38	1.27065147203803e-06	29905919
320389	7	2.34067376428058e-07	29905919
320483	1	3.34381966325797e-08	29905919
321023	1	3.34381966325797e-08	29905919
321314	7	2.34067376428058e-07	29905919
321332	1	3.34381966325797e-08	29905919
321956	10	3.34381966325797e-07	29905919
321967	30	1.00314589897739e-06	29905919
322098	1	3.34381966325797e-08	29905919
322104	4	1.33752786530319e-07	29905919
322159	305	1.01986499729368e-05	29905919
322710	81	2.70849392723895e-06	29905919
323097	23	7.69078522549332e-07	29905919
323098	15	5.01572949488695e-07	29905919
323259	27	9.02831309079651e-07	29905919
323261	3	1.00314589897739e-07	29905919
323848	2	6.68763932651593e-08	29905919
323850	2	6.68763932651593e-08	29905919
324057	9	3.00943769693217e-07	29905919
324602	5	1.67190983162898e-07	29905919
324831	32	1.07002229224255e-06	29905919
325240	17	5.68449342753854e-07	29905919
326297	17	5.68449342753854e-07	29905919
326298	17	5.68449342753854e-07	29905919
326423	4	1.33752786530319e-07	29905919
326424	41	1.37096606193577e-06	29905919
326425	3	1.00314589897739e-07	29905919
326426	16	5.35011146121275e-07	29905919
326442	2	6.68763932651593e-08	29905919
329726	11	3.67820162958376e-07	29905919
329864	2	6.68763932651593e-08	29905919
330214	19	6.35325736019014e-07	29905919
330879	6	2.00629179795478e-07	29905919
331104	2	6.68763932651593e-08	29905919
331111	699	2.33732994461732e-05	29905919
331112	242	8.09204358508428e-06	29905919
331271	83	2.77537032050411e-06	29905919
331272	25	8.35954915814491e-07	29905919
331636	1	3.34381966325797e-08	29905919
332032	1	3.34381966325797e-08	29905919
333849	41	1.37096606193577e-06	29905919
334380	2	6.68763932651593e-08	29905919
334390	5	1.67190983162898e-07	29905919
334413	1206	4.03264651388911e-05	29905919
335283	19	6.35325736019014e-07	29905919
335284	650	2.17348278111768e-05	29905919
335541	16	5.35011146121275e-07	29905919
335543	8	2.67505573060637e-07	29905919
335659	101	3.37725785989055e-06	29905919
336407	1	3.34381966325797e-08	29905919
337191	15	5.01572949488695e-07	29905919
338963	1	3.34381966325797e-08	29905919
338966	28	9.3626950571223e-07	29905919
338969	376	1.257276193385e-05	29905919
339670	407	1.36093460294599e-05	29905919
339671	7	2.34067376428058e-07	29905919
339860	15	5.01572949488695e-07	29905919
340099	12	4.01258359590956e-07	29905919
340100	198	6.62076293325077e-06	29905919
340322	81	2.70849392723895e-06	29905919
342108	21	7.02202129284173e-07	29905919
342109	12	4.01258359590956e-07	29905919
342451	19	6.35325736019014e-07	29905919
342610	8	2.67505573060637e-07	29905919
343509	5	1.67190983162898e-07	29905919
343516	91	3.04287589356475e-06	29905919
344609	1176	3.93233192399137e-05	29905919
345073	7	2.34067376428058e-07	29905919
345219	4	1.33752786530319e-07	29905919
347253	125	4.17977457907246e-06	29905919
347255	1	3.34381966325797e-08	29905919
347325	1	3.34381966325797e-08	29905919
347495	1	3.34381966325797e-08	29905919
347515	13	4.34696556223536e-07	29905919
347834	9	3.00943769693217e-07	29905919
348058	5	1.67190983162898e-07	29905919
348535	2	6.68763932651593e-08	29905919
348780	2	6.68763932651593e-08	29905919
349101	34	1.13689868550771e-06	29905919
349102	33	1.10346048887513e-06	29905919
349106	134	4.48071834876567e-06	29905919
349124	10	3.34381966325797e-07	29905919
349161	7	2.34067376428058e-07	29905919
349163	17	5.68449342753854e-07	29905919
349215	1	3.34381966325797e-08	29905919
349519	2	6.68763932651593e-08	29905919
349520	1	3.34381966325797e-08	29905919
349741	225	7.52359424233042e-06	29905919
349746	13	4.34696556223536e-07	29905919
349747	12	4.01258359590956e-07	29905919
350054	33	1.10346048887513e-06	29905919
350058	15	5.01572949488695e-07	29905919
350688	20	6.68763932651593e-07	29905919
351160	1	3.34381966325797e-08	29905919
351348	75	2.50786474744347e-06	29905919
351605	12	4.01258359590956e-07	29905919
351607	4	1.33752786530319e-07	29905919
351627	4	1.33752786530319e-07	29905919
351745	34	1.13689868550771e-06	29905919
351746	65	2.17348278111768e-06	29905919
352472	1	3.34381966325797e-08	29905919
352914	9	3.00943769693217e-07	29905919
353151	7	2.34067376428058e-07	29905919
353152	5	1.67190983162898e-07	29905919
353153	21	7.02202129284173e-07	29905919
353154	3	1.00314589897739e-07	29905919
353496	1	3.34381966325797e-08	29905919
354242	21	7.02202129284173e-07	29905919
355276	3	1.00314589897739e-07	29905919
355277	4	1.33752786530319e-07	29905919
355278	4	1.33752786530319e-07	29905919
357244	2	6.68763932651593e-08	29905919
357348	25	8.35954915814491e-07	29905919
357544	4	1.33752786530319e-07	29905919
357804	1	3.34381966325797e-08	29905919
357808	5	1.67190983162898e-07	29905919
357809	137	4.58103293866341e-06	29905919
358220	1424	4.76159920047934e-05	29905919
358681	8	2.67505573060637e-07	29905919
359786	24	8.02516719181912e-07	29905919
359787	4	1.33752786530319e-07	29905919
360094	32	1.07002229224255e-06	29905919
360095	20	6.68763932651593e-07	29905919
360102	211	7.05545948947431e-06	29905919
360106	13	4.34696556223536e-07	29905919
360107	9	3.00943769693217e-07	29905919
360109	7	2.34067376428058e-07	29905919
360910	27	9.02831309079651e-07	29905919
360911	16	5.35011146121275e-07	29905919
361100	1	3.34381966325797e-08	29905919
362242	7	2.34067376428058e-07	29905919
362663	11739	0.000392530990269853	29905919
362948	21	7.02202129284173e-07	29905919
362976	1	3.34381966325797e-08	29905919
364106	213	7.12233588273947e-06	29905919
365044	2324	7.77103689741151e-05	29905919
365046	438	1.46459301250699e-05	29905919
365659	60	2.00629179795478e-06	29905919
366394	21	7.02202129284173e-07	29905919
366602	78	2.60817933734121e-06	29905919
367737	242	8.09204358508428e-06	29905919
367775	31	1.03658409560997e-06	29905919
367928	517	1.72875476590437e-05	29905919
368407	3	1.00314589897739e-07	29905919
369723	14	4.68134752856115e-07	29905919
370354	17	5.68449342753854e-07	29905919
370438	7	2.34067376428058e-07	29905919
370553	11	3.67820162958376e-07	29905919
370554	178	5.95199900059918e-06	29905919
372461	2	6.68763932651593e-08	29905919
373153	86	2.87568491040185e-06	29905919
373384	3412	0.000114091126910362	29905919
373414	2	6.68763932651593e-08	29905919
373903	3	1.00314589897739e-07	29905919
373994	4	1.33752786530319e-07	29905919
374833	4	1.33752786530319e-07	29905919
374930	7	2.34067376428058e-07	29905919
374931	4	1.33752786530319e-07	29905919
375286	98	3.27694326999281e-06	29905919
375451	8	2.67505573060637e-07	29905919
376686	970	3.24350507336023e-05	29905919
377628	18	6.01887539386434e-07	29905919
377629	14	4.68134752856115e-07	29905919
378753	17	5.68449342753854e-07	29905919
378806	6	2.00629179795478e-07	29905919
379066	6	2.00629179795478e-07	29905919
379329	1	3.34381966325797e-08	29905919
379731	143	4.78166211845889e-06	29905919
380358	14	4.68134752856115e-07	29905919
380394	12	4.01258359590956e-07	29905919
380703	165	5.51730244437564e-06	29905919
380749	1	3.34381966325797e-08	29905919
381666	160	5.35011146121274e-06	29905919
381754	126	4.21321277570504e-06	29905919
381764	1	3.34381966325797e-08	29905919
382245	596	1.99291651930175e-05	29905919
382638	7	2.34067376428058e-07	29905919
383372	3	1.00314589897739e-07	29905919
383407	11	3.67820162958376e-07	29905919
383629	5	1.67190983162898e-07	29905919
384676	174	5.81824621406886e-06	29905919
385025	3	1.00314589897739e-07	29905919
386043	14	4.68134752856115e-07	29905919
386415	22	7.35640325916752e-07	29905919
386585	386	1.29071439001757e-05	29905919
386656	16	5.35011146121275e-07	29905919
387092	9	3.00943769693217e-07	29905919
387344	15	5.01572949488695e-07	29905919
388919	22	7.35640325916752e-07	29905919
390235	75	2.50786474744347e-06	29905919
390236	2	6.68763932651593e-08	29905919
390333	54	1.8056626181593e-06	29905919
391008	81	2.70849392723895e-06	29905919
391037	18	6.01887539386434e-07	29905919
391038	35	1.17033688214029e-06	29905919
391165	14	4.68134752856115e-07	29905919
391295	28	9.3626950571223e-07	29905919
391296	18	6.01887539386434e-07	29905919
391595	6	2.00629179795478e-07	29905919
391616	8	2.67505573060637e-07	29905919
391619	6	2.00629179795478e-07	29905919
391626	8	2.67505573060637e-07	29905919
391735	390	1.30408966867061e-05	29905919
391774	1	3.34381966325797e-08	29905919
391896	2	6.68763932651593e-08	29905919
391904	135	4.51415654539825e-06	29905919
392021	1	3.34381966325797e-08	29905919
392499	109	3.64476343295118e-06	29905919
392500	6	2.00629179795478e-07	29905919
393011	11	3.67820162958376e-07	29905919
393115	3	1.00314589897739e-07	29905919
393305	57	1.90597720805704e-06	29905919
393595	27	9.02831309079651e-07	29905919
394221	18	6.01887539386434e-07	29905919
394503	16	5.35011146121275e-07	29905919
395019	235	7.85797620865622e-06	29905919
395491	12	4.01258359590956e-07	29905919
395492	18	6.01887539386434e-07	29905919
395494	36	1.20377507877287e-06	29905919
395495	625	2.08988728953623e-05	29905919
395960	48	1.60503343836382e-06	29905919
395961	7	2.34067376428058e-07	29905919
395962	3	1.00314589897739e-07	29905919
395963	5	1.67190983162898e-07	29905919
395965	12	4.01258359590956e-07	29905919
396513	3	1.00314589897739e-07	29905919
396588	39	1.30408966867061e-06	29905919
396595	17	5.68449342753854e-07	29905919
397945	548	1.83241317546537e-05	29905919
398511	6	2.00629179795478e-07	29905919
398527	53	1.77222442152672e-06	29905919
398577	14	4.68134752856115e-07	29905919
398578	1205	4.02930269422585e-05	29905919
398580	14	4.68134752856115e-07	29905919
398767	6	2.00629179795478e-07	29905919
399183	3	1.00314589897739e-07	29905919
399599	12	4.01258359590956e-07	29905919
399726	6	2.00629179795478e-07	29905919
399739	158	5.28323506794759e-06	29905919
399741	10	3.34381966325797e-07	29905919
399742	8	2.67505573060637e-07	29905919
399781	2	6.68763932651593e-08	29905919
399804	12	4.01258359590956e-07	29905919
400667	283	9.46300964702004e-06	29905919
400668	21	7.02202129284173e-07	29905919
400673	3	1.00314589897739e-07	29905919
400756	143	4.78166211845889e-06	29905919
401053	8	2.67505573060637e-07	29905919
401473	45	1.50471884846608e-06	29905919
401614	1	3.34381966325797e-08	29905919
402612	821	2.74527594353479e-05	29905919
402626	91	3.04287589356475e-06	29905919
402881	51	1.70534802826156e-06	29905919
402882	13	4.34696556223536e-07	29905919
403677	169	5.65105523090596e-06	29905919
403833	4	1.33752786530319e-07	29905919
404380	13	4.34696556223536e-07	29905919
404589	14	4.68134752856115e-07	29905919
405416	209	6.98858309620915e-06	29905919
405440	13	4.34696556223536e-07	29905919
405441	3	1.00314589897739e-07	29905919
405532	2	6.68763932651593e-08	29905919
405534	1	3.34381966325797e-08	29905919
405535	2	6.68763932651593e-08	29905919
405566	6	2.00629179795478e-07	29905919
405948	37	1.23721327540545e-06	29905919
405955	7477	0.000250017396221798	29905919
406425	19	6.35325736019014e-07	29905919
406817	12	4.01258359590956e-07	29905919
406818	1	3.34381966325797e-08	29905919
407976	10	3.34381966325797e-07	29905919
409438	221	7.3898414558001e-06	29905919
410289	7	2.34067376428058e-07	29905919
410358	24	8.02516719181912e-07	29905919
411154	44	1.4712806518335e-06	29905919
412022	19	6.35325736019014e-07	29905919
412030	12	4.01258359590956e-07	29905919
412133	26	8.69393112447071e-07	29905919
412694	13	4.34696556223536e-07	29905919
412965	1	3.34381966325797e-08	29905919
413404	3	1.00314589897739e-07	29905919
413997	42	1.40440425856835e-06	29905919
413999	28	9.3626950571223e-07	29905919
414684	14	4.68134752856115e-07	29905919
414970	44	1.4712806518335e-06	29905919
416269	3	1.00314589897739e-07	29905919
416276	3	1.00314589897739e-07	29905919
416344	20	6.68763932651593e-07	29905919
416870	18	6.01887539386434e-07	29905919
418127	1	3.34381966325797e-08	29905919
418136	1	3.34381966325797e-08	29905919
419610	42	1.40440425856835e-06	29905919
419947	2	6.68763932651593e-08	29905919
420245	4	1.33752786530319e-07	29905919
420246	9	3.00943769693217e-07	29905919
420247	106	3.54444884305344e-06	29905919
420662	432	1.44453009452744e-05	29905919
420889	2	6.68763932651593e-08	29905919
420890	2	6.68763932651593e-08	29905919
423211	9	3.00943769693217e-07	29905919
423212	1	3.34381966325797e-08	29905919
423368	411	1.37430988159902e-05	29905919
423536	51	1.70534802826156e-06	29905919
424182	12	4.01258359590956e-07	29905919
425011	58	1.93941540468962e-06	29905919
426114	72	2.40755015754574e-06	29905919
426117	45	1.50471884846608e-06	29905919
426355	98	3.27694326999281e-06	29905919
426430	17	5.68449342753854e-07	29905919
428406	127	4.24665097233762e-06	29905919
430066	2	6.68763932651593e-08	29905919
431893	1	3.34381966325797e-08	29905919
431895	18	6.01887539386434e-07	29905919
431943	14	4.68134752856115e-07	29905919
431946	502	1.6785974709555e-05	29905919
431947	13	4.34696556223536e-07	29905919
434131	1	3.34381966325797e-08	29905919
435258	3	1.00314589897739e-07	29905919
435590	4147	0.000138668201435308	29905919
435591	580	1.93941540468962e-05	29905919
435998	13	4.34696556223536e-07	29905919
436308	3	1.00314589897739e-07	29905919
436717	127	4.24665097233762e-06	29905919
438753	32	1.07002229224255e-06	29905919
439235	3	1.00314589897739e-07	29905919
439292	13	4.34696556223536e-07	29905919
439375	40	1.33752786530319e-06	29905919
439843	157	5.24979687131501e-06	29905919
439851	4	1.33752786530319e-07	29905919
439855	1937	6.47697868773068e-05	29905919
440085	29	9.6970770234481e-07	29905919
441375	13	4.34696556223536e-07	29905919
441620	66	2.20692097775026e-06	29905919
441768	121	4.04602179254214e-06	29905919
441771	1	3.34381966325797e-08	29905919
441772	1	3.34381966325797e-08	29905919
442563	6	2.00629179795478e-07	29905919
443143	14	4.68134752856115e-07	29905919
443144	7	2.34067376428058e-07	29905919
443218	9	3.00943769693217e-07	29905919
443254	5	1.67190983162898e-07	29905919
443906	84	2.80880851713669e-06	29905919
444177	16	5.35011146121275e-07	29905919
444178	19	6.35325736019014e-07	29905919
444179	1	3.34381966325797e-08	29905919
444450	158	5.28323506794759e-06	29905919
445932	1	3.34381966325797e-08	29905919
446462	34	1.13689868550771e-06	29905919
446465	26	8.69393112447071e-07	29905919
446466	35	1.17033688214029e-06	29905919
446468	24	8.02516719181912e-07	29905919
446469	50	1.67190983162898e-06	29905919
446470	15	5.01572949488695e-07	29905919
446471	14	4.68134752856115e-07	29905919
447217	14	4.68134752856115e-07	29905919
448385	26	8.69393112447071e-07	29905919
449447	4	1.33752786530319e-07	29905919
450851	64	2.1400445844851e-06	29905919
451516	15	5.01572949488695e-07	29905919
452471	4	1.33752786530319e-07	29905919
452637	29	9.6970770234481e-07	29905919
452638	39	1.30408966867061e-06	29905919
452652	34	1.13689868550771e-06	29905919
452662	72	2.40755015754574e-06	29905919
452863	21	7.02202129284173e-07	29905919
454169	154	5.14948228141727e-06	29905919
455488	11	3.67820162958376e-07	29905919
455632	29	9.6970770234481e-07	29905919
456442	1	3.34381966325797e-08	29905919
456481	4	1.33752786530319e-07	29905919
457425	12	4.01258359590956e-07	29905919
458233	14	4.68134752856115e-07	29905919
458817	2	6.68763932651593e-08	29905919
459349	276	9.22894227059199e-06	29905919
459424	3	1.00314589897739e-07	29905919
460265	40	1.33752786530319e-06	29905919
464988	9	3.00943769693217e-07	29905919
465515	124	4.14633638243988e-06	29905919
465817	6	2.00629179795478e-07	29905919
467705	13	4.34696556223536e-07	29905919
469008	12	4.01258359590956e-07	29905919
469371	17	5.68449342753854e-07	29905919
469378	5	1.67190983162898e-07	29905919
469383	33	1.10346048887513e-06	29905919
469604	6	2.00629179795478e-07	29905919
469607	3	1.00314589897739e-07	29905919
471223	13	4.34696556223536e-07	29905919
471821	1	3.34381966325797e-08	29905919
471852	20	6.68763932651593e-07	29905919
471853	21	7.02202129284173e-07	29905919
471854	19	6.35325736019014e-07	29905919
471855	13	4.34696556223536e-07	29905919
471856	5	1.67190983162898e-07	29905919
471857	15	5.01572949488695e-07	29905919
472759	5	1.67190983162898e-07	29905919
474186	5	1.67190983162898e-07	29905919
476213	1	3.34381966325797e-08	29905919
477641	52	1.73878622489414e-06	29905919
477974	7	2.34067376428058e-07	29905919
478009	1	3.34381966325797e-08	29905919
478433	1	3.34381966325797e-08	29905919
478434	1	3.34381966325797e-08	29905919
478801	37	1.23721327540545e-06	29905919
479431	67	2.24035917438284e-06	29905919
479432	24	8.02516719181912e-07	29905919
479433	21	7.02202129284173e-07	29905919
479434	5	1.67190983162898e-07	29905919
479435	33	1.10346048887513e-06	29905919
479436	24	8.02516719181912e-07	29905919
479437	58	1.93941540468962e-06	29905919
480119	76	2.54130294407605e-06	29905919
480224	3	1.00314589897739e-07	29905919
481448	1	3.34381966325797e-08	29905919
481805	5397	0.000180465947226032	29905919
481877	16	5.35011146121275e-07	29905919
482957	20	6.68763932651593e-07	29905919
483179	6	2.00629179795478e-07	29905919
483219	6	2.00629179795478e-07	29905919
484020	26	8.69393112447071e-07	29905919
484021	100	3.34381966325797e-06	29905919
484022	1	3.34381966325797e-08	29905919
484906	3	1.00314589897739e-07	29905919
485915	2	6.68763932651593e-08	29905919
485917	78	2.60817933734121e-06	29905919
485918	36	1.20377507877287e-06	29905919
486410	7	2.34067376428058e-07	29905919
487213	23	7.69078522549332e-07	29905919
487214	12	4.01258359590956e-07	29905919
487521	10	3.34381966325797e-07	29905919
488221	6	2.00629179795478e-07	29905919
488222	1	3.34381966325797e-08	29905919
488223	3	1.00314589897739e-07	29905919
488538	4	1.33752786530319e-07	29905919
489653	15	5.01572949488695e-07	29905919
491077	1	3.34381966325797e-08	29905919
491915	10	3.34381966325797e-07	29905919
491916	14	4.68134752856115e-07	29905919
491952	2	6.68763932651593e-08	29905919
497978	111	3.71163982621634e-06	29905919
498211	26	8.69393112447071e-07	29905919
498214	1	3.34381966325797e-08	29905919
498216	1	3.34381966325797e-08	29905919
498217	3	1.00314589897739e-07	29905919
498761	13	4.34696556223536e-07	29905919
502025	14	4.68134752856115e-07	29905919
502558	9	3.00943769693217e-07	29905919
502800	6	2.00629179795478e-07	29905919
502801	4	1.33752786530319e-07	29905919
504472	22	7.35640325916752e-07	29905919
504474	71	2.37411196091316e-06	29905919
504728	121	4.04602179254214e-06	29905919
504832	74	2.47442655081089e-06	29905919
505711	2	6.68763932651593e-08	29905919
507522	59	1.9728536013222e-06	29905919
508765	12	4.01258359590956e-07	29905919
508767	14	4.68134752856115e-07	29905919
508771	10	3.34381966325797e-07	29905919
509169	224	7.49015604569784e-06	29905919
509170	130	4.34696556223536e-06	29905919
509173	665	2.22364007606655e-05	29905919
509190	79	2.64161753397379e-06	29905919
510516	37	1.23721327540545e-06	29905919
511062	11	3.67820162958376e-07	29905919
511437	3	1.00314589897739e-07	29905919
511691	3	1.00314589897739e-07	29905919
511995	3	1.00314589897739e-07	29905919
512565	23	7.69078522549332e-07	29905919
512566	25	8.35954915814491e-07	29905919
515619	1661	5.55408446067148e-05	29905919
515620	345	1.153617783824e-05	29905919
515622	20	6.68763932651593e-07	29905919
516950	89	2.97599950029959e-06	29905919
518766	3	1.00314589897739e-07	29905919
519441	3	1.00314589897739e-07	29905919
521006	13	4.34696556223536e-07	29905919
521095	15	5.01572949488695e-07	29905919
521096	15	5.01572949488695e-07	29905919
521097	33	1.10346048887513e-06	29905919
521098	6	2.00629179795478e-07	29905919
521460	1	3.34381966325797e-08	29905919
521674	5	1.67190983162898e-07	29905919
522306	71	2.37411196091316e-06	29905919
522373	141	4.71478572519373e-06	29905919
523791	8	2.67505573060637e-07	29905919
523794	17	5.68449342753854e-07	29905919
523796	6	2.00629179795478e-07	29905919
525146	2	6.68763932651593e-08	29905919
525284	2	6.68763932651593e-08	29905919
525381	65	2.17348278111768e-06	29905919
525897	12	4.01258359590956e-07	29905919
525898	1	3.34381966325797e-08	29905919
525904	5	1.67190983162898e-07	29905919
525909	5	1.67190983162898e-07	29905919
525919	941	3.14653430312575e-05	29905919
526218	8	2.67505573060637e-07	29905919
526222	5	1.67190983162898e-07	29905919
526225	45	1.50471884846608e-06	29905919
526226	56	1.87253901142446e-06	29905919
526227	74	2.47442655081089e-06	29905919
527001	3	1.00314589897739e-07	29905919
527021	1	3.34381966325797e-08	29905919
529120	2	6.68763932651593e-08	29905919
529122	1	3.34381966325797e-08	29905919
529507	5	1.67190983162898e-07	29905919
530564	7	2.34067376428058e-07	29905919
531844	66	2.20692097775026e-06	29905919
535289	799	2.67171191094311e-05	29905919
536019	37	1.23721327540545e-06	29905919
536056	525	1.75550532321043e-05	29905919
536230	3	1.00314589897739e-07	29905919
536232	1	3.34381966325797e-08	29905919
537021	3	1.00314589897739e-07	29905919
537457	14	4.68134752856115e-07	29905919
541229	1	3.34381966325797e-08	29905919
543728	760	2.54130294407605e-05	29905919
543734	6	2.00629179795478e-07	29905919
543891	103	3.4441342531557e-06	29905919
543913	175	5.85168441070144e-06	29905919
544404	43	1.43784245520093e-06	29905919
544556	3	1.00314589897739e-07	29905919
545693	7	2.34067376428058e-07	29905919
545694	3	1.00314589897739e-07	29905919
545695	3	1.00314589897739e-07	29905919
546269	38	1.27065147203803e-06	29905919
546271	8	2.67505573060637e-07	29905919
546342	1	3.34381966325797e-08	29905919
546414	1	3.34381966325797e-08	29905919
548473	10	3.34381966325797e-07	29905919
548476	160	5.35011146121274e-06	29905919
548479	757	2.53127148508628e-05	29905919
550538	4	1.33752786530319e-07	29905919
550540	12	4.01258359590956e-07	29905919
551115	4	1.33752786530319e-07	29905919
551895	4	1.33752786530319e-07	29905919
552526	6	2.00629179795478e-07	29905919
552536	5	1.67190983162898e-07	29905919
552811	2	6.68763932651593e-08	29905919
553174	65	2.17348278111768e-06	29905919
553190	40	1.33752786530319e-06	29905919
553199	2076	6.94176962092354e-05	29905919
553482	10	3.34381966325797e-07	29905919
554290	3	1.00314589897739e-07	29905919
555079	4	1.33752786530319e-07	29905919
555778	10	3.34381966325797e-07	29905919
555970	1	3.34381966325797e-08	29905919
556484	46	1.53815704509866e-06	29905919
557433	9	3.00943769693217e-07	29905919
557436	13	4.34696556223536e-07	29905919
557598	28	9.3626950571223e-07	29905919
557599	5	1.67190983162898e-07	29905919
557600	49	1.6384716349964e-06	29905919
557722	72	2.40755015754574e-06	29905919
557760	25	8.35954915814491e-07	29905919
559292	151	5.04916769151953e-06	29905919
559295	15	5.01572949488695e-07	29905919
559307	21	7.02202129284173e-07	29905919
561229	6	2.00629179795478e-07	29905919
561230	6	2.00629179795478e-07	29905919
561231	6	2.00629179795478e-07	29905919
561276	14	4.68134752856115e-07	29905919
561304	1	3.34381966325797e-08	29905919
561996	1	3.34381966325797e-08	29905919
562019	2	6.68763932651593e-08	29905919
562970	1	3.34381966325797e-08	29905919
563040	4	1.33752786530319e-07	29905919
563178	2	6.68763932651593e-08	29905919
564886	2	6.68763932651593e-08	29905919
565034	1	3.34381966325797e-08	29905919
565040	272	9.09518948406167e-06	29905919
565042	205	6.85483030967883e-06	29905919
565050	48	1.60503343836382e-06	29905919
565575	1	3.34381966325797e-08	29905919
565655	10	3.34381966325797e-07	29905919
566546	58	1.93941540468962e-06	29905919
567106	3	1.00314589897739e-07	29905919
568206	2	6.68763932651593e-08	29905919
568703	1	3.34381966325797e-08	29905919
568704	11	3.67820162958376e-07	29905919
568706	3	1.00314589897739e-07	29905919
568707	27	9.02831309079651e-07	29905919
568813	1	3.34381966325797e-08	29905919
568814	11	3.67820162958376e-07	29905919
568816	43	1.43784245520093e-06	29905919
570417	2	6.68763932651593e-08	29905919
571800	764	2.55467822272909e-05	29905919
572263	1	3.34381966325797e-08	29905919
572265	2	6.68763932651593e-08	29905919
572307	2	6.68763932651593e-08	29905919
572477	27	9.02831309079651e-07	29905919
572479	5	1.67190983162898e-07	29905919
572480	49	1.6384716349964e-06	29905919
572544	4	1.33752786530319e-07	29905919
573059	4	1.33752786530319e-07	29905919
573061	7	2.34067376428058e-07	29905919
573062	5	1.67190983162898e-07	29905919
573065	15	5.01572949488695e-07	29905919
573235	582	1.94610304401614e-05	29905919
573370	9	3.00943769693217e-07	29905919
573729	18	6.01887539386434e-07	29905919
573825	1	3.34381966325797e-08	29905919
573826	7	2.34067376428058e-07	29905919
574093	262	8.76080751773587e-06	29905919
574521	961	3.21341069639091e-05	29905919
575540	12	4.01258359590956e-07	29905919
575614	16	5.35011146121275e-07	29905919
575788	5	1.67190983162898e-07	29905919
576791	2	6.68763932651593e-08	29905919
577650	7	2.34067376428058e-07	29905919
578455	28	9.3626950571223e-07	29905919
578461	1	3.34381966325797e-08	29905919
579112	1	3.34381966325797e-08	29905919
579138	2	6.68763932651593e-08	29905919
579405	5	1.67190983162898e-07	29905919
580050	3	1.00314589897739e-07	29905919
580327	5	1.67190983162898e-07	29905919
580332	55	1.83910081479188e-06	29905919
581103	4	1.33752786530319e-07	29905919
582402	1	3.34381966325797e-08	29905919
582744	22	7.35640325916752e-07	29905919
582899	16	5.35011146121275e-07	29905919
583345	34	1.13689868550771e-06	29905919
583346	8	2.67505573060637e-07	29905919
583355	3	1.00314589897739e-07	29905919
585034	142	4.74822392182631e-06	29905919
585035	448	1.49803120913957e-05	29905919
585054	577	1.92938394569985e-05	29905919
585055	139	4.64790933192857e-06	29905919
585056	797	2.6650242716166e-05	29905919
585057	1746	5.83830913204841e-05	29905919
585143	1	3.34381966325797e-08	29905919
585394	673	2.25039063337261e-05	29905919
585395	328	1.09677284954861e-05	29905919
585396	252	8.42642555141007e-06	29905919
585397	715	2.39083105922945e-05	29905919
588858	1	3.34381966325797e-08	29905919
589865	4	1.33752786530319e-07	29905919
590409	3	1.00314589897739e-07	29905919
590739	2	6.68763932651593e-08	29905919
590998	33	1.10346048887513e-06	29905919
591001	20	6.68763932651593e-07	29905919
591020	14	4.68134752856115e-07	29905919
591167	11	3.67820162958376e-07	29905919
591365	42	1.40440425856835e-06	29905919
591946	454	1.51809412711912e-05	29905919
592022	1	3.34381966325797e-08	29905919
592029	14	4.68134752856115e-07	29905919
592316	2	6.68763932651593e-08	29905919
593588	9	3.00943769693217e-07	29905919
593907	18	6.01887539386434e-07	29905919
595494	58	1.93941540468962e-06	29905919
595495	1235	4.12961728412359e-05	29905919
595496	36	1.20377507877287e-06	29905919
595528	15	5.01572949488695e-07	29905919
595537	609	2.0363861749241e-05	29905919
596153	643	2.15007604347487e-05	29905919
596154	567	1.89594574906727e-05	29905919
600809	1	3.34381966325797e-08	29905919
604162	13	4.34696556223536e-07	29905919
608506	2	6.68763932651593e-08	29905919
610130	119	3.97914539927698e-06	29905919
617121	69	2.307235567648e-06	29905919
622759	12	4.01258359590956e-07	29905919
626418	48	1.60503343836382e-06	29905919
627192	42	1.40440425856835e-06	29905919
627344	2	6.68763932651593e-08	29905919
630588	9	3.00943769693217e-07	29905919
630626	6	2.00629179795478e-07	29905919
632292	2	6.68763932651593e-08	29905919
632335	1	3.34381966325797e-08	29905919
632516	2	6.68763932651593e-08	29905919
632772	64	2.1400445844851e-06	29905919
633135	1	3.34381966325797e-08	29905919
633147	8	2.67505573060637e-07	29905919
633149	89	2.97599950029959e-06	29905919
634176	2	6.68763932651593e-08	29905919
634177	4	1.33752786530319e-07	29905919
634452	3	1.00314589897739e-07	29905919
634456	3	1.00314589897739e-07	29905919
634498	9	3.00943769693217e-07	29905919
634499	3	1.00314589897739e-07	29905919
634500	43	1.43784245520093e-06	29905919
634503	4	1.33752786530319e-07	29905919
634956	5	1.67190983162898e-07	29905919
635013	4	1.33752786530319e-07	29905919
637379	56	1.87253901142446e-06	29905919
637381	1	3.34381966325797e-08	29905919
637386	1	3.34381966325797e-08	29905919
637887	5	1.67190983162898e-07	29905919
637905	3	1.00314589897739e-07	29905919
637909	17	5.68449342753854e-07	29905919
637910	21	7.02202129284173e-07	29905919
639283	49	1.6384716349964e-06	29905919
640081	107	3.57788703968602e-06	29905919
640131	37	1.23721327540545e-06	29905919
640132	5	1.67190983162898e-07	29905919
640510	20	6.68763932651593e-07	29905919
640511	29	9.6970770234481e-07	29905919
640512	21	7.02202129284173e-07	29905919
640513	27	9.02831309079651e-07	29905919
641491	9	3.00943769693217e-07	29905919
642492	19	6.35325736019014e-07	29905919
643561	407	1.36093460294599e-05	29905919
643562	8	2.67505573060637e-07	29905919
643867	16	5.35011146121275e-07	29905919
644042	25	8.35954915814491e-07	29905919
644223	8	2.67505573060637e-07	29905919
644282	8	2.67505573060637e-07	29905919
644283	22	7.35640325916752e-07	29905919
644284	66	2.20692097775026e-06	29905919
644295	1	3.34381966325797e-08	29905919
644801	48	1.60503343836382e-06	29905919
644966	7	2.34067376428058e-07	29905919
645127	31	1.03658409560997e-06	29905919
645462	12	4.01258359590956e-07	29905919
645463	82	2.74193212387153e-06	29905919
645464	12	4.01258359590956e-07	29905919
645991	7	2.34067376428058e-07	29905919
646529	7	2.34067376428058e-07	29905919
648757	12	4.01258359590956e-07	29905919
648999	13	4.34696556223536e-07	29905919
649349	37	1.23721327540545e-06	29905919
649638	2	6.68763932651593e-08	29905919
649639	8	2.67505573060637e-07	29905919
649831	25	8.35954915814491e-07	29905919
650150	19	6.35325736019014e-07	29905919
651182	2	6.68763932651593e-08	29905919
652103	63	2.10660638785252e-06	29905919
653045	20	6.68763932651593e-07	29905919
653733	5	1.67190983162898e-07	29905919
653938	4	1.33752786530319e-07	29905919
655098	1	3.34381966325797e-08	29905919
655815	20	6.68763932651593e-07	29905919
655816	1	3.34381966325797e-08	29905919
655817	36	1.20377507877287e-06	29905919
656024	18	6.01887539386434e-07	29905919
656519	3	1.00314589897739e-07	29905919
657308	48	1.60503343836382e-06	29905919
657309	916	3.0629388115443e-05	29905919
657310	13	4.34696556223536e-07	29905919
657313	912	3.04956353289126e-05	29905919
657314	768	2.56805350138212e-05	29905919
657315	544	1.81903789681233e-05	29905919
657316	189	6.31981916355756e-06	29905919
657317	1256	4.199837497052e-05	29905919
657318	1418	4.7415362824998e-05	29905919
657319	139	4.64790933192857e-06	29905919
657321	741	2.47777037047415e-05	29905919
657322	1132	3.78520385880802e-05	29905919
657323	1191	3.98248921894024e-05	29905919
657324	8	2.67505573060637e-07	29905919
661367	9	3.00943769693217e-07	29905919
661410	29	9.6970770234481e-07	29905919
662598	10	3.34381966325797e-07	29905919
662755	68	2.27379737101542e-06	29905919
663278	38	1.27065147203803e-06	29905919
663917	6	2.00629179795478e-07	29905919
663951	1	3.34381966325797e-08	29905919
663954	13	4.34696556223536e-07	29905919
665029	3	1.00314589897739e-07	29905919
666681	125	4.17977457907246e-06	29905919
666685	40	1.33752786530319e-06	29905919
666686	7	2.34067376428058e-07	29905919
667014	3	1.00314589897739e-07	29905919
667015	151	5.04916769151953e-06	29905919
669502	4	1.33752786530319e-07	29905919
670307	7	2.34067376428058e-07	29905919
670487	1	3.34381966325797e-08	29905919
671143	1	3.34381966325797e-08	29905919
673862	3	1.00314589897739e-07	29905919
675635	30	1.00314589897739e-06	29905919
676032	1	3.34381966325797e-08	29905919
679897	1	3.34381966325797e-08	29905919
679935	202	6.75451571978109e-06	29905919
680198	23	7.69078522549332e-07	29905919
680646	46	1.53815704509866e-06	29905919
681288	1	3.34381966325797e-08	29905919
682634	2	6.68763932651593e-08	29905919
682795	1	3.34381966325797e-08	29905919
683837	4	1.33752786530319e-07	29905919
684738	38	1.27065147203803e-06	29905919
685038	218	7.28952686590237e-06	29905919
685727	36	1.20377507877287e-06	29905919
687345	1	3.34381966325797e-08	29905919
687358	1	3.34381966325797e-08	29905919
688245	297	9.93114439987616e-06	29905919
688270	39	1.30408966867061e-06	29905919
690566	32	1.07002229224255e-06	29905919
690850	8	2.67505573060637e-07	29905919
691437	5	1.67190983162898e-07	29905919
692420	4	1.33752786530319e-07	29905919
693216	5	1.67190983162898e-07	29905919
693444	27	9.02831309079651e-07	29905919
693746	26	8.69393112447071e-07	29905919
693970	10	3.34381966325797e-07	29905919
693973	4	1.33752786530319e-07	29905919
693974	7	2.34067376428058e-07	29905919
693977	6	2.00629179795478e-07	29905919
693978	51	1.70534802826156e-06	29905919
693979	75	2.50786474744347e-06	29905919
693982	8	2.67505573060637e-07	29905919
694427	38	1.27065147203803e-06	29905919
695560	2	6.68763932651593e-08	29905919
696125	3	1.00314589897739e-07	29905919
696127	1	3.34381966325797e-08	29905919
696216	125	4.17977457907246e-06	29905919
696281	2	6.68763932651593e-08	29905919
696406	182	6.0857517871295e-06	29905919
696747	2	6.68763932651593e-08	29905919
696748	1	3.34381966325797e-08	29905919
696749	67	2.24035917438284e-06	29905919
697281	9	3.00943769693217e-07	29905919
697283	4	1.33752786530319e-07	29905919
697284	2	6.68763932651593e-08	29905919
697303	1	3.34381966325797e-08	29905919
697329	57	1.90597720805704e-06	29905919
698737	61	2.03972999458736e-06	29905919
698758	5	1.67190983162898e-07	29905919
698761	7	2.34067376428058e-07	29905919
698936	3	1.00314589897739e-07	29905919
698962	35	1.17033688214029e-06	29905919
698963	1	3.34381966325797e-08	29905919
698964	21	7.02202129284173e-07	29905919
698965	12	4.01258359590956e-07	29905919
698966	6	2.00629179795478e-07	29905919
698967	15	5.01572949488695e-07	29905919
698968	1	3.34381966325797e-08	29905919
698969	6	2.00629179795478e-07	29905919
698970	7	2.34067376428058e-07	29905919
698972	60	2.00629179795478e-06	29905919
698973	12	4.01258359590956e-07	29905919
699032	29	9.6970770234481e-07	29905919
699033	26	8.69393112447071e-07	29905919
699037	38	1.27065147203803e-06	29905919
699246	55	1.83910081479188e-06	29905919
700015	6	2.00629179795478e-07	29905919
700508	11	3.67820162958376e-07	29905919
700598	67	2.24035917438284e-06	29905919
701177	63	2.10660638785252e-06	29905919
701347	15	5.01572949488695e-07	29905919
701521	14	4.68134752856115e-07	29905919
702113	78	2.60817933734121e-06	29905919
702459	58	1.93941540468962e-06	29905919
706191	1	3.34381966325797e-08	29905919
706587	5	1.67190983162898e-07	29905919
707241	6	2.00629179795478e-07	29905919
707757	2	6.68763932651593e-08	29905919
708616	1	3.34381966325797e-08	29905919
709032	7	2.34067376428058e-07	29905919
709986	2	6.68763932651593e-08	29905919
709991	159	5.31667326458017e-06	29905919
710421	20	6.68763932651593e-07	29905919
710685	24	8.02516719181912e-07	29905919
710686	14	4.68134752856115e-07	29905919
710696	37	1.23721327540545e-06	29905919
712898	13	4.34696556223536e-07	29905919
712938	1	3.34381966325797e-08	29905919
712961	17	5.68449342753854e-07	29905919
713604	14	4.68134752856115e-07	29905919
713887	3	1.00314589897739e-07	29905919
714313	10	3.34381966325797e-07	29905919
714962	149	4.98229129825437e-06	29905919
715451	5	1.67190983162898e-07	29905919
716540	1	3.34381966325797e-08	29905919
716541	47	1.57159524173124e-06	29905919
716544	1	3.34381966325797e-08	29905919
717231	2	6.68763932651593e-08	29905919
717605	6	2.00629179795478e-07	29905919
717608	168	5.61761703427338e-06	29905919
717773	7	2.34067376428058e-07	29905919
717774	4	1.33752786530319e-07	29905919
717785	16	5.35011146121275e-07	29905919
717959	170	5.68449342753854e-06	29905919
717960	271	9.06175128742909e-06	29905919
717961	143	4.78166211845889e-06	29905919
717962	579	1.93607158502636e-05	29905919
718251	5	1.67190983162898e-07	29905919
718252	981	3.28028708965606e-05	29905919
718254	16	5.35011146121275e-07	29905919
718255	553	1.84913227378166e-05	29905919
718271	8	2.67505573060637e-07	29905919
718274	192	6.42013375345529e-06	29905919
720554	29	9.6970770234481e-07	29905919
720555	1	3.34381966325797e-08	29905919
722911	78	2.60817933734121e-06	29905919
741091	36	1.20377507877287e-06	29905919
741093	2	6.68763932651593e-08	29905919
742013	752	2.51455238676999e-05	29905919
743299	4	1.33752786530319e-07	29905919
743525	1536	5.13610700276424e-05	29905919
743718	32	1.07002229224255e-06	29905919
743720	75	2.50786474744347e-06	29905919
743721	42	1.40440425856835e-06	29905919
743722	12	4.01258359590956e-07	29905919
743965	2	6.68763932651593e-08	29905919
743973	1	3.34381966325797e-08	29905919
744533	24	8.02516719181912e-07	29905919
744872	3	1.00314589897739e-07	29905919
744985	3	1.00314589897739e-07	29905919
745277	21	7.02202129284173e-07	29905919
745310	78	2.60817933734121e-06	29905919
745776	7	2.34067376428058e-07	29905919
746361	4	1.33752786530319e-07	29905919
746697	38	1.27065147203803e-06	29905919
747365	4	1.33752786530319e-07	29905919
748247	50	1.67190983162898e-06	29905919
748280	76	2.54130294407605e-06	29905919
748449	4	1.33752786530319e-07	29905919
748671	5	1.67190983162898e-07	29905919
748727	8	2.67505573060637e-07	29905919
749219	20	6.68763932651593e-07	29905919
749222	3	1.00314589897739e-07	29905919
749414	11	3.67820162958376e-07	29905919
749927	39	1.30408966867061e-06	29905919
751585	304	1.01652117763042e-05	29905919
751945	118	3.9457072026444e-06	29905919
754035	29	9.6970770234481e-07	29905919
754252	26	8.69393112447071e-07	29905919
754476	14	4.68134752856115e-07	29905919
754477	12	4.01258359590956e-07	29905919
754507	1	3.34381966325797e-08	29905919
755178	6	2.00629179795478e-07	29905919
755731	1	3.34381966325797e-08	29905919
755732	81	2.70849392723895e-06	29905919
756272	10	3.34381966325797e-07	29905919
756499	5	1.67190983162898e-07	29905919
757424	260	8.69393112447071e-06	29905919
757425	6	2.00629179795478e-07	29905919
758793	21	7.02202129284173e-07	29905919
759350	176	5.88512260733402e-06	29905919
759362	7	2.34067376428058e-07	29905919
759913	13	4.34696556223536e-07	29905919
759914	2	6.68763932651593e-08	29905919
760142	2	6.68763932651593e-08	29905919
760154	10	3.34381966325797e-07	29905919
760192	37	1.23721327540545e-06	29905919
760570	14	4.68134752856115e-07	29905919
761193	18	6.01887539386434e-07	29905919
761659	3	1.00314589897739e-07	29905919
762051	3	1.00314589897739e-07	29905919
762376	126	4.21321277570504e-06	29905919
762550	1	3.34381966325797e-08	29905919
762570	4	1.33752786530319e-07	29905919
762633	257	8.59361653457297e-06	29905919
762903	47	1.57159524173124e-06	29905919
762948	12	4.01258359590956e-07	29905919
765698	44	1.4712806518335e-06	29905919
765874	3	1.00314589897739e-07	29905919
765911	8	2.67505573060637e-07	29905919
765912	12	4.01258359590956e-07	29905919
765952	9	3.00943769693217e-07	29905919
766760	2	6.68763932651593e-08	29905919
767029	15	5.01572949488695e-07	29905919
767031	36	1.20377507877287e-06	29905919
767434	13	4.34696556223536e-07	29905919
767453	1	3.34381966325797e-08	29905919
767455	7	2.34067376428058e-07	29905919
767462	4	1.33752786530319e-07	29905919
767463	239	7.99172899518654e-06	29905919
767468	4	1.33752786530319e-07	29905919
767817	2	6.68763932651593e-08	29905919
768065	1	3.34381966325797e-08	29905919
768066	21	7.02202129284173e-07	29905919
768486	4	1.33752786530319e-07	29905919
768490	8	2.67505573060637e-07	29905919
768492	6	2.00629179795478e-07	29905919
768704	3	1.00314589897739e-07	29905919
768706	3	1.00314589897739e-07	29905919
771875	1	3.34381966325797e-08	29905919
797210	1	3.34381966325797e-08	29905919
798128	242	8.09204358508428e-06	29905919
856793	1	3.34381966325797e-08	29905919
857087	11	3.67820162958376e-07	29905919
858619	26	8.69393112447071e-07	29905919
859654	2	6.68763932651593e-08	29905919
859655	61	2.03972999458736e-06	29905919
859656	93	3.10975228682991e-06	29905919
859657	77	2.57474114070863e-06	29905919
860228	13	4.34696556223536e-07	29905919
861208	13	4.34696556223536e-07	29905919
861360	80	2.67505573060637e-06	29905919
862719	26	8.69393112447071e-07	29905919
862751	14	4.68134752856115e-07	29905919
862908	13	4.34696556223536e-07	29905919
862962	266	8.89456030426619e-06	29905919
862964	2	6.68763932651593e-08	29905919
862965	47	1.57159524173124e-06	29905919
862966	40	1.33752786530319e-06	29905919
862967	32	1.07002229224255e-06	29905919
862968	2	6.68763932651593e-08	29905919
862969	77	2.57474114070863e-06	29905919
862970	316	1.05664701358952e-05	29905919
862971	385	1.28737057035432e-05	29905919
865938	9	3.00943769693217e-07	29905919
866536	29	9.6970770234481e-07	29905919
866630	2	6.68763932651593e-08	29905919
866768	2530	8.45986374804265e-05	29905919
866775	202	6.75451571978109e-06	29905919
866777	35	1.17033688214029e-06	29905919
866895	1	3.34381966325797e-08	29905919
867900	21	7.02202129284173e-07	29905919
867902	3	1.00314589897739e-07	29905919
867904	13	4.34696556223536e-07	29905919
868131	6	2.00629179795478e-07	29905919
868132	5	1.67190983162898e-07	29905919
868595	6	2.00629179795478e-07	29905919
868597	60	2.00629179795478e-06	29905919
869209	28	9.3626950571223e-07	29905919
869210	3	1.00314589897739e-07	29905919
869211	1	3.34381966325797e-08	29905919
869212	24	8.02516719181912e-07	29905919
869215	2	6.68763932651593e-08	29905919
869216	1	3.34381966325797e-08	29905919
869309	48	1.60503343836382e-06	29905919
869729	4691	0.000156858580403431	29905919
871585	104	3.47757244978828e-06	29905919
871963	5	1.67190983162898e-07	29905919
875328	10	3.34381966325797e-07	29905919
877468	8	2.67505573060637e-07	29905919
879243	2	6.68763932651593e-08	29905919
880070	9	3.00943769693217e-07	29905919
880071	75	2.50786474744347e-06	29905919
880072	3	1.00314589897739e-07	29905919
880447	2	6.68763932651593e-08	29905919
880591	24	8.02516719181912e-07	29905919
880633	1	3.34381966325797e-08	29905919
880758	82	2.74193212387153e-06	29905919
882378	16	5.35011146121275e-07	29905919
882884	39	1.30408966867061e-06	29905919
883062	61	2.03972999458736e-06	29905919
884204	5	1.67190983162898e-07	29905919
885275	13	4.34696556223536e-07	29905919
885276	139	4.64790933192857e-06	29905919
886293	14	4.68134752856115e-07	29905919
886377	9	3.00943769693217e-07	29905919
886882	1	3.34381966325797e-08	29905919
887061	9	3.00943769693217e-07	29905919
889378	1	3.34381966325797e-08	29905919
889738	58	1.93941540468962e-06	29905919
889932	17	5.68449342753854e-07	29905919
890402	267	8.92799850089877e-06	29905919
891391	12	4.01258359590956e-07	29905919
891398	1	3.34381966325797e-08	29905919
903510	2	6.68763932651593e-08	29905919
903814	23	7.69078522549332e-07	29905919
905079	39	1.30408966867061e-06	29905919
906968	15	5.01572949488695e-07	29905919
907265	2	6.68763932651593e-08	29905919
907269	2	6.68763932651593e-08	29905919
907287	1	3.34381966325797e-08	29905919
908937	20	6.68763932651593e-07	29905919
909420	5	1.67190983162898e-07	29905919
909946	4	1.33752786530319e-07	29905919
909952	163	5.45042605111048e-06	29905919
910348	58	1.93941540468962e-06	29905919
911045	2	6.68763932651593e-08	29905919
914127	2	6.68763932651593e-08	29905919
914149	6	2.00629179795478e-07	29905919
926550	8	2.67505573060637e-07	29905919
926556	12	4.01258359590956e-07	29905919
926562	10	3.34381966325797e-07	29905919
926566	1	3.34381966325797e-08	29905919
926569	6	2.00629179795478e-07	29905919
926570	7	2.34067376428058e-07	29905919
927666	25	8.35954915814491e-07	29905919
927704	17	5.68449342753854e-07	29905919
929102	29	9.6970770234481e-07	29905919
929439	9	3.00943769693217e-07	29905919
929506	1	3.34381966325797e-08	29905919
929556	26	8.69393112447071e-07	29905919
929562	72	2.40755015754574e-06	29905919
930169	19	6.35325736019014e-07	29905919
930170	1	3.34381966325797e-08	29905919
930171	28	9.3626950571223e-07	29905919
930781	1	3.34381966325797e-08	29905919
930944	29	9.6970770234481e-07	29905919
931276	51	1.70534802826156e-06	29905919
931281	28	9.3626950571223e-07	29905919
931626	12	4.01258359590956e-07	29905919
931890	4	1.33752786530319e-07	29905919
932919	2	6.68763932651593e-08	29905919
933093	2	6.68763932651593e-08	29905919
935296	15	5.01572949488695e-07	29905919
935588	2	6.68763932651593e-08	29905919
935589	3	1.00314589897739e-07	29905919
935591	3	1.00314589897739e-07	29905919
935593	8	2.67505573060637e-07	29905919
935599	2	6.68763932651593e-08	29905919
936153	42	1.40440425856835e-06	29905919
936154	4	1.33752786530319e-07	29905919
936157	4	1.33752786530319e-07	29905919
937773	2	6.68763932651593e-08	29905919
937774	6	2.00629179795478e-07	29905919
937777	4	1.33752786530319e-07	29905919
940190	8	2.67505573060637e-07	29905919
940296	7	2.34067376428058e-07	29905919
941193	14	4.68134752856115e-07	29905919
941639	9	3.00943769693217e-07	29905919
942513	5	1.67190983162898e-07	29905919
944168	1	3.34381966325797e-08	29905919
944546	110	3.67820162958376e-06	29905919
944547	187	6.2529427702924e-06	29905919
945021	9	3.00943769693217e-07	29905919
945556	21	7.02202129284173e-07	29905919
945704	21	7.02202129284173e-07	29905919
945712	5	1.67190983162898e-07	29905919
945713	3	1.00314589897739e-07	29905919
946362	11	3.67820162958376e-07	29905919
946483	34	1.13689868550771e-06	29905919
953739	19	6.35325736019014e-07	29905919
956149	4	1.33752786530319e-07	29905919
977880	112	3.74507802284892e-06	29905919
979556	82	2.74193212387153e-06	29905919
980514	10	3.34381966325797e-07	29905919
981222	3	1.00314589897739e-07	29905919
981368	16	5.35011146121275e-07	29905919
981539	2	6.68763932651593e-08	29905919
981540	20	6.68763932651593e-07	29905919
983544	54	1.8056626181593e-06	29905919
983545	3	1.00314589897739e-07	29905919
983548	21	7.02202129284173e-07	29905919
983917	413	1.38099752092554e-05	29905919
984262	19	6.35325736019014e-07	29905919
984892	5	1.67190983162898e-07	29905919
985002	5	1.67190983162898e-07	29905919
985006	2	6.68763932651593e-08	29905919
985665	4	1.33752786530319e-07	29905919
990288	4	1.33752786530319e-07	29905919
990315	141	4.71478572519373e-06	29905919
990316	56	1.87253901142446e-06	29905919
990317	9	3.00943769693217e-07	29905919
991791	11	3.67820162958376e-07	29905919
991905	32	1.07002229224255e-06	29905919
992406	12	4.01258359590956e-07	29905919
993615	2	6.68763932651593e-08	29905919
994476	99	3.31038146662539e-06	29905919
994484	116	3.87883080937924e-06	29905919
996285	45	1.50471884846608e-06	29905919
998088	95	3.17662868009507e-06	29905919
999541	54	1.8056626181593e-06	29905919
999552	21	7.02202129284173e-07	29905919
999953	14	4.68134752856115e-07	29905919
1001585	72	2.40755015754574e-06	29905919
1002672	2	6.68763932651593e-08	29905919
1002804	1	3.34381966325797e-08	29905919
1002809	54	1.8056626181593e-06	29905919
1003195	32	1.07002229224255e-06	29905919
1003201	1	3.34381966325797e-08	29905919
1003202	1	3.34381966325797e-08	29905919
1004786	5	1.67190983162898e-07	29905919
1004787	1	3.34381966325797e-08	29905919
1004788	2	6.68763932651593e-08	29905919
1004951	1	3.34381966325797e-08	29905919
1004952	10	3.34381966325797e-07	29905919
1005041	9	3.00943769693217e-07	29905919
1005042	10	3.34381966325797e-07	29905919
1005048	187	6.2529427702924e-06	29905919
1005057	1	3.34381966325797e-08	29905919
1006007	4	1.33752786530319e-07	29905919
1006543	2	6.68763932651593e-08	29905919
1006551	32	1.07002229224255e-06	29905919
1007064	7	2.34067376428058e-07	29905919
1007105	26	8.69393112447071e-07	29905919
1008459	2	6.68763932651593e-08	29905919
1009464	3	1.00314589897739e-07	29905919
1009846	28	9.3626950571223e-07	29905919
1016998	12	4.01258359590956e-07	29905919
1017264	12	4.01258359590956e-07	29905919
1028307	13	4.34696556223536e-07	29905919
1029718	1	3.34381966325797e-08	29905919
1029756	16	5.35011146121275e-07	29905919
1030843	3	1.00314589897739e-07	29905919
1031709	101	3.37725785989055e-06	29905919
1031710	24	8.02516719181912e-07	29905919
1031711	52	1.73878622489414e-06	29905919
1032480	23	7.69078522549332e-07	29905919
1033813	330	1.10346048887513e-05	29905919
1033837	4	1.33752786530319e-07	29905919
1034807	452	1.5114064877926e-05	29905919
1034809	58	1.93941540468962e-06	29905919
1035817	96	3.21006687672765e-06	29905919
1036172	85	2.84224671376927e-06	29905919
1036672	22	7.35640325916752e-07	29905919
1036673	2	6.68763932651593e-08	29905919
1036743	9	3.00943769693217e-07	29905919
1037409	100	3.34381966325797e-06	29905919
1037911	540	1.8056626181593e-05	29905919
1041504	1	3.34381966325797e-08	29905919
1041826	187	6.2529427702924e-06	29905919
1042156	82	2.74193212387153e-06	29905919
1042876	65	2.17348278111768e-06	29905919
1042878	73	2.44098835417832e-06	29905919
1045854	3	1.00314589897739e-07	29905919
1045855	57	1.90597720805704e-06	29905919
1045856	5	1.67190983162898e-07	29905919
1045858	6	2.00629179795478e-07	29905919
1046624	4	1.33752786530319e-07	29905919
1046629	165	5.51730244437564e-06	29905919
1048260	2	6.68763932651593e-08	29905919
1048332	142	4.74822392182631e-06	29905919
1048689	44	1.4712806518335e-06	29905919
1049565	27	9.02831309079651e-07	29905919
1051072	9	3.00943769693217e-07	29905919
1051074	56	1.87253901142446e-06	29905919
1052585	2	6.68763932651593e-08	29905919
1053648	1	3.34381966325797e-08	29905919
1054460	27	9.02831309079651e-07	29905919
1064535	63	2.10660638785252e-06	29905919
1064539	24	8.02516719181912e-07	29905919
1064592	8	2.67505573060637e-07	29905919
1069533	37	1.23721327540545e-06	29905919
1069534	8	2.67505573060637e-07	29905919
1069642	2	6.68763932651593e-08	29905919
1071378	7	2.34067376428058e-07	29905919
1071381	13	4.34696556223536e-07	29905919
1071382	13	4.34696556223536e-07	29905919
1071400	4	1.33752786530319e-07	29905919
1072459	334	1.11683576752816e-05	29905919
1072467	2	6.68763932651593e-08	29905919
1074485	1	3.34381966325797e-08	29905919
1074889	1	3.34381966325797e-08	29905919
1074919	4	1.33752786530319e-07	29905919
1075089	24	8.02516719181912e-07	29905919
1075399	2	6.68763932651593e-08	29905919
1076934	34	1.13689868550771e-06	29905919
1080228	5	1.67190983162898e-07	29905919
1081093	4	1.33752786530319e-07	29905919
1081094	1	3.34381966325797e-08	29905919
1082931	12	4.01258359590956e-07	29905919
1085623	2	6.68763932651593e-08	29905919
1087448	2	6.68763932651593e-08	29905919
1087451	1	3.34381966325797e-08	29905919
1088720	11	3.67820162958376e-07	29905919
1089456	109	3.64476343295118e-06	29905919
1089553	7	2.34067376428058e-07	29905919
1090974	1	3.34381966325797e-08	29905919
1091041	1	3.34381966325797e-08	29905919
1091045	825	2.75865122218782e-05	29905919
1091494	7	2.34067376428058e-07	29905919
1093141	46	1.53815704509866e-06	29905919
1093787	32	1.07002229224255e-06	29905919
1094466	173	5.78480801743628e-06	29905919
1095774	1	3.34381966325797e-08	29905919
1096995	4	1.33752786530319e-07	29905919
1096996	57	1.90597720805704e-06	29905919
1096997	1	3.34381966325797e-08	29905919
1097668	37	1.23721327540545e-06	29905919
1097677	32	1.07002229224255e-06	29905919
1100841	2	6.68763932651593e-08	29905919
1104320	3	1.00314589897739e-07	29905919
1104321	1	3.34381966325797e-08	29905919
1104322	31	1.03658409560997e-06	29905919
1104325	24	8.02516719181912e-07	29905919
1104326	10	3.34381966325797e-07	29905919
1105098	1	3.34381966325797e-08	29905919
1105099	1	3.34381966325797e-08	29905919
1105104	2	6.68763932651593e-08	29905919
1105107	2	6.68763932651593e-08	29905919
1105108	1	3.34381966325797e-08	29905919
1105110	4	1.33752786530319e-07	29905919
1105112	1	3.34381966325797e-08	29905919
1105114	1	3.34381966325797e-08	29905919
1107880	3	1.00314589897739e-07	29905919
1110502	19	6.35325736019014e-07	29905919
1111068	7	2.34067376428058e-07	29905919
1111069	168	5.61761703427338e-06	29905919
1111678	14	4.68134752856115e-07	29905919
1112204	12	4.01258359590956e-07	29905919
1114958	4	1.33752786530319e-07	29905919
1114965	19	6.35325736019014e-07	29905919
1114966	35	1.17033688214029e-06	29905919
1114967	232	7.75766161875848e-06	29905919
1114969	1991	6.65754494954661e-05	29905919
1114970	131	4.38040375886794e-06	29905919
1116211	1	3.34381966325797e-08	29905919
1116231	32	1.07002229224255e-06	29905919
1116375	1	3.34381966325797e-08	29905919
1117647	8	2.67505573060637e-07	29905919
1117943	19	6.35325736019014e-07	29905919
1118959	1	3.34381966325797e-08	29905919
1118963	41	1.37096606193577e-06	29905919
1120755	2	6.68763932651593e-08	29905919
1121335	14	4.68134752856115e-07	29905919
1121353	39	1.30408966867061e-06	29905919
1121362	40	1.33752786530319e-06	29905919
1121448	3	1.00314589897739e-07	29905919
1121451	9	3.00943769693217e-07	29905919
1123519	31	1.03658409560997e-06	29905919
1123523	5	1.67190983162898e-07	29905919
1123863	3	1.00314589897739e-07	29905919
1124936	19	6.35325736019014e-07	29905919
1124983	114	3.81195441611408e-06	29905919
1124991	2	6.68763932651593e-08	29905919
1125630	61	2.03972999458736e-06	29905919
1127134	14	4.68134752856115e-07	29905919
1127744	2	6.68763932651593e-08	29905919
1128398	9	3.00943769693217e-07	29905919
1129794	1	3.34381966325797e-08	29905919
1130804	1	3.34381966325797e-08	29905919
1131462	2	6.68763932651593e-08	29905919
1132507	4	1.33752786530319e-07	29905919
1133568	1	3.34381966325797e-08	29905919
1133592	2	6.68763932651593e-08	29905919
1133849	17	5.68449342753854e-07	29905919
1133850	23	7.69078522549332e-07	29905919
1133852	200	6.68763932651593e-06	29905919
1133853	527	1.76219296253695e-05	29905919
1134454	1055	3.52772974473715e-05	29905919
1134782	31	1.03658409560997e-06	29905919
1136179	6042	0.000202033584054046	29905919
1137651	7	2.34067376428058e-07	29905919
1138308	6	2.00629179795478e-07	29905919
1138382	6	2.00629179795478e-07	29905919
1138383	10	3.34381966325797e-07	29905919
1138871	4	1.33752786530319e-07	29905919
1142394	1	3.34381966325797e-08	29905919
1144275	16	5.35011146121275e-07	29905919
1146883	35	1.17033688214029e-06	29905919
1147128	2	6.68763932651593e-08	29905919
1147129	3	1.00314589897739e-07	29905919
1150469	12	4.01258359590956e-07	29905919
1151116	17	5.68449342753854e-07	29905919
1155084	1	3.34381966325797e-08	29905919
1155766	47	1.57159524173124e-06	29905919
1156431	20	6.68763932651593e-07	29905919
1156433	18	6.01887539386434e-07	29905919
1156913	12	4.01258359590956e-07	29905919
1159200	1	3.34381966325797e-08	29905919
1160717	1	3.34381966325797e-08	29905919
1161918	2	6.68763932651593e-08	29905919
1162668	1	3.34381966325797e-08	29905919
1163389	2	6.68763932651593e-08	29905919
1163399	79	2.64161753397379e-06	29905919
1163617	47	1.57159524173124e-06	29905919
1163748	10	3.34381966325797e-07	29905919
1166016	3	1.00314589897739e-07	29905919
1166018	6	2.00629179795478e-07	29905919
1166130	4	1.33752786530319e-07	29905919
1167006	6	2.00629179795478e-07	29905919
1167634	131	4.38040375886794e-06	29905919
1168287	3	1.00314589897739e-07	29905919
1170318	182	6.0857517871295e-06	29905919
1170562	3	1.00314589897739e-07	29905919
1171373	23	7.69078522549332e-07	29905919
1171376	24	8.02516719181912e-07	29905919
1171377	2	6.68763932651593e-08	29905919
1173020	68	2.27379737101542e-06	29905919
1173022	6	2.00629179795478e-07	29905919
1173025	2	6.68763932651593e-08	29905919
1173026	9	3.00943769693217e-07	29905919
1173027	2	6.68763932651593e-08	29905919
1173263	2	6.68763932651593e-08	29905919
1173427	3	1.00314589897739e-07	29905919
1174529	1	3.34381966325797e-08	29905919
1179773	16	5.35011146121275e-07	29905919
1183438	2	6.68763932651593e-08	29905919
1184267	13	4.34696556223536e-07	29905919
1185652	14	4.68134752856115e-07	29905919
1186051	1	3.34381966325797e-08	29905919
1187956	65	2.17348278111768e-06	29905919
1191061	72	2.40755015754574e-06	29905919
1191523	2	6.68763932651593e-08	29905919
1192196	2	6.68763932651593e-08	29905919
1193292	78	2.60817933734121e-06	29905919
1193576	2	6.68763932651593e-08	29905919
1194526	12	4.01258359590956e-07	29905919
1195464	2	6.68763932651593e-08	29905919
1196325	34	1.13689868550771e-06	29905919
1196835	49	1.6384716349964e-06	29905919
1197719	2	6.68763932651593e-08	29905919
1198114	8	2.67505573060637e-07	29905919
1198232	6	2.00629179795478e-07	29905919
1198627	15	5.01572949488695e-07	29905919
1198676	1	3.34381966325797e-08	29905919
1199187	10	3.34381966325797e-07	29905919
1199245	2	6.68763932651593e-08	29905919
1200352	11	3.67820162958376e-07	29905919
1201294	4	1.33752786530319e-07	29905919
1202536	1	3.34381966325797e-08	29905919
1202537	1	3.34381966325797e-08	29905919
1202538	2	6.68763932651593e-08	29905919
1202539	1	3.34381966325797e-08	29905919
1202772	11	3.67820162958376e-07	29905919
1203460	16	5.35011146121275e-07	29905919
1203670	9	3.00943769693217e-07	29905919
1204414	60	2.00629179795478e-06	29905919
1205674	2	6.68763932651593e-08	29905919
1205676	1	3.34381966325797e-08	29905919
1205677	2	6.68763932651593e-08	29905919
1205910	18	6.01887539386434e-07	29905919
1206105	19	6.35325736019014e-07	29905919
1207075	144	4.81510031509147e-06	29905919
1208658	18	6.01887539386434e-07	29905919
1208660	14	4.68134752856115e-07	29905919
1208918	2	6.68763932651593e-08	29905919
1208919	3	1.00314589897739e-07	29905919
1208920	4	1.33752786530319e-07	29905919
1208921	2	6.68763932651593e-08	29905919
1208923	8	2.67505573060637e-07	29905919
1209989	4	1.33752786530319e-07	29905919
1211025	10	3.34381966325797e-07	29905919
1211579	48	1.60503343836382e-06	29905919
1211705	1	3.34381966325797e-08	29905919
1214101	16	5.35011146121275e-07	29905919
1214242	8	2.67505573060637e-07	29905919
1215088	120	4.01258359590956e-06	29905919
1215343	1	3.34381966325797e-08	29905919
1216976	99	3.31038146662539e-06	29905919
1217984	4	1.33752786530319e-07	29905919
1218175	4	1.33752786530319e-07	29905919
1218933	1	3.34381966325797e-08	29905919
1220533	1	3.34381966325797e-08	29905919
1224163	32	1.07002229224255e-06	29905919
1224746	5	1.67190983162898e-07	29905919
1228997	6	2.00629179795478e-07	29905919
1229205	13	4.34696556223536e-07	29905919
1229512	1	3.34381966325797e-08	29905919
1229758	6	2.00629179795478e-07	29905919
1229908	1	3.34381966325797e-08	29905919
1229909	1	3.34381966325797e-08	29905919
1230587	1	3.34381966325797e-08	29905919
1231072	7	2.34067376428058e-07	29905919
1231626	1	3.34381966325797e-08	29905919
1232381	23	7.69078522549332e-07	29905919
1232383	2	6.68763932651593e-08	29905919
1232724	1	3.34381966325797e-08	29905919
1233873	2	6.68763932651593e-08	29905919
1234380	31	1.03658409560997e-06	29905919
1234679	101	3.37725785989055e-06	29905919
1235461	1	3.34381966325797e-08	29905919
1235990	1	3.34381966325797e-08	29905919
1236903	8	2.67505573060637e-07	29905919
1236908	1	3.34381966325797e-08	29905919
1241583	4	1.33752786530319e-07	29905919
1244085	7	2.34067376428058e-07	29905919
1245469	61	2.03972999458736e-06	29905919
1245471	118	3.9457072026444e-06	29905919
1246301	466	1.55821996307821e-05	29905919
1246365	15	5.01572949488695e-07	29905919
1246995	18	6.01887539386434e-07	29905919
1247189	2	6.68763932651593e-08	29905919
1249480	13	4.34696556223536e-07	29905919
1249531	2	6.68763932651593e-08	29905919
1249634	8	2.67505573060637e-07	29905919
1249661	12	4.01258359590956e-07	29905919
1254432	18	6.01887539386434e-07	29905919
1254439	9	3.00943769693217e-07	29905919
1255043	15	5.01572949488695e-07	29905919
1257118	1	3.34381966325797e-08	29905919
1260251	5	1.67190983162898e-07	29905919
1260292	1	3.34381966325797e-08	29905919
1261557	7	2.34067376428058e-07	29905919
1262161	2	6.68763932651593e-08	29905919
1262456	77	2.57474114070863e-06	29905919
1265601	10	3.34381966325797e-07	29905919
1266738	1	3.34381966325797e-08	29905919
1266845	98	3.27694326999281e-06	29905919
1267577	5	1.67190983162898e-07	29905919
1267753	8	2.67505573060637e-07	29905919
1267754	34	1.13689868550771e-06	29905919
1271752	2	6.68763932651593e-08	29905919
1271862	6	2.00629179795478e-07	29905919
1271863	6	2.00629179795478e-07	29905919
1271864	7	2.34067376428058e-07	29905919
1273173	4	1.33752786530319e-07	29905919
1274814	93	3.10975228682991e-06	29905919
1276220	1	3.34381966325797e-08	29905919
1276221	2	6.68763932651593e-08	29905919
1276282	5	1.67190983162898e-07	29905919
1276647	1	3.34381966325797e-08	29905919
1278073	17	5.68449342753854e-07	29905919
1279007	1	3.34381966325797e-08	29905919
1279008	3	1.00314589897739e-07	29905919
1279365	1	3.34381966325797e-08	29905919
1280938	5	1.67190983162898e-07	29905919
1282356	285	9.5298860402852e-06	29905919
1283330	1	3.34381966325797e-08	29905919
1283331	28	9.3626950571223e-07	29905919
1284663	2	6.68763932651593e-08	29905919
1286170	40	1.33752786530319e-06	29905919
1286640	2	6.68763932651593e-08	29905919
1288122	3	1.00314589897739e-07	29905919
1288394	108	3.6113252363186e-06	29905919
1290427	1	3.34381966325797e-08	29905919
1290428	1	3.34381966325797e-08	29905919
1294143	77	2.57474114070863e-06	29905919
1295009	1	3.34381966325797e-08	29905919
1295826	2	6.68763932651593e-08	29905919
1297582	2	6.68763932651593e-08	29905919
1298593	3	1.00314589897739e-07	29905919
1298917	3	1.00314589897739e-07	29905919
1300150	2	6.68763932651593e-08	29905919
1300253	2	6.68763932651593e-08	29905919
1300254	3	1.00314589897739e-07	29905919
1300255	1	3.34381966325797e-08	29905919
1300256	3	1.00314589897739e-07	29905919
1300257	3	1.00314589897739e-07	29905919
1300258	1	3.34381966325797e-08	29905919
1302863	18	6.01887539386434e-07	29905919
1303024	4	1.33752786530319e-07	29905919
1303518	2	6.68763932651593e-08	29905919
1303692	9	3.00943769693217e-07	29905919
1304892	4	1.33752786530319e-07	29905919
1305849	17	5.68449342753854e-07	29905919
1309806	3	1.00314589897739e-07	29905919
1309807	1	3.34381966325797e-08	29905919
1310161	18	6.01887539386434e-07	29905919
1313172	37	1.23721327540545e-06	29905919
1316444	2	6.68763932651593e-08	29905919
1318615	296	9.89770620324358e-06	29905919
1318633	1	3.34381966325797e-08	29905919
1321369	1	3.34381966325797e-08	29905919
1321370	8	2.67505573060637e-07	29905919
1322246	4	1.33752786530319e-07	29905919
1323661	1	3.34381966325797e-08	29905919
1327988	3	1.00314589897739e-07	29905919
1328306	11	3.67820162958376e-07	29905919
1331671	72	2.40755015754574e-06	29905919
1332188	10	3.34381966325797e-07	29905919
1335307	4	1.33752786530319e-07	29905919
1335757	5	1.67190983162898e-07	29905919
1335916	10	3.34381966325797e-07	29905919
1340495	6	2.00629179795478e-07	29905919
1340847	10	3.34381966325797e-07	29905919
1340851	16	5.35011146121275e-07	29905919
1341692	5	1.67190983162898e-07	29905919
1343740	11	3.67820162958376e-07	29905919
1345695	21	7.02202129284173e-07	29905919
1345697	1	3.34381966325797e-08	29905919
1346614	8	2.67505573060637e-07	29905919
1348660	5	1.67190983162898e-07	29905919
1348662	6	2.00629179795478e-07	29905919
1355100	161	5.38354965784532e-06	29905919
1356861	2	6.68763932651593e-08	29905919
1367477	6	2.00629179795478e-07	29905919
1367847	22	7.35640325916752e-07	29905919
1379702	31	1.03658409560997e-06	29905919
1380774	33	1.10346048887513e-06	29905919
1380908	92	3.07631409019733e-06	29905919
1382700	73	2.44098835417832e-06	29905919
1383068	1	3.34381966325797e-08	29905919
1384484	18	6.01887539386434e-07	29905919
1385727	1	3.34381966325797e-08	29905919
1389489	29	9.6970770234481e-07	29905919
1394709	5	1.67190983162898e-07	29905919
1394711	5	1.67190983162898e-07	29905919
1394889	1	3.34381966325797e-08	29905919
1399116	3	1.00314589897739e-07	29905919
1400867	27	9.02831309079651e-07	29905919
1401659	8	2.67505573060637e-07	29905919
1408186	1	3.34381966325797e-08	29905919
1408206	6	2.00629179795478e-07	29905919
1408272	11	3.67820162958376e-07	29905919
1412898	1	3.34381966325797e-08	29905919
1415629	6	2.00629179795478e-07	29905919
1415630	688	2.30054792832148e-05	29905919
1415784	3	1.00314589897739e-07	29905919
1416914	40	1.33752786530319e-06	29905919
1423144	8	2.67505573060637e-07	29905919
1427342	35	1.17033688214029e-06	29905919
1430440	8	2.67505573060637e-07	29905919
1435044	27	9.02831309079651e-07	29905919
1435058	8	2.67505573060637e-07	29905919
1435356	36	1.20377507877287e-06	29905919
1436140	110	3.67820162958376e-06	29905919
