Tax.ID	Frequency	Proportion	Total
1511	11	4.08606910828117e-07	26920739
2110	1	3.71460828025561e-08	26920739
2787	2	7.42921656051121e-08	26920739
2829	4	1.48584331210224e-07	26920739
2839	4	1.48584331210224e-07	26920739
2850	12	4.45752993630673e-07	26920739
2903	2	7.42921656051121e-08	26920739
4770	1	3.71460828025561e-08	26920739
5786	4	1.48584331210224e-07	26920739
5851	1	3.71460828025561e-08	26920739
5872	1	3.71460828025561e-08	26920739
5911	2	7.42921656051121e-08	26920739
5932	2	7.42921656051121e-08	26920739
10678	145	5.38618200637063e-06	26920739
10679	375	1.39297810509585e-05	26920739
10680	2868	0.000106534965477731	26920739
10690	1	3.71460828025561e-08	26920739
10710	62	2.30305713375848e-06	26920739
10742	1	3.71460828025561e-08	26920739
28173	4	1.48584331210224e-07	26920739
31271	29	1.07723640127413e-06	26920739
31537	1	3.71460828025561e-08	26920739
31964	8	2.97168662420448e-07	26920739
35128	10	3.7146082802556e-07	26920739
35688	3	1.11438248407668e-07	26920739
37554	1	3.71460828025561e-08	26920739
37692	1	3.71460828025561e-08	26920739
40041	20	7.42921656051121e-07	26920739
45406	8	2.97168662420448e-07	26920739
48483	1	3.71460828025561e-08	26920739
52970	2	7.42921656051121e-08	26920739
55529	2	7.42921656051121e-08	26920739
55884	246	9.13793636942879e-06	26920739
60480	1	3.71460828025561e-08	26920739
60481	984	3.65517454777152e-05	26920739
62928	7	2.60022579617892e-07	26920739
62977	9	3.34314745223004e-07	26920739
64186	1	3.71460828025561e-08	26920739
64471	2	7.42921656051121e-08	26920739
65071	1	3.71460828025561e-08	26920739
66692	4	1.48584331210224e-07	26920739
69328	3	1.11438248407668e-07	26920739
71421	12	4.45752993630673e-07	26920739
72638	1	3.71460828025561e-08	26920739
75379	3	1.11438248407668e-07	26920739
76114	2	7.42921656051121e-08	26920739
76869	4	1.48584331210224e-07	26920739
78245	5	1.8573041401278e-07	26920739
83406	1	3.71460828025561e-08	26920739
85569	1	3.71460828025561e-08	26920739
85643	5	1.8573041401278e-07	26920739
88149	1	3.71460828025561e-08	26920739
90410	1	3.71460828025561e-08	26920739
94122	1346	4.99986274522404e-05	26920739
96563	1	3.71460828025561e-08	26920739
99287	328	1.21839151592384e-05	26920739
100226	1	3.71460828025561e-08	26920739
101510	18	6.68629490446009e-07	26920739
103807	6	2.22876496815336e-07	26920739
107806	3	1.11438248407668e-07	26920739
109269	1	3.71460828025561e-08	26920739
114615	2	7.42921656051121e-08	26920739
115713	1	3.71460828025561e-08	26920739
122587	3	1.11438248407668e-07	26920739
134676	2	7.42921656051121e-08	26920739
137722	1	3.71460828025561e-08	26920739
138119	4	1.48584331210224e-07	26920739
155148	2	7.42921656051121e-08	26920739
155864	37681	0.00139970154608311	26920739
156889	3	1.11438248407668e-07	26920739
157239	2	7.42921656051121e-08	26920739
158190	4	1.48584331210224e-07	26920739
159087	2	7.42921656051121e-08	26920739
160488	3	1.11438248407668e-07	26920739
160490	3	1.11438248407668e-07	26920739
160491	4	1.48584331210224e-07	26920739
160619	4	1.48584331210224e-07	26920739
164756	43	1.59728156050991e-06	26920739
170187	27	1.00294423566901e-06	26920739
171101	121	4.49467601910928e-06	26920739
176279	66	2.4516414649687e-06	26920739
176280	73	2.71166404458659e-06	26920739
177437	2	7.42921656051121e-08	26920739
179408	8	2.97168662420448e-07	26920739
180816	17	6.31483407643453e-07	26920739
186103	2	7.42921656051121e-08	26920739
187272	16	5.94337324840897e-07	26920739
187303	1	3.71460828025561e-08	26920739
187410	93	3.45458570063771e-06	26920739
189423	27	1.00294423566901e-06	26920739
189918	1	3.71460828025561e-08	26920739
190304	9	3.34314745223004e-07	26920739
190485	7	2.60022579617892e-07	26920739
190486	1	3.71460828025561e-08	26920739
190650	4	1.48584331210224e-07	26920739
192952	1	3.71460828025561e-08	26920739
195102	3	1.11438248407668e-07	26920739
195103	45	1.67157372611502e-06	26920739
196162	17	6.31483407643453e-07	26920739
196164	11	4.08606910828117e-07	26920739
196242	416	1.54527704458633e-05	26920739
198214	2702	0.000100368715732506	26920739
198215	9884	0.000367151882420464	26920739
198628	29	1.07723640127413e-06	26920739
198804	2	7.42921656051121e-08	26920739
199310	6340	0.000235506164968205	26920739
203119	1	3.71460828025561e-08	26920739
203123	3	1.11438248407668e-07	26920739
203275	12	4.45752993630673e-07	26920739
203907	2	7.42921656051121e-08	26920739
204536	1	3.71460828025561e-08	26920739
204669	1	3.71460828025561e-08	26920739
204773	3	1.11438248407668e-07	26920739
205913	140	5.20045159235785e-06	26920739
205914	426	1.58242312738889e-05	26920739
205918	4	1.48584331210224e-07	26920739
205921	2	7.42921656051121e-08	26920739
205922	15	5.57191242038341e-07	26920739
206672	2	7.42921656051121e-08	26920739
207559	4	1.48584331210224e-07	26920739
208435	4	1.48584331210224e-07	26920739
208596	3	1.11438248407668e-07	26920739
208963	38	1.41155114649713e-06	26920739
208964	18	6.68629490446009e-07	26920739
209261	7277	0.0002703120445542	26920739
210007	3	1.11438248407668e-07	26920739
211110	2	7.42921656051121e-08	26920739
213810	1	3.71460828025561e-08	26920739
214092	4257	0.000158130874490481	26920739
214684	2	7.42921656051121e-08	26920739
215689	2	7.42921656051121e-08	26920739
216432	1	3.71460828025561e-08	26920739
216591	1	3.71460828025561e-08	26920739
216592	20396	0.000757631504840933	26920739
216594	1	3.71460828025561e-08	26920739
216595	46	1.70871980891758e-06	26920739
216596	9	3.34314745223004e-07	26920739
216597	159	5.90622716560641e-06	26920739
216599	19077	0.000708635821624362	26920739
218491	25	9.28652070063901e-07	26920739
218493	24	8.91505987261345e-07	26920739
218495	5	1.8573041401278e-07	26920739
220341	6821	0.000253373430796235	26920739
220664	6	2.22876496815336e-07	26920739
220668	3	1.11438248407668e-07	26920739
221029	1	3.71460828025561e-08	26920739
221109	4	1.48584331210224e-07	26920739
221988	1	3.71460828025561e-08	26920739
223283	7	2.60022579617892e-07	26920739
223926	1	3.71460828025561e-08	26920739
224308	1	3.71460828025561e-08	26920739
224911	8	2.97168662420448e-07	26920739
224914	1	3.71460828025561e-08	26920739
224915	2	7.42921656051121e-08	26920739
225937	1	3.71460828025561e-08	26920739
226185	119	4.42038385350417e-06	26920739
226186	1768	6.56742743949191e-05	26920739
227940	3311	0.000122990680159263	26920739
227941	1	3.71460828025561e-08	26920739
228400	32	1.18867464968179e-06	26920739
228405	2	7.42921656051121e-08	26920739
228410	1	3.71460828025561e-08	26920739
229193	2	7.42921656051121e-08	26920739
229533	1	3.71460828025561e-08	26920739
231023	1	3.71460828025561e-08	26920739
232721	69	2.56307971337637e-06	26920739
234267	17	6.31483407643453e-07	26920739
234621	285	1.05866335987285e-05	26920739
243159	2	7.42921656051121e-08	26920739
243233	2	7.42921656051121e-08	26920739
243243	7	2.60022579617892e-07	26920739
243265	3	1.11438248407668e-07	26920739
243272	68	2.52593363057381e-06	26920739
243273	4	1.48584331210224e-07	26920739
243277	3	1.11438248407668e-07	26920739
243365	3	1.11438248407668e-07	26920739
245014	24	8.91505987261345e-07	26920739
245018	33	1.22582073248435e-06	26920739
246194	2	7.42921656051121e-08	26920739
246196	2	7.42921656051121e-08	26920739
246197	3	1.11438248407668e-07	26920739
246198	12	4.45752993630673e-07	26920739
257309	1	3.71460828025561e-08	26920739
257310	8	2.97168662420448e-07	26920739
257311	2	7.42921656051121e-08	26920739
257313	3	1.11438248407668e-07	26920739
257314	110	4.08606910828117e-06	26920739
258594	2	7.42921656051121e-08	26920739
259536	26	9.65798152866457e-07	26920739
261292	9	3.34314745223004e-07	26920739
261317	1	3.71460828025561e-08	26920739
262543	3	1.11438248407668e-07	26920739
262723	2	7.42921656051121e-08	26920739
262724	4	1.48584331210224e-07	26920739
262727	8	2.97168662420448e-07	26920739
262728	29	1.07723640127413e-06	26920739
263358	1	3.71460828025561e-08	26920739
264198	3	1.11438248407668e-07	26920739
264199	5	1.8573041401278e-07	26920739
264462	4	1.48584331210224e-07	26920739
264730	6	2.22876496815336e-07	26920739
264731	6	2.22876496815336e-07	26920739
265072	2	7.42921656051121e-08	26920739
265311	3	1.11438248407668e-07	26920739
266117	2	7.42921656051121e-08	26920739
266264	6	2.22876496815336e-07	26920739
266265	1	3.71460828025561e-08	26920739
266779	33	1.22582073248435e-06	26920739
266835	1	3.71460828025561e-08	26920739
266940	2	7.42921656051121e-08	26920739
267608	6	2.22876496815336e-07	26920739
267747	5	1.8573041401278e-07	26920739
267748	1	3.71460828025561e-08	26920739
269482	5	1.8573041401278e-07	26920739
269798	18	6.68629490446009e-07	26920739
269800	2	7.42921656051121e-08	26920739
271848	3	1.11438248407668e-07	26920739
272559	3	1.11438248407668e-07	26920739
272561	1	3.71460828025561e-08	26920739
272562	1	3.71460828025561e-08	26920739
272563	110	4.08606910828117e-06	26920739
272568	5	1.8573041401278e-07	26920739
272620	8343	0.000309909768821725	26920739
272621	357	1.32611515605125e-05	26920739
272622	20	7.42921656051121e-07	26920739
272623	4	1.48584331210224e-07	26920739
272624	1	3.71460828025561e-08	26920739
272626	21	7.80067738853677e-07	26920739
272630	1	3.71460828025561e-08	26920739
272632	8	2.97168662420448e-07	26920739
272633	133	4.94042901273996e-06	26920739
272634	2	7.42921656051121e-08	26920739
272635	3	1.11438248407668e-07	26920739
272831	9	3.34314745223004e-07	26920739
272843	1	3.71460828025561e-08	26920739
272942	1	3.71460828025561e-08	26920739
273119	5184	0.000192565293248451	26920739
273123	1	3.71460828025561e-08	26920739
278197	60	2.22876496815336e-06	26920739
279238	3	1.11438248407668e-07	26920739
279808	6	2.22876496815336e-07	26920739
280463	6	2.22876496815336e-07	26920739
281090	4	1.48584331210224e-07	26920739
281310	11	4.08606910828117e-07	26920739
284592	1	3.71460828025561e-08	26920739
284593	1	3.71460828025561e-08	26920739
286636	3	1.11438248407668e-07	26920739
288000	3	1.11438248407668e-07	26920739
288705	7	2.60022579617892e-07	26920739
289380	4	1.48584331210224e-07	26920739
289397	14	5.20045159235785e-07	26920739
290338	8641	0.000320979301496887	26920739
290339	3568	0.00013253722343952	26920739
290340	5	1.8573041401278e-07	26920739
290398	3	1.11438248407668e-07	26920739
290399	29	1.07723640127413e-06	26920739
290402	2	7.42921656051121e-08	26920739
291112	30	1.11438248407668e-06	26920739
291272	1	3.71460828025561e-08	26920739
291331	1	3.71460828025561e-08	26920739
292415	1	3.71460828025561e-08	26920739
292459	1	3.71460828025561e-08	26920739
292563	1	3.71460828025561e-08	26920739
293826	2	7.42921656051121e-08	26920739
294381	2	7.42921656051121e-08	26920739
295319	30	1.11438248407668e-06	26920739
295405	40	1.48584331210224e-06	26920739
296543	9	3.34314745223004e-07	26920739
296591	30	1.11438248407668e-06	26920739
298653	1	3.71460828025561e-08	26920739
298654	2	7.42921656051121e-08	26920739
299768	5	1.8573041401278e-07	26920739
300267	5520	0.000205046377070109	26920739
300268	4425	0.000164371416401311	26920739
300269	4250	0.000157870851910863	26920739
300852	3	1.11438248407668e-07	26920739
306537	9	3.34314745223004e-07	26920739
309798	5	1.8573041401278e-07	26920739
311402	4	1.48584331210224e-07	26920739
311403	1	3.71460828025561e-08	26920739
311424	1	3.71460828025561e-08	26920739
312153	2	7.42921656051121e-08	26920739
313595	1	3.71460828025561e-08	26920739
313596	1	3.71460828025561e-08	26920739
313598	2	7.42921656051121e-08	26920739
314225	1	3.71460828025561e-08	26920739
314315	5	1.8573041401278e-07	26920739
314565	6	2.22876496815336e-07	26920739
315730	3	1.11438248407668e-07	26920739
315749	2	7.42921656051121e-08	26920739
315750	6	2.22876496815336e-07	26920739
316055	3	1.11438248407668e-07	26920739
316056	5	1.8573041401278e-07	26920739
316057	7	2.60022579617892e-07	26920739
316058	5	1.8573041401278e-07	26920739
316385	243421	0.009042136621881	26920739
316401	10194	0.000378667168089256	26920739
316407	9371	0.000348095941942753	26920739
317025	2	7.42921656051121e-08	26920739
317655	2	7.42921656051121e-08	26920739
318167	7	2.60022579617892e-07	26920739
318586	2	7.42921656051121e-08	26920739
319224	211	7.83782347133933e-06	26920739
319701	9	3.34314745223004e-07	26920739
319795	18	6.68629490446009e-07	26920739
320373	1	3.71460828025561e-08	26920739
320388	2	7.42921656051121e-08	26920739
321314	489	1.81644344904499e-05	26920739
321956	214	7.949261719747e-06	26920739
321967	122	4.53182210191184e-06	26920739
322159	99	3.67746219745305e-06	26920739
322710	2	7.42921656051121e-08	26920739
323097	2	7.42921656051121e-08	26920739
323850	1	3.71460828025561e-08	26920739
324057	9	3.34314745223004e-07	26920739
324831	1540	5.72049675159363e-05	26920739
325240	1	3.71460828025561e-08	26920739
326297	4	1.48584331210224e-07	26920739
326424	6	2.22876496815336e-07	26920739
326425	63	2.34020321656103e-06	26920739
326426	7	2.60022579617892e-07	26920739
329864	4	1.48584331210224e-07	26920739
330214	22	8.17213821656233e-07	26920739
331111	265597	0.00986588815411048	26920739
331112	212803	0.00790479785863234	26920739
331113	1	3.71460828025561e-08	26920739
331271	4	1.48584331210224e-07	26920739
331272	1	3.71460828025561e-08	26920739
331635	1	3.71460828025561e-08	26920739
333765	260	9.65798152866457e-06	26920739
333849	10	3.7146082802556e-07	26920739
334380	1	3.71460828025561e-08	26920739
334390	9	3.34314745223004e-07	26920739
334413	123	4.56896818471439e-06	26920739
335283	4	1.48584331210224e-07	26920739
335284	26	9.65798152866457e-07	26920739
335541	5	1.8573041401278e-07	26920739
335659	4	1.48584331210224e-07	26920739
337191	2	7.42921656051121e-08	26920739
338187	1	3.71460828025561e-08	26920739
338966	5	1.8573041401278e-07	26920739
338969	13	4.82899076433229e-07	26920739
339670	26	9.65798152866457e-07	26920739
339671	5	1.8573041401278e-07	26920739
339860	2	7.42921656051121e-08	26920739
340100	5	1.8573041401278e-07	26920739
340322	4	1.48584331210224e-07	26920739
342108	2	7.42921656051121e-08	26920739
342610	48	1.78301197452269e-06	26920739
343509	44	1.63442764331247e-06	26920739
343516	42	1.56013547770735e-06	26920739
344609	115226	0.00428019453700732	26920739
345073	4	1.48584331210224e-07	26920739
345219	3	1.11438248407668e-07	26920739
347253	334	1.24067916560537e-05	26920739
347256	2104	7.81553582165779e-05	26920739
347257	9	3.34314745223004e-07	26920739
347328	1	3.71460828025561e-08	26920739
347834	1	3.71460828025561e-08	26920739
348058	3	1.11438248407668e-07	26920739
349101	1	3.71460828025561e-08	26920739
349102	1	3.71460828025561e-08	26920739
349106	11	4.08606910828117e-07	26920739
349124	2	7.42921656051121e-08	26920739
349163	2	7.42921656051121e-08	26920739
349519	1	3.71460828025561e-08	26920739
349520	12	4.45752993630673e-07	26920739
349741	1	3.71460828025561e-08	26920739
349746	264	9.8065658598748e-06	26920739
349747	1	3.71460828025561e-08	26920739
350054	1	3.71460828025561e-08	26920739
350058	2	7.42921656051121e-08	26920739
350688	4	1.48584331210224e-07	26920739
351348	7	2.60022579617892e-07	26920739
351605	2	7.42921656051121e-08	26920739
351607	1	3.71460828025561e-08	26920739
351627	1	3.71460828025561e-08	26920739
351745	18	6.68629490446009e-07	26920739
351746	6	2.22876496815336e-07	26920739
352914	5	1.8573041401278e-07	26920739
353153	4	1.48584331210224e-07	26920739
355276	4	1.48584331210224e-07	26920739
355277	4	1.48584331210224e-07	26920739
357244	1	3.71460828025561e-08	26920739
357348	2	7.42921656051121e-08	26920739
357544	14	5.20045159235785e-07	26920739
357808	3	1.11438248407668e-07	26920739
357809	12	4.45752993630673e-07	26920739
358220	80	2.97168662420448e-06	26920739
358681	1	3.71460828025561e-08	26920739
359786	7	2.60022579617892e-07	26920739
360094	1	3.71460828025561e-08	26920739
360102	13555	0.000503515152388647	26920739
360104	2	7.42921656051121e-08	26920739
360107	25	9.28652070063901e-07	26920739
360910	1	3.71460828025561e-08	26920739
360911	2	7.42921656051121e-08	26920739
362242	1	3.71460828025561e-08	26920739
362663	179576	0.00667054496535181	26920739
362948	75	2.7859562101917e-06	26920739
364106	4287	0.000159245256974558	26920739
365044	96	3.56602394904538e-06	26920739
365046	32	1.18867464968179e-06	26920739
365659	246	9.13793636942879e-06	26920739
366602	3	1.11438248407668e-07	26920739
367737	19	7.05775573248565e-07	26920739
367775	4	1.48584331210224e-07	26920739
367928	137	5.08901334395018e-06	26920739
369723	2	7.42921656051121e-08	26920739
370354	1443	5.36017974840884e-05	26920739
370553	2	7.42921656051121e-08	26920739
370554	10	3.7146082802556e-07	26920739
372461	8	2.97168662420448e-07	26920739
373153	189	7.02060964968309e-06	26920739
373384	312188	0.0115965612979644	26920739
374833	1	3.71460828025561e-08	26920739
374930	20	7.42921656051121e-07	26920739
374931	18	6.68629490446009e-07	26920739
375286	4	1.48584331210224e-07	26920739
376686	42	1.56013547770735e-06	26920739
376758	1	3.71460828025561e-08	26920739
377628	1232	4.57639740127491e-05	26920739
377629	2	7.42921656051121e-08	26920739
378753	2	7.42921656051121e-08	26920739
379329	309	1.14781395859898e-05	26920739
379731	9	3.34314745223004e-07	26920739
380358	1	3.71460828025561e-08	26920739
380394	7	2.60022579617892e-07	26920739
380703	46	1.70871980891758e-06	26920739
381666	5	1.8573041401278e-07	26920739
381754	1103	4.09721293312193e-05	26920739
382245	2507	9.3125229586008e-05	26920739
383407	2	7.42921656051121e-08	26920739
384676	77	2.86024837579682e-06	26920739
385025	2	7.42921656051121e-08	26920739
386043	14	5.20045159235785e-07	26920739
386415	4	1.48584331210224e-07	26920739
386585	111146	0.0041286385191729	26920739
386656	1284	4.7695570318482e-05	26920739
387344	39	1.44869722929969e-06	26920739
388919	58	2.15447280254825e-06	26920739
390235	5	1.8573041401278e-07	26920739
390333	659	2.44792685668844e-05	26920739
391008	2	7.42921656051121e-08	26920739
391037	1	3.71460828025561e-08	26920739
391165	1	3.71460828025561e-08	26920739
391295	28	1.04009031847157e-06	26920739
391296	25	9.28652070063901e-07	26920739
391616	1	3.71460828025561e-08	26920739
391735	15	5.57191242038341e-07	26920739
391774	1	3.71460828025561e-08	26920739
391904	65	2.41449538216614e-06	26920739
392499	464	1.7235782420386e-05	26920739
392500	3	1.11438248407668e-07	26920739
393011	58	2.15447280254825e-06	26920739
393115	1	3.71460828025561e-08	26920739
393305	672	2.49621676433177e-05	26920739
393595	3	1.11438248407668e-07	26920739
394221	2	7.42921656051121e-08	26920739
394503	1	3.71460828025561e-08	26920739
395019	12	4.45752993630673e-07	26920739
395494	2	7.42921656051121e-08	26920739
395495	22	8.17213821656233e-07	26920739
395960	3	1.11438248407668e-07	26920739
395963	7	2.60022579617892e-07	26920739
395965	1	3.71460828025561e-08	26920739
396588	2	7.42921656051121e-08	26920739
397945	28	1.04009031847157e-06	26920739
398527	1	3.71460828025561e-08	26920739
398578	56	2.08018063694314e-06	26920739
398767	1	3.71460828025561e-08	26920739
398839	2	7.42921656051121e-08	26920739
399185	1	3.71460828025561e-08	26920739
399726	1	3.71460828025561e-08	26920739
399739	6	2.22876496815336e-07	26920739
399741	15	5.57191242038341e-07	26920739
399742	355	1.31868593949074e-05	26920739
399781	1	3.71460828025561e-08	26920739
400667	556	2.06532220382212e-05	26920739
400668	7	2.60022579617892e-07	26920739
400756	5	1.8573041401278e-07	26920739
401053	1	3.71460828025561e-08	26920739
401473	29	1.07723640127413e-06	26920739
402612	27	1.00294423566901e-06	26920739
402626	5	1.8573041401278e-07	26920739
402881	5	1.8573041401278e-07	26920739
403677	3	1.11438248407668e-07	26920739
403833	1	3.71460828025561e-08	26920739
404380	1	3.71460828025561e-08	26920739
404589	3	1.11438248407668e-07	26920739
405416	19	7.05775573248565e-07	26920739
405440	2	7.42921656051121e-08	26920739
405532	1	3.71460828025561e-08	26920739
405566	150	5.57191242038341e-06	26920739
405948	4	1.48584331210224e-07	26920739
405955	145280	0.00539658290955534	26920739
406817	5	1.8573041401278e-07	26920739
407976	2	7.42921656051121e-08	26920739
409438	31984	0.00118808031235695	26920739
410289	3	1.11438248407668e-07	26920739
411154	3	1.11438248407668e-07	26920739
412022	1	3.71460828025561e-08	26920739
412133	5	1.8573041401278e-07	26920739
412694	16	5.94337324840897e-07	26920739
413949	1	3.71460828025561e-08	26920739
413997	11021	0.00040938697856697	26920739
413999	2	7.42921656051121e-08	26920739
414684	1	3.71460828025561e-08	26920739
414970	648	2.40706616560563e-05	26920739
416269	25	9.28652070063901e-07	26920739
416344	2	7.42921656051121e-08	26920739
416870	3	1.11438248407668e-07	26920739
418127	2	7.42921656051121e-08	26920739
418136	1	3.71460828025561e-08	26920739
419610	2	7.42921656051121e-08	26920739
420245	21	7.80067738853677e-07	26920739
420246	4	1.48584331210224e-07	26920739
420247	5	1.8573041401278e-07	26920739
420662	11	4.08606910828117e-07	26920739
420889	3	1.11438248407668e-07	26920739
420890	2	7.42921656051121e-08	26920739
423368	8428	0.000313067185859942	26920739
423536	27	1.00294423566901e-06	26920739
425011	74	2.74881012738915e-06	26920739
426114	1	3.71460828025561e-08	26920739
426117	3	1.11438248407668e-07	26920739
426355	3	1.11438248407668e-07	26920739
426430	12	4.45752993630673e-07	26920739
428406	8	2.97168662420448e-07	26920739
429009	1	3.71460828025561e-08	26920739
431943	1	3.71460828025561e-08	26920739
431946	18260	0.000678287471974674	26920739
435590	169	6.27768799363197e-06	26920739
435591	60	2.22876496815336e-06	26920739
435998	16	5.94337324840897e-07	26920739
436717	3	1.11438248407668e-07	26920739
439292	2	7.42921656051121e-08	26920739
439375	1	3.71460828025561e-08	26920739
439843	5018	0.000186399043503226	26920739
439851	178	6.61200273885498e-06	26920739
439855	95086	0.00353207242936384	26920739
440085	3	1.11438248407668e-07	26920739
441375	3	1.11438248407668e-07	26920739
441620	3	1.11438248407668e-07	26920739
441768	3	1.11438248407668e-07	26920739
441771	1	3.71460828025561e-08	26920739
442563	28	1.04009031847157e-06	26920739
443143	1	3.71460828025561e-08	26920739
443144	1	3.71460828025561e-08	26920739
443906	6	2.22876496815336e-07	26920739
444177	9	3.34314745223004e-07	26920739
444450	9585	0.0003560452036625	26920739
446465	5	1.8573041401278e-07	26920739
446466	4	1.48584331210224e-07	26920739
446468	2	7.42921656051121e-08	26920739
446469	9	3.34314745223004e-07	26920739
446470	1	3.71460828025561e-08	26920739
446471	4	1.48584331210224e-07	26920739
447217	2	7.42921656051121e-08	26920739
449447	1	3.71460828025561e-08	26920739
450851	2	7.42921656051121e-08	26920739
451515	1	3.71460828025561e-08	26920739
451516	3	1.11438248407668e-07	26920739
452637	2	7.42921656051121e-08	26920739
452652	1	3.71460828025561e-08	26920739
452662	7	2.60022579617892e-07	26920739
452863	3	1.11438248407668e-07	26920739
454166	12	4.45752993630673e-07	26920739
454169	2052	7.6223761910845e-05	26920739
455488	2	7.42921656051121e-08	26920739
456481	2	7.42921656051121e-08	26920739
457425	3	1.11438248407668e-07	26920739
457570	1	3.71460828025561e-08	26920739
458233	3	1.11438248407668e-07	26920739
459349	7	2.60022579617892e-07	26920739
460265	1	3.71460828025561e-08	26920739
462590	1	3.71460828025561e-08	26920739
465515	515	1.91302326433164e-05	26920739
465817	11	4.08606910828117e-07	26920739
467705	34	1.26296681528691e-06	26920739
469008	3394	0.000126073805031875	26920739
469378	6	2.22876496815336e-07	26920739
469604	4	1.48584331210224e-07	26920739
469607	7	2.60022579617892e-07	26920739
471853	6	2.22876496815336e-07	26920739
471855	2	7.42921656051121e-08	26920739
471856	2	7.42921656051121e-08	26920739
471857	1	3.71460828025561e-08	26920739
474186	42	1.56013547770735e-06	26920739
476213	201	7.46636264331377e-06	26920739
477641	2	7.42921656051121e-08	26920739
477974	1	3.71460828025561e-08	26920739
478801	28	1.04009031847157e-06	26920739
479431	5	1.8573041401278e-07	26920739
479432	1	3.71460828025561e-08	26920739
479433	1	3.71460828025561e-08	26920739
479435	5	1.8573041401278e-07	26920739
479436	84	3.12027095541471e-06	26920739
479437	7	2.60022579617892e-07	26920739
480119	1173	4.35723551273982e-05	26920739
481743	3	1.11438248407668e-07	26920739
481805	507543	0.0188532343038577	26920739
481877	58	2.15447280254825e-06	26920739
484020	3	1.11438248407668e-07	26920739
484021	537	1.99474464649726e-05	26920739
484906	1	3.71460828025561e-08	26920739
485917	7	2.60022579617892e-07	26920739
485918	2	7.42921656051121e-08	26920739
486410	6	2.22876496815336e-07	26920739
487213	120	4.45752993630673e-06	26920739
487214	61	2.26591105095592e-06	26920739
488221	12	4.45752993630673e-07	26920739
488222	10	3.7146082802556e-07	26920739
488223	16	5.94337324840897e-07	26920739
489779	5	1.8573041401278e-07	26920739
491077	2	7.42921656051121e-08	26920739
491915	1	3.71460828025561e-08	26920739
491916	2	7.42921656051121e-08	26920739
491952	1	3.71460828025561e-08	26920739
497978	7	2.60022579617892e-07	26920739
498211	13	4.82899076433229e-07	26920739
498216	7	2.60022579617892e-07	26920739
498217	196	7.28063222930099e-06	26920739
498761	1	3.71460828025561e-08	26920739
502025	1	3.71460828025561e-08	26920739
502558	1	3.71460828025561e-08	26920739
502800	3	1.11438248407668e-07	26920739
502801	65	2.41449538216614e-06	26920739
504474	13	4.82899076433229e-07	26920739
504728	8	2.97168662420448e-07	26920739
504832	10	3.7146082802556e-07	26920739
505682	1498	5.5644832038229e-05	26920739
507522	1446	5.3713235732496e-05	26920739
508765	2	7.42921656051121e-08	26920739
508767	9	3.34314745223004e-07	26920739
508771	2	7.42921656051121e-08	26920739
509169	5	1.8573041401278e-07	26920739
509170	9	3.34314745223004e-07	26920739
509173	2905	0.000107909370541425	26920739
509190	1	3.71460828025561e-08	26920739
510516	3	1.11438248407668e-07	26920739
511062	7	2.60022579617892e-07	26920739
511437	20	7.42921656051121e-07	26920739
511691	4	1.48584331210224e-07	26920739
512564	10	3.7146082802556e-07	26920739
512565	2	7.42921656051121e-08	26920739
512566	27	1.00294423566901e-06	26920739
515618	2	7.42921656051121e-08	26920739
515619	58	2.15447280254825e-06	26920739
515620	12	4.45752993630673e-07	26920739
515622	1	3.71460828025561e-08	26920739
516950	95	3.52887786624283e-06	26920739
519441	6	2.22876496815336e-07	26920739
521045	2	7.42921656051121e-08	26920739
521095	7	2.60022579617892e-07	26920739
521097	1	3.71460828025561e-08	26920739
521098	2	7.42921656051121e-08	26920739
521674	1	3.71460828025561e-08	26920739
522306	9	3.34314745223004e-07	26920739
522373	6	2.22876496815336e-07	26920739
522772	1	3.71460828025561e-08	26920739
523791	2	7.42921656051121e-08	26920739
523794	1	3.71460828025561e-08	26920739
523796	1	3.71460828025561e-08	26920739
525284	43292	0.00160812821668826	26920739
525381	110	4.08606910828117e-06	26920739
525903	1	3.71460828025561e-08	26920739
525919	169	6.27768799363197e-06	26920739
526225	7	2.60022579617892e-07	26920739
526226	8	2.97168662420448e-07	26920739
526227	2	7.42921656051121e-08	26920739
527001	681	2.52964823885407e-05	26920739
529507	23	8.54359904458789e-07	26920739
531844	5	1.8573041401278e-07	26920739
535289	63	2.34020321656103e-06	26920739
536019	2	7.42921656051121e-08	26920739
536056	171226	0.00636037517395046	26920739
536230	2	7.42921656051121e-08	26920739
543728	44	1.63442764331247e-06	26920739
543891	878	3.26142607006442e-05	26920739
543913	12	4.45752993630673e-07	26920739
544404	1578	5.86165186624335e-05	26920739
544556	5	1.8573041401278e-07	26920739
545695	1	3.71460828025561e-08	26920739
546269	10	3.7146082802556e-07	26920739
546414	3	1.11438248407668e-07	26920739
547048	1	3.71460828025561e-08	26920739
548473	5	1.8573041401278e-07	26920739
548476	3	1.11438248407668e-07	26920739
548479	74	2.74881012738915e-06	26920739
550537	12	4.45752993630673e-07	26920739
550538	112	4.16036127388628e-06	26920739
550540	3	1.11438248407668e-07	26920739
552526	11	4.08606910828117e-07	26920739
553174	28	1.04009031847157e-06	26920739
553190	21539	0.000800089477484255	26920739
553199	62	2.30305713375848e-06	26920739
553482	10	3.7146082802556e-07	26920739
554290	105	3.90033869426839e-06	26920739
555778	3	1.11438248407668e-07	26920739
556484	4	1.48584331210224e-07	26920739
557433	21	7.80067738853677e-07	26920739
557436	34	1.26296681528691e-06	26920739
557598	22	8.17213821656233e-07	26920739
557600	1	3.71460828025561e-08	26920739
557722	6	2.22876496815336e-07	26920739
557723	3	1.11438248407668e-07	26920739
559292	9	3.34314745223004e-07	26920739
561229	12	4.45752993630673e-07	26920739
561230	8	2.97168662420448e-07	26920739
561231	17	6.31483407643453e-07	26920739
561276	42	1.56013547770735e-06	26920739
562970	1	3.71460828025561e-08	26920739
563178	1	3.71460828025561e-08	26920739
563769	80	2.97168662420448e-06	26920739
564886	635	2.35877625796231e-05	26920739
565040	7	2.60022579617892e-07	26920739
565042	6	2.22876496815336e-07	26920739
565050	4	1.48584331210224e-07	26920739
565575	11909	0.00044237270009564	26920739
565655	1	3.71460828025561e-08	26920739
566546	6810	0.000252964823885407	26920739
568206	1	3.71460828025561e-08	26920739
568703	11	4.08606910828117e-07	26920739
568704	19	7.05775573248565e-07	26920739
568706	1	3.71460828025561e-08	26920739
568707	6	2.22876496815336e-07	26920739
568708	3	1.11438248407668e-07	26920739
568813	1	3.71460828025561e-08	26920739
568814	3	1.11438248407668e-07	26920739
568817	1	3.71460828025561e-08	26920739
570417	1	3.71460828025561e-08	26920739
571800	34	1.26296681528691e-06	26920739
572265	3	1.11438248407668e-07	26920739
572307	1	3.71460828025561e-08	26920739
572477	2	7.42921656051121e-08	26920739
572480	3	1.11438248407668e-07	26920739
572544	8	2.97168662420448e-07	26920739
572547	3	1.11438248407668e-07	26920739
573062	1	3.71460828025561e-08	26920739
573065	3	1.11438248407668e-07	26920739
573235	19984	0.00074232731872628	26920739
573413	1	3.71460828025561e-08	26920739
573729	1	3.71460828025561e-08	26920739
574093	38	1.41155114649713e-06	26920739
574521	12508	0.000464623203694371	26920739
575614	30	1.11438248407668e-06	26920739
577650	1	3.71460828025561e-08	26920739
578455	2	7.42921656051121e-08	26920739
578461	30	1.11438248407668e-06	26920739
579112	2	7.42921656051121e-08	26920739
579405	12	4.45752993630673e-07	26920739
580050	4	1.48584331210224e-07	26920739
580332	1	3.71460828025561e-08	26920739
583345	2	7.42921656051121e-08	26920739
583346	1	3.71460828025561e-08	26920739
585034	7297	0.000271054966210252	26920739
585035	21113	0.000784265246210366	26920739
585054	20446	0.000759488808981061	26920739
585055	25344	0.000941430322547981	26920739
585056	43336	0.00160976264433157	26920739
585057	58520	0.00217378876560558	26920739
585394	31	1.15152856687924e-06	26920739
585395	15567	0.00057825307098739	26920739
585396	15870	0.000589508334076565	26920739
585397	9516	0.000353482123949123	26920739
588858	3	1.11438248407668e-07	26920739
590409	6	2.22876496815336e-07	26920739
590998	2	7.42921656051121e-08	26920739
591001	8	2.97168662420448e-07	26920739
591020	3981	0.000147878555636976	26920739
591167	1	3.71460828025561e-08	26920739
591365	76	2.82310229299426e-06	26920739
591946	3866	0.000143606756114682	26920739
592029	1	3.71460828025561e-08	26920739
592316	7	2.60022579617892e-07	26920739
593588	2	7.42921656051121e-08	26920739
593907	3	1.11438248407668e-07	26920739
595494	9	3.34314745223004e-07	26920739
595495	88039	0.00327030398385423	26920739
595496	83203	0.00309066552742107	26920739
595528	2	7.42921656051121e-08	26920739
595537	34	1.26296681528691e-06	26920739
596153	30	1.11438248407668e-06	26920739
596154	20	7.42921656051121e-07	26920739
604162	1	3.71460828025561e-08	26920739
617121	95	3.52887786624283e-06	26920739
626418	2	7.42921656051121e-08	26920739
627192	6	2.22876496815336e-07	26920739
630626	156	5.79478891719874e-06	26920739
632772	1	3.71460828025561e-08	26920739
633147	3	1.11438248407668e-07	26920739
633149	3	1.11438248407668e-07	26920739
633699	764	2.83796072611528e-05	26920739
634176	29	1.07723640127413e-06	26920739
634452	1	3.71460828025561e-08	26920739
634499	35	1.30011289808946e-06	26920739
634500	11	4.08606910828117e-07	26920739
634503	4	1.48584331210224e-07	26920739
637379	6	2.22876496815336e-07	26920739
637385	1	3.71460828025561e-08	26920739
637387	1	3.71460828025561e-08	26920739
637905	2	7.42921656051121e-08	26920739
637910	5254	0.00019516551904463	26920739
639283	1	3.71460828025561e-08	26920739
640081	8	2.97168662420448e-07	26920739
640131	393	1.45984105414045e-05	26920739
640132	1	3.71460828025561e-08	26920739
640511	2	7.42921656051121e-08	26920739
640512	1	3.71460828025561e-08	26920739
640513	27	1.00294423566901e-06	26920739
642492	5	1.8573041401278e-07	26920739
643561	20	7.42921656051121e-07	26920739
643867	1	3.71460828025561e-08	26920739
644007	1	3.71460828025561e-08	26920739
644042	16	5.94337324840897e-07	26920739
644283	2	7.42921656051121e-08	26920739
644284	6	2.22876496815336e-07	26920739
644651	9	3.34314745223004e-07	26920739
644801	3	1.11438248407668e-07	26920739
645127	4	1.48584331210224e-07	26920739
645462	6	2.22876496815336e-07	26920739
645463	43	1.59728156050991e-06	26920739
645991	8	2.97168662420448e-07	26920739
649639	3	1.11438248407668e-07	26920739
650150	2	7.42921656051121e-08	26920739
652103	2	7.42921656051121e-08	26920739
655817	7585	0.000281753038057388	26920739
656024	1	3.71460828025561e-08	26920739
656519	1	3.71460828025561e-08	26920739
657308	4	1.48584331210224e-07	26920739
657309	946	3.5140194331218e-05	26920739
657310	40	1.48584331210224e-06	26920739
657313	42	1.56013547770735e-06	26920739
657314	29	1.07723640127413e-06	26920739
657315	24	8.91505987261345e-07	26920739
657316	11	4.08606910828117e-07	26920739
657317	35	1.30011289808946e-06	26920739
657318	46	1.70871980891758e-06	26920739
657319	15	5.57191242038341e-07	26920739
657321	38	1.41155114649713e-06	26920739
657322	58	2.15447280254825e-06	26920739
657323	53	1.96874238853547e-06	26920739
661367	1	3.71460828025561e-08	26920739
661410	1	3.71460828025561e-08	26920739
662755	3	1.11438248407668e-07	26920739
663241	1	3.71460828025561e-08	26920739
663917	2	7.42921656051121e-08	26920739
663918	1	3.71460828025561e-08	26920739
663954	22	8.17213821656233e-07	26920739
665029	8	2.97168662420448e-07	26920739
666681	3	1.11438248407668e-07	26920739
666685	2	7.42921656051121e-08	26920739
666686	4	1.48584331210224e-07	26920739
667015	33	1.22582073248435e-06	26920739
668336	4	1.48584331210224e-07	26920739
673832	1	3.71460828025561e-08	26920739
673837	1	3.71460828025561e-08	26920739
675635	2	7.42921656051121e-08	26920739
676032	1	3.71460828025561e-08	26920739
679935	18	6.68629490446009e-07	26920739
680646	10	3.7146082802556e-07	26920739
682634	3	1.11438248407668e-07	26920739
684738	1	3.71460828025561e-08	26920739
685038	1940	7.20634006369587e-05	26920739
685727	1	3.71460828025561e-08	26920739
688245	13	4.82899076433229e-07	26920739
690566	3	1.11438248407668e-07	26920739
693216	336	1.24810838216588e-05	26920739
693444	307	1.14038474203847e-05	26920739
693745	12	4.45752993630673e-07	26920739
693746	1	3.71460828025561e-08	26920739
693970	1	3.71460828025561e-08	26920739
693974	1	3.71460828025561e-08	26920739
693978	2	7.42921656051121e-08	26920739
693979	16	5.94337324840897e-07	26920739
694427	5	1.8573041401278e-07	26920739
694569	8	2.97168662420448e-07	26920739
695560	43	1.59728156050991e-06	26920739
695562	3	1.11438248407668e-07	26920739
696216	158	5.86908108280386e-06	26920739
696406	9237	0.00034311836684721	26920739
696748	5	1.8573041401278e-07	26920739
696749	38	1.41155114649713e-06	26920739
697283	7	2.60022579617892e-07	26920739
698737	4	1.48584331210224e-07	26920739
698761	1	3.71460828025561e-08	26920739
698962	3	1.11438248407668e-07	26920739
698963	2	7.42921656051121e-08	26920739
698964	2	7.42921656051121e-08	26920739
698965	4	1.48584331210224e-07	26920739
698972	4	1.48584331210224e-07	26920739
698973	1	3.71460828025561e-08	26920739
699032	12	4.45752993630673e-07	26920739
699033	38	1.41155114649713e-06	26920739
699037	14	5.20045159235785e-07	26920739
699246	344	1.27782524840793e-05	26920739
700508	2	7.42921656051121e-08	26920739
700598	1	3.71460828025561e-08	26920739
701177	3263	0.00012120766818474	26920739
701347	267	9.91800410828247e-06	26920739
701521	9	3.34314745223004e-07	26920739
702113	2	7.42921656051121e-08	26920739
702459	30	1.11438248407668e-06	26920739
703613	5	1.8573041401278e-07	26920739
706191	9	3.34314745223004e-07	26920739
708616	82	3.0459787898096e-06	26920739
709986	2	7.42921656051121e-08	26920739
709991	24	8.91505987261345e-07	26920739
710127	23	8.54359904458789e-07	26920739
710128	24	8.91505987261345e-07	26920739
710686	1	3.71460828025561e-08	26920739
712898	12	4.45752993630673e-07	26920739
712938	10	3.7146082802556e-07	26920739
712961	115	4.27179952229395e-06	26920739
713600	1	3.71460828025561e-08	26920739
713604	3	1.11438248407668e-07	26920739
714313	2	7.42921656051121e-08	26920739
714962	12497	0.000464214596783543	26920739
715451	3	1.11438248407668e-07	26920739
716540	3	1.11438248407668e-07	26920739
716541	2787	0.000103526132770724	26920739
717605	6	2.22876496815336e-07	26920739
717608	11	4.08606910828117e-07	26920739
717774	2	7.42921656051121e-08	26920739
717959	26	9.65798152866457e-07	26920739
717960	9	3.34314745223004e-07	26920739
717961	8	2.97168662420448e-07	26920739
717962	24	8.91505987261345e-07	26920739
718251	59	2.19161888535081e-06	26920739
718252	51	1.89445022293036e-06	26920739
718254	209	7.76353130573422e-06	26920739
718255	24	8.91505987261345e-07	26920739
718274	1993	7.40321430254942e-05	26920739
720555	9	3.34314745223004e-07	26920739
722911	5	1.8573041401278e-07	26920739
741091	39	1.44869722929969e-06	26920739
741093	154	5.72049675159363e-06	26920739
742013	35	1.30011289808946e-06	26920739
743525	59	2.19161888535081e-06	26920739
743718	3	1.11438248407668e-07	26920739
743720	7	2.60022579617892e-07	26920739
743721	4	1.48584331210224e-07	26920739
743722	4	1.48584331210224e-07	26920739
743965	1	3.71460828025561e-08	26920739
745277	15	5.57191242038341e-07	26920739
745310	12	4.45752993630673e-07	26920739
745776	1	3.71460828025561e-08	26920739
746361	1	3.71460828025561e-08	26920739
746697	2	7.42921656051121e-08	26920739
748247	1	3.71460828025561e-08	26920739
748280	5	1.8573041401278e-07	26920739
748671	99	3.67746219745305e-06	26920739
749414	1	3.71460828025561e-08	26920739
749927	4	1.48584331210224e-07	26920739
751585	12	4.45752993630673e-07	26920739
751945	8	2.97168662420448e-07	26920739
754035	2	7.42921656051121e-08	26920739
754252	4	1.48584331210224e-07	26920739
754477	2	7.42921656051121e-08	26920739
755731	1	3.71460828025561e-08	26920739
755732	4	1.48584331210224e-07	26920739
756272	1	3.71460828025561e-08	26920739
757424	12	4.45752993630673e-07	26920739
759350	21	7.80067738853677e-07	26920739
759913	16	5.94337324840897e-07	26920739
760192	2	7.42921656051121e-08	26920739
760570	29	1.07723640127413e-06	26920739
761659	1	3.71460828025561e-08	26920739
762376	9	3.34314745223004e-07	26920739
762550	1	3.71460828025561e-08	26920739
762633	7	2.60022579617892e-07	26920739
762903	2	7.42921656051121e-08	26920739
762948	5	1.8573041401278e-07	26920739
765874	3	1.11438248407668e-07	26920739
765912	4	1.48584331210224e-07	26920739
765952	2	7.42921656051121e-08	26920739
766760	1	3.71460828025561e-08	26920739
767029	5	1.8573041401278e-07	26920739
767031	15	5.57191242038341e-07	26920739
767434	4	1.48584331210224e-07	26920739
767453	1	3.71460828025561e-08	26920739
767455	12	4.45752993630673e-07	26920739
767462	83	3.08312487261215e-06	26920739
767463	39	1.44869722929969e-06	26920739
767465	2	7.42921656051121e-08	26920739
767468	2	7.42921656051121e-08	26920739
768486	1	3.71460828025561e-08	26920739
768490	4	1.48584331210224e-07	26920739
768492	1	3.71460828025561e-08	26920739
798128	9	3.34314745223004e-07	26920739
858619	3	1.11438248407668e-07	26920739
859654	2	7.42921656051121e-08	26920739
859655	3	1.11438248407668e-07	26920739
859656	2	7.42921656051121e-08	26920739
859657	4	1.48584331210224e-07	26920739
861360	3	1.11438248407668e-07	26920739
862259	1	3.71460828025561e-08	26920739
862719	5	1.8573041401278e-07	26920739
862751	1	3.71460828025561e-08	26920739
862962	42	1.56013547770735e-06	26920739
862964	15	5.57191242038341e-07	26920739
862965	180	6.68629490446009e-06	26920739
862966	84	3.12027095541471e-06	26920739
862967	85	3.15741703821726e-06	26920739
862968	4	1.48584331210224e-07	26920739
862969	101	3.75175436305816e-06	26920739
862970	352	1.30754211464997e-05	26920739
862971	427	1.58613773566914e-05	26920739
865867	1	3.71460828025561e-08	26920739
865938	1	3.71460828025561e-08	26920739
866630	16	5.94337324840897e-07	26920739
866768	321949	0.0119591442122001	26920739
866775	26	9.65798152866457e-07	26920739
866777	12	4.45752993630673e-07	26920739
866913	4	1.48584331210224e-07	26920739
868131	2	7.42921656051121e-08	26920739
868132	1	3.71460828025561e-08	26920739
868595	1	3.71460828025561e-08	26920739
868597	6	2.22876496815336e-07	26920739
869212	2	7.42921656051121e-08	26920739
869215	7	2.60022579617892e-07	26920739
869216	9	3.34314745223004e-07	26920739
869269	7	2.60022579617892e-07	26920739
869303	1	3.71460828025561e-08	26920739
869306	5	1.8573041401278e-07	26920739
869309	163	6.05481149681664e-06	26920739
869729	26993	0.0010026842130894	26920739
871585	9	3.34314745223004e-07	26920739
871963	1	3.71460828025561e-08	26920739
872331	9	3.34314745223004e-07	26920739
875328	1	3.71460828025561e-08	26920739
877468	1057	3.92634095223017e-05	26920739
879243	65	2.41449538216614e-06	26920739
880070	1	3.71460828025561e-08	26920739
880071	2	7.42921656051121e-08	26920739
880447	2	7.42921656051121e-08	26920739
880633	22	8.17213821656233e-07	26920739
880758	3	1.11438248407668e-07	26920739
882378	2	7.42921656051121e-08	26920739
882884	1452	5.39361122293114e-05	26920739
883062	19	7.05775573248565e-07	26920739
884204	2	7.42921656051121e-08	26920739
885275	1350	5.01472117834507e-05	26920739
885276	3315	0.000123139264490473	26920739
886293	1	3.71460828025561e-08	26920739
889738	35	1.30011289808946e-06	26920739
889932	42	1.56013547770735e-06	26920739
890402	12	4.45752993630673e-07	26920739
891391	11	4.08606910828117e-07	26920739
903503	2	7.42921656051121e-08	26920739
903510	1	3.71460828025561e-08	26920739
903814	1	3.71460828025561e-08	26920739
908937	15	5.57191242038341e-07	26920739
909946	563	2.09132446178391e-05	26920739
909952	6	2.22876496815336e-07	26920739
909954	273	1.01408806050978e-05	26920739
910348	19195	0.000713019059395063	26920739
926570	1	3.71460828025561e-08	26920739
927666	97	3.60317003184794e-06	26920739
929102	2	7.42921656051121e-08	26920739
929506	2	7.42921656051121e-08	26920739
929556	4	1.48584331210224e-07	26920739
930944	2	7.42921656051121e-08	26920739
931276	5	1.8573041401278e-07	26920739
931281	1	3.71460828025561e-08	26920739
932677	4	1.48584331210224e-07	26920739
935296	2190	8.13499213375978e-05	26920739
935897	18	6.68629490446009e-07	26920739
936139	2	7.42921656051121e-08	26920739
936153	110	4.08606910828117e-06	26920739
936155	2	7.42921656051121e-08	26920739
936157	52	1.93159630573291e-06	26920739
940190	6	2.22876496815336e-07	26920739
941193	2	7.42921656051121e-08	26920739
941639	1	3.71460828025561e-08	26920739
941640	7	2.60022579617892e-07	26920739
943945	1	3.71460828025561e-08	26920739
944546	7	2.60022579617892e-07	26920739
944547	6	2.22876496815336e-07	26920739
945556	1	3.71460828025561e-08	26920739
945704	65	2.41449538216614e-06	26920739
945711	1	3.71460828025561e-08	26920739
945712	2	7.42921656051121e-08	26920739
945713	1	3.71460828025561e-08	26920739
946483	2	7.42921656051121e-08	26920739
953739	3	1.11438248407668e-07	26920739
956149	30	1.11438248407668e-06	26920739
956483	4	1.48584331210224e-07	26920739
977880	6	2.22876496815336e-07	26920739
979556	6	2.22876496815336e-07	26920739
979982	1	3.71460828025561e-08	26920739
980514	3	1.11438248407668e-07	26920739
981539	1	3.71460828025561e-08	26920739
981540	3	1.11438248407668e-07	26920739
983544	3	1.11438248407668e-07	26920739
983545	1	3.71460828025561e-08	26920739
983548	1	3.71460828025561e-08	26920739
983917	18	6.68629490446009e-07	26920739
984262	4	1.48584331210224e-07	26920739
985002	2	7.42921656051121e-08	26920739
990282	14	5.20045159235785e-07	26920739
990315	6	2.22876496815336e-07	26920739
991791	1	3.71460828025561e-08	26920739
991905	1	3.71460828025561e-08	26920739
994476	4	1.48584331210224e-07	26920739
994484	17	6.31483407643453e-07	26920739
998088	6	2.22876496815336e-07	26920739
999541	2	7.42921656051121e-08	26920739
1001583	7	2.60022579617892e-07	26920739
1001585	7	2.60022579617892e-07	26920739
1002804	3	1.11438248407668e-07	26920739
1002809	5	1.8573041401278e-07	26920739
1004952	10	3.7146082802556e-07	26920739
1005041	1	3.71460828025561e-08	26920739
1005042	4	1.48584331210224e-07	26920739
1005048	8	2.97168662420448e-07	26920739
1005057	1	3.71460828025561e-08	26920739
1005058	1	3.71460828025561e-08	26920739
1005090	1	3.71460828025561e-08	26920739
1006551	2297	8.53245521974712e-05	26920739
1007064	2	7.42921656051121e-08	26920739
1007105	1	3.71460828025561e-08	26920739
1009464	42820	0.00159059526560545	26920739
1016998	701	2.60394040445918e-05	26920739
1028307	493	1.83130188216601e-05	26920739
1029756	1	3.71460828025561e-08	26920739
1031709	6	2.22876496815336e-07	26920739
1031711	4	1.48584331210224e-07	26920739
1033813	26653	0.000990054544936526	26920739
1033837	50	1.8573041401278e-06	26920739
1034807	12	4.45752993630673e-07	26920739
1034809	2	7.42921656051121e-08	26920739
1035377	40	1.48584331210224e-06	26920739
1035817	8	2.97168662420448e-07	26920739
1036172	6	2.22876496815336e-07	26920739
1037409	5	1.8573041401278e-07	26920739
1037911	35	1.30011289808946e-06	26920739
1041826	3	1.11438248407668e-07	26920739
1042156	8	2.97168662420448e-07	26920739
1042876	3	1.11438248407668e-07	26920739
1042878	6	2.22876496815336e-07	26920739
1045855	3	1.11438248407668e-07	26920739
1045856	34	1.26296681528691e-06	26920739
1046629	325	1.20724769108307e-05	26920739
1048332	330	1.22582073248435e-05	26920739
1048689	6227	0.000231308657611517	26920739
1049565	526	1.95388395541445e-05	26920739
1051072	2	7.42921656051121e-08	26920739
1051074	12	4.45752993630673e-07	26920739
1051631	12	4.45752993630673e-07	26920739
1054460	123	4.56896818471439e-06	26920739
1064535	8	2.97168662420448e-07	26920739
1064539	5	1.8573041401278e-07	26920739
1064551	7	2.60022579617892e-07	26920739
1069533	18	6.68629490446009e-07	26920739
1069534	92	3.41743961783516e-06	26920739
1071400	75	2.7859562101917e-06	26920739
1072459	29094	0.00108072813305757	26920739
1074485	1	3.71460828025561e-08	26920739
1074889	4	1.48584331210224e-07	26920739
1074919	1	3.71460828025561e-08	26920739
1075089	3	1.11438248407668e-07	26920739
1076934	20	7.42921656051121e-07	26920739
1081093	19	7.05775573248565e-07	26920739
1081094	1	3.71460828025561e-08	26920739
1081095	1	3.71460828025561e-08	26920739
1082931	1	3.71460828025561e-08	26920739
1085623	2	7.42921656051121e-08	26920739
1089456	34	1.26296681528691e-06	26920739
1090974	4	1.48584331210224e-07	26920739
1091045	26	9.65798152866457e-07	26920739
1091494	1	3.71460828025561e-08	26920739
1093141	11	4.08606910828117e-07	26920739
1093787	1	3.71460828025561e-08	26920739
1094466	4	1.48584331210224e-07	26920739
1095774	8	2.97168662420448e-07	26920739
1096995	5	1.8573041401278e-07	26920739
1096996	2	7.42921656051121e-08	26920739
1096997	6	2.22876496815336e-07	26920739
1097677	4	1.48584331210224e-07	26920739
1100841	6	2.22876496815336e-07	26920739
1104320	1	3.71460828025561e-08	26920739
1104322	1	3.71460828025561e-08	26920739
1104325	3	1.11438248407668e-07	26920739
1104326	27	1.00294423566901e-06	26920739
1110502	2	7.42921656051121e-08	26920739
1110693	1	3.71460828025561e-08	26920739
1111069	7	2.60022579617892e-07	26920739
1111676	5	1.8573041401278e-07	26920739
1112204	2	7.42921656051121e-08	26920739
1114965	41	1.5229893949048e-06	26920739
1114967	7	2.60022579617892e-07	26920739
1114969	61	2.26591105095592e-06	26920739
1114970	10	3.7146082802556e-07	26920739
1116231	24	8.91505987261345e-07	26920739
1118963	2	7.42921656051121e-08	26920739
1121335	2	7.42921656051121e-08	26920739
1121353	5	1.8573041401278e-07	26920739
1121362	3	1.11438248407668e-07	26920739
1123519	4	1.48584331210224e-07	26920739
1123863	17	6.31483407643453e-07	26920739
1124936	3130	0.000116267239172	26920739
1124983	9	3.34314745223004e-07	26920739
1124991	7	2.60022579617892e-07	26920739
1125630	4578	0.000170054767070102	26920739
1127134	1	3.71460828025561e-08	26920739
1129369	1	3.71460828025561e-08	26920739
1130804	5	1.8573041401278e-07	26920739
1131462	2	7.42921656051121e-08	26920739
1132496	1	3.71460828025561e-08	26920739
1132507	2258	8.38758549681716e-05	26920739
1133850	4	1.48584331210224e-07	26920739
1133852	5129	0.00019052225869431	26920739
1133853	24996	0.000928503485732691	26920739
1134454	36	1.33725898089202e-06	26920739
1134456	1	3.71460828025561e-08	26920739
1134782	4079	0.000151518871751626	26920739
1136179	281	1.04380492675183e-05	26920739
1137651	1	3.71460828025561e-08	26920739
1138308	39	1.44869722929969e-06	26920739
1138382	1	3.71460828025561e-08	26920739
1138871	1	3.71460828025561e-08	26920739
1146883	2	7.42921656051121e-08	26920739
1147128	18	6.68629490446009e-07	26920739
1151116	5	1.8573041401278e-07	26920739
1155071	1	3.71460828025561e-08	26920739
1155766	20	7.42921656051121e-07	26920739
1156431	21	7.80067738853677e-07	26920739
1156433	26	9.65798152866457e-07	26920739
1157951	5	1.8573041401278e-07	26920739
1159200	9	3.34314745223004e-07	26920739
1159201	6	2.22876496815336e-07	26920739
1160717	216	8.02355388535211e-06	26920739
1163399	5	1.8573041401278e-07	26920739
1163617	1	3.71460828025561e-08	26920739
1163748	2	7.42921656051121e-08	26920739
1166016	3	1.11438248407668e-07	26920739
1166018	3	1.11438248407668e-07	26920739
1166130	65	2.41449538216614e-06	26920739
1167634	3	1.11438248407668e-07	26920739
1168287	2	7.42921656051121e-08	26920739
1170318	25	9.28652070063901e-07	26920739
1170562	4	1.48584331210224e-07	26920739
1171373	1	3.71460828025561e-08	26920739
1171376	771	2.86396298407707e-05	26920739
1171377	1	3.71460828025561e-08	26920739
1173020	1	3.71460828025561e-08	26920739
1173427	156	5.79478891719874e-06	26920739
1179773	2	7.42921656051121e-08	26920739
1185652	1	3.71460828025561e-08	26920739
1186051	1	3.71460828025561e-08	26920739
1187956	26	9.65798152866457e-07	26920739
1191061	5887	0.000218678989458647	26920739
1191523	2	7.42921656051121e-08	26920739
1193292	564	2.09503907006416e-05	26920739
1194526	1	3.71460828025561e-08	26920739
1195464	1	3.71460828025561e-08	26920739
1196325	3	1.11438248407668e-07	26920739
1196835	3	1.11438248407668e-07	26920739
1197325	5	1.8573041401278e-07	26920739
1197719	64	2.37734929936359e-06	26920739
1198114	1	3.71460828025561e-08	26920739
1198232	1	3.71460828025561e-08	26920739
1198627	1	3.71460828025561e-08	26920739
1198676	1	3.71460828025561e-08	26920739
1199187	1	3.71460828025561e-08	26920739
1199245	3	1.11438248407668e-07	26920739
1200352	3	1.11438248407668e-07	26920739
1201294	1	3.71460828025561e-08	26920739
1203460	3	1.11438248407668e-07	26920739
1203670	2	7.42921656051121e-08	26920739
1204414	3	1.11438248407668e-07	26920739
1205910	2	7.42921656051121e-08	26920739
1206105	45	1.67157372611502e-06	26920739
1207075	10	3.7146082802556e-07	26920739
1208658	3	1.11438248407668e-07	26920739
1208660	3	1.11438248407668e-07	26920739
1208919	1	3.71460828025561e-08	26920739
1209989	2	7.42921656051121e-08	26920739
1211025	39	1.44869722929969e-06	26920739
1211579	3	1.11438248407668e-07	26920739
1211705	1	3.71460828025561e-08	26920739
1214101	1	3.71460828025561e-08	26920739
1214242	1	3.71460828025561e-08	26920739
1215088	8	2.97168662420448e-07	26920739
1216976	2	7.42921656051121e-08	26920739
1218933	2	7.42921656051121e-08	26920739
1219076	2	7.42921656051121e-08	26920739
1224163	2	7.42921656051121e-08	26920739
1228997	2	7.42921656051121e-08	26920739
1229205	2	7.42921656051121e-08	26920739
1229756	3	1.11438248407668e-07	26920739
1229908	1	3.71460828025561e-08	26920739
1229909	1	3.71460828025561e-08	26920739
1232381	1	3.71460828025561e-08	26920739
1232383	1	3.71460828025561e-08	26920739
1234367	1	3.71460828025561e-08	26920739
1234378	1	3.71460828025561e-08	26920739
1234380	1	3.71460828025561e-08	26920739
1234603	2	7.42921656051121e-08	26920739
1234679	6	2.22876496815336e-07	26920739
1235829	1	3.71460828025561e-08	26920739
1235990	3	1.11438248407668e-07	26920739
1236903	1	3.71460828025561e-08	26920739
1240471	1	3.71460828025561e-08	26920739
1244085	109	4.04892302547861e-06	26920739
1245469	1	3.71460828025561e-08	26920739
1245471	5	1.8573041401278e-07	26920739
1246301	22	8.17213821656233e-07	26920739
1246365	10	3.7146082802556e-07	26920739
1246955	5	1.8573041401278e-07	26920739
1246995	1	3.71460828025561e-08	26920739
1247189	9	3.34314745223004e-07	26920739
1249634	10	3.7146082802556e-07	26920739
1249661	1	3.71460828025561e-08	26920739
1254439	51	1.89445022293036e-06	26920739
1255043	1	3.71460828025561e-08	26920739
1261557	13	4.82899076433229e-07	26920739
1262456	1	3.71460828025561e-08	26920739
1266738	3	1.11438248407668e-07	26920739
1266845	3	1.11438248407668e-07	26920739
1267753	87	3.23170920382238e-06	26920739
1267754	4	1.48584331210224e-07	26920739
1271862	130	4.82899076433229e-06	26920739
1271863	49	1.82015805732525e-06	26920739
1271864	355	1.31868593949074e-05	26920739
1273173	1	3.71460828025561e-08	26920739
1274814	1526	5.66849223567005e-05	26920739
1276220	3	1.11438248407668e-07	26920739
1276221	3	1.11438248407668e-07	26920739
1276227	1	3.71460828025561e-08	26920739
1276229	1	3.71460828025561e-08	26920739
1276258	1	3.71460828025561e-08	26920739
1276282	1	3.71460828025561e-08	26920739
1276647	1	3.71460828025561e-08	26920739
1280938	3	1.11438248407668e-07	26920739
1282356	19	7.05775573248565e-07	26920739
1283331	1	3.71460828025561e-08	26920739
1284663	11	4.08606910828117e-07	26920739
1286170	264	9.8065658598748e-06	26920739
1288122	62	2.30305713375848e-06	26920739
1288394	4	1.48584331210224e-07	26920739
1292033	2	7.42921656051121e-08	26920739
1294143	3	1.11438248407668e-07	26920739
1297582	1	3.71460828025561e-08	26920739
1298917	5	1.8573041401278e-07	26920739
1302863	13	4.82899076433229e-07	26920739
1303024	1	3.71460828025561e-08	26920739
1304892	1	3.71460828025561e-08	26920739
1305849	3	1.11438248407668e-07	26920739
1309806	2	7.42921656051121e-08	26920739
1310161	1	3.71460828025561e-08	26920739
1313172	1	3.71460828025561e-08	26920739
1314884	43	1.59728156050991e-06	26920739
1318615	12	4.45752993630673e-07	26920739
1318633	2	7.42921656051121e-08	26920739
1318634	2	7.42921656051121e-08	26920739
1321369	1	3.71460828025561e-08	26920739
1322346	1	3.71460828025561e-08	26920739
1327988	77	2.86024837579682e-06	26920739
1328306	2	7.42921656051121e-08	26920739
1331671	2	7.42921656051121e-08	26920739
1332188	1	3.71460828025561e-08	26920739
1334187	15	5.57191242038341e-07	26920739
1335307	1	3.71460828025561e-08	26920739
1335916	392	1.4561264458602e-05	26920739
1340495	7	2.60022579617892e-07	26920739
1340847	3	1.11438248407668e-07	26920739
1340851	4	1.48584331210224e-07	26920739
1343740	2	7.42921656051121e-08	26920739
1345695	1	3.71460828025561e-08	26920739
1346614	1	3.71460828025561e-08	26920739
1348660	5	1.8573041401278e-07	26920739
1348662	3	1.11438248407668e-07	26920739
1355100	35440	0.00131645717452259	26920739
1367847	1	3.71460828025561e-08	26920739
1379702	13	4.82899076433229e-07	26920739
1380774	3	1.11438248407668e-07	26920739
1380908	3321	0.000123362140987289	26920739
1382700	4343	0.000161325437611501	26920739
1384484	2	7.42921656051121e-08	26920739
1389489	2	7.42921656051121e-08	26920739
1394709	1	3.71460828025561e-08	26920739
1400867	2	7.42921656051121e-08	26920739
1401659	64	2.37734929936359e-06	26920739
1406860	1	3.71460828025561e-08	26920739
1406864	3	1.11438248407668e-07	26920739
1408186	22	8.17213821656233e-07	26920739
1408206	21	7.80067738853677e-07	26920739
1415630	39	1.44869722929969e-06	26920739
1415773	1	3.71460828025561e-08	26920739
1416914	4	1.48584331210224e-07	26920739
1427342	1	3.71460828025561e-08	26920739
1435044	2	7.42921656051121e-08	26920739
1435058	1	3.71460828025561e-08	26920739
1435356	3	1.11438248407668e-07	26920739
1436140	2	7.42921656051121e-08	26920739
