Tax.ID	Frequency	Proportion	Total
394	6	1.7888673240933e-07	33540777
882	1	2.98144554015549e-08	33540777
1140	2	5.96289108031099e-08	33540777
1511	5	1.49072277007775e-07	33540777
2762	5	1.49072277007775e-07	33540777
2769	1	2.98144554015549e-08	33540777
2771	1	2.98144554015549e-08	33540777
2787	3	8.94433662046648e-08	33540777
2788	1	2.98144554015549e-08	33540777
2829	6	1.7888673240933e-07	33540777
2832	2	5.96289108031099e-08	33540777
2839	57	1.69942395788863e-06	33540777
2850	81	2.41497088752595e-06	33540777
2880	3	8.94433662046648e-08	33540777
2903	2	5.96289108031099e-08	33540777
2986	1	2.98144554015549e-08	33540777
3037	1	2.98144554015549e-08	33540777
3039	3	8.94433662046648e-08	33540777
3040	1	2.98144554015549e-08	33540777
4770	2	5.96289108031099e-08	33540777
4959	1	2.98144554015549e-08	33540777
5061	3	8.94433662046648e-08	33540777
5145	2	5.96289108031099e-08	33540777
5518	8	2.3851564321244e-07	33540777
5661	3	8.94433662046648e-08	33540777
5786	5	1.49072277007775e-07	33540777
5851	3	8.94433662046648e-08	33540777
5885	2	5.96289108031099e-08	33540777
5908	2	5.96289108031099e-08	33540777
5911	9	2.68330098613995e-07	33540777
5932	5	1.49072277007775e-07	33540777
10704	1	2.98144554015549e-08	33540777
12390	1	2.98144554015549e-08	33540777
28072	1	2.98144554015549e-08	33540777
31964	16	4.77031286424879e-07	33540777
32049	3	8.94433662046648e-08	33540777
32051	2	5.96289108031099e-08	33540777
35128	46	1.37146494847153e-06	33540777
35688	4	1.1925782160622e-07	33540777
36809	8	2.3851564321244e-07	33540777
36870	1	2.98144554015549e-08	33540777
39717	3	8.94433662046648e-08	33540777
43685	1	2.98144554015549e-08	33540777
43926	2	5.96289108031099e-08	33540777
44056	2	5.96289108031099e-08	33540777
44058	6	1.7888673240933e-07	33540777
46234	8	2.3851564321244e-07	33540777
47573	1	2.98144554015549e-08	33540777
49266	1	2.98144554015549e-08	33540777
51369	2	5.96289108031099e-08	33540777
52970	9	2.68330098613995e-07	33540777
55529	22	6.55918018834209e-07	33540777
56107	1	2.98144554015549e-08	33540777
59374	4	1.1925782160622e-07	33540777
59922	4	1.1925782160622e-07	33540777
60480	2	5.96289108031099e-08	33540777
60481	39	1.16276376066064e-06	33540777
62928	40	1.1925782160622e-06	33540777
62977	25	7.45361385038874e-07	33540777
63186	2	5.96289108031099e-08	33540777
63737	8	2.3851564321244e-07	33540777
65393	1	2.98144554015549e-08	33540777
66084	1	2.98144554015549e-08	33540777
66692	1	2.98144554015549e-08	33540777
69328	28	8.34804751243539e-07	33540777
74547	1	2.98144554015549e-08	33540777
75379	29	8.64619206645094e-07	33540777
76114	16	4.77031286424879e-07	33540777
76869	12	3.57773464818659e-07	33540777
78245	21	6.26103563432654e-07	33540777
79929	1	2.98144554015549e-08	33540777
82654	1	2.98144554015549e-08	33540777
83406	5	1.49072277007775e-07	33540777
84588	2	5.96289108031099e-08	33540777
85569	1	2.98144554015549e-08	33540777
85643	52	1.55035168088086e-06	33540777
86416	3	8.94433662046648e-08	33540777
88149	3	8.94433662046648e-08	33540777
91891	2	5.96289108031099e-08	33540777
94122	20	5.96289108031099e-07	33540777
96561	1	2.98144554015549e-08	33540777
96563	22	6.55918018834209e-07	33540777
99598	1	2.98144554015549e-08	33540777
100226	7	2.08701187810885e-07	33540777
101510	115	3.42866237117882e-06	33540777
106370	3	8.94433662046648e-08	33540777
107806	1	2.98144554015549e-08	33540777
109269	3	8.94433662046648e-08	33540777
111780	2	5.96289108031099e-08	33540777
111781	2	5.96289108031099e-08	33540777
114615	32	9.54062572849758e-07	33540777
115713	1	2.98144554015549e-08	33540777
120807	5	1.49072277007775e-07	33540777
122587	7	2.08701187810885e-07	33540777
129356	3	8.94433662046648e-08	33540777
129358	1	2.98144554015549e-08	33540777
130081	3	8.94433662046648e-08	33540777
134287	1	2.98144554015549e-08	33540777
134676	9	2.68330098613995e-07	33540777
136966	1	2.98144554015549e-08	33540777
137722	15	4.47216831023324e-07	33540777
150340	1	2.98144554015549e-08	33540777
153948	10	2.9814455401555e-07	33540777
155864	2	5.96289108031099e-08	33540777
156889	6	1.7888673240933e-07	33540777
158189	6	1.7888673240933e-07	33540777
158190	2	5.96289108031099e-08	33540777
159087	38	1.13294930525909e-06	33540777
160488	9	2.68330098613995e-07	33540777
160492	3	8.94433662046648e-08	33540777
160619	67	1.99756851190418e-06	33540777
164037	1	2.98144554015549e-08	33540777
164756	23	6.85732474235764e-07	33540777
164757	1	2.98144554015549e-08	33540777
167539	1	2.98144554015549e-08	33540777
167879	1	2.98144554015549e-08	33540777
170187	1	2.98144554015549e-08	33540777
172667	3	8.94433662046648e-08	33540777
172968	1	2.98144554015549e-08	33540777
176279	9	2.68330098613995e-07	33540777
176280	9	2.68330098613995e-07	33540777
176299	10	2.9814455401555e-07	33540777
177437	1	2.98144554015549e-08	33540777
177439	1	2.98144554015549e-08	33540777
179408	51	1.5205372254793e-06	33540777
180504	1	2.98144554015549e-08	33540777
187272	15	4.47216831023324e-07	33540777
187303	4	1.1925782160622e-07	33540777
189423	1	2.98144554015549e-08	33540777
189918	9	2.68330098613995e-07	33540777
190304	4	1.1925782160622e-07	33540777
190485	18	5.36660197227989e-07	33540777
190486	12	3.57773464818659e-07	33540777
190650	35	1.04350593905442e-06	33540777
192952	9	2.68330098613995e-07	33540777
194439	4	1.1925782160622e-07	33540777
195103	36	1.07332039445598e-06	33540777
196162	28	8.34804751243539e-07	33540777
196164	157	4.68086949804413e-06	33540777
198214	3	8.94433662046648e-08	33540777
198215	1	2.98144554015549e-08	33540777
198628	3	8.94433662046648e-08	33540777
198804	1	2.98144554015549e-08	33540777
199310	5	1.49072277007775e-07	33540777
203119	6	1.7888673240933e-07	33540777
203120	5	1.49072277007775e-07	33540777
203122	13	3.87587920220214e-07	33540777
203123	4	1.1925782160622e-07	33540777
203124	8	2.3851564321244e-07	33540777
203275	18	5.36660197227989e-07	33540777
203907	1	2.98144554015549e-08	33540777
204669	2	5.96289108031099e-08	33540777
204773	61	1.81868177949485e-06	33540777
205913	112	3.33921900497415e-06	33540777
205914	7	2.08701187810885e-07	33540777
205918	35	1.04350593905442e-06	33540777
205922	71	2.1168263335104e-06	33540777
206672	13	3.87587920220214e-07	33540777
207559	4	1.1925782160622e-07	33540777
208596	14	4.17402375621769e-07	33540777
208963	26	7.75175840440429e-07	33540777
208964	42	1.25220712686531e-06	33540777
209261	1	2.98144554015549e-08	33540777
210007	1	2.98144554015549e-08	33540777
211586	3	8.94433662046648e-08	33540777
212717	4	1.1925782160622e-07	33540777
213810	4	1.1925782160622e-07	33540777
214092	1	2.98144554015549e-08	33540777
214684	1	2.98144554015549e-08	33540777
215689	1	2.98144554015549e-08	33540777
216389	3	8.94433662046648e-08	33540777
216432	9	2.68330098613995e-07	33540777
216591	9	2.68330098613995e-07	33540777
216592	4	1.1925782160622e-07	33540777
216594	1	2.98144554015549e-08	33540777
216595	334	9.95802810411935e-06	33540777
216596	16	4.77031286424879e-07	33540777
216599	3	8.94433662046648e-08	33540777
218493	1	2.98144554015549e-08	33540777
220341	19	5.66474652629544e-07	33540777
220664	33	9.83877028251313e-07	33540777
220668	1	2.98144554015549e-08	33540777
221724	1	2.98144554015549e-08	33540777
222523	1	2.98144554015549e-08	33540777
223283	34	1.01369148365287e-06	33540777
224308	1	2.98144554015549e-08	33540777
224719	1	2.98144554015549e-08	33540777
224911	35	1.04350593905442e-06	33540777
224914	4	1.1925782160622e-07	33540777
224915	1	2.98144554015549e-08	33540777
225937	1	2.98144554015549e-08	33540777
226185	19	5.66474652629544e-07	33540777
226186	250	7.45361385038874e-06	33540777
227086	1	2.98144554015549e-08	33540777
227882	14	4.17402375621769e-07	33540777
228400	2	5.96289108031099e-08	33540777
228405	2	5.96289108031099e-08	33540777
228410	4	1.1925782160622e-07	33540777
231023	15	4.47216831023324e-07	33540777
232721	502	1.49668566115806e-05	33540777
234621	2253	6.71719680197033e-05	33540777
234831	2	5.96289108031099e-08	33540777
235909	1	2.98144554015549e-08	33540777
240015	1	2.98144554015549e-08	33540777
242231	2	5.96289108031099e-08	33540777
242507	1	2.98144554015549e-08	33540777
242619	1	2.98144554015549e-08	33540777
243090	1	2.98144554015549e-08	33540777
243159	4	1.1925782160622e-07	33540777
243160	1	2.98144554015549e-08	33540777
243230	8	2.3851564321244e-07	33540777
243231	1	2.98144554015549e-08	33540777
243233	7	2.08701187810885e-07	33540777
243243	9	2.68330098613995e-07	33540777
243276	2	5.96289108031099e-08	33540777
243277	1	2.98144554015549e-08	33540777
243365	22	6.55918018834209e-07	33540777
245014	82	2.44478534292751e-06	33540777
245018	232	6.91695365316075e-06	33540777
246195	3	8.94433662046648e-08	33540777
246196	3	8.94433662046648e-08	33540777
246197	9	2.68330098613995e-07	33540777
246198	5	1.49072277007775e-07	33540777
246200	6	1.7888673240933e-07	33540777
247156	8	2.3851564321244e-07	33540777
251221	1	2.98144554015549e-08	33540777
251229	2	5.96289108031099e-08	33540777
257309	1	2.98144554015549e-08	33540777
257310	21	6.26103563432654e-07	33540777
257311	4	1.1925782160622e-07	33540777
257313	12	3.57773464818659e-07	33540777
257314	4	1.1925782160622e-07	33540777
258594	7	2.08701187810885e-07	33540777
259536	160	4.77031286424879e-06	33540777
260799	1	2.98144554015549e-08	33540777
261292	57	1.69942395788863e-06	33540777
262316	3	8.94433662046648e-08	33540777
262543	5	1.49072277007775e-07	33540777
262724	37	1.10313484985753e-06	33540777
263358	5	1.49072277007775e-07	33540777
264198	33	9.83877028251313e-07	33540777
264199	10	2.9814455401555e-07	33540777
264202	1	2.98144554015549e-08	33540777
264203	3	8.94433662046648e-08	33540777
264462	10	2.9814455401555e-07	33540777
264730	19	5.66474652629544e-07	33540777
264731	16	4.77031286424879e-07	33540777
264732	1	2.98144554015549e-08	33540777
265072	12	3.57773464818659e-07	33540777
266117	1	2.98144554015549e-08	33540777
266264	49	1.46090831467619e-06	33540777
266265	13	3.87587920220214e-07	33540777
266779	23	6.85732474235764e-07	33540777
266834	2	5.96289108031099e-08	33540777
266835	10	2.9814455401555e-07	33540777
266940	7	2.08701187810885e-07	33540777
267608	33	9.83877028251313e-07	33540777
267671	1	2.98144554015549e-08	33540777
267747	8	2.3851564321244e-07	33540777
267748	1	2.98144554015549e-08	33540777
268739	1	2.98144554015549e-08	33540777
269084	2	5.96289108031099e-08	33540777
269482	24	7.15546929637319e-07	33540777
269796	3	8.94433662046648e-08	33540777
269797	3	8.94433662046648e-08	33540777
269798	21	6.26103563432654e-07	33540777
269800	1	2.98144554015549e-08	33540777
271848	4	1.1925782160622e-07	33540777
272123	6	1.7888673240933e-07	33540777
272559	27	8.04990295841984e-07	33540777
272561	3	8.94433662046648e-08	33540777
272563	28	8.34804751243539e-07	33540777
272564	1	2.98144554015549e-08	33540777
272568	4	1.1925782160622e-07	33540777
272620	37	1.10313484985753e-06	33540777
272621	2	5.96289108031099e-08	33540777
272622	26	7.75175840440429e-07	33540777
272623	14	4.17402375621769e-07	33540777
272624	5	1.49072277007775e-07	33540777
272626	4	1.1925782160622e-07	33540777
272630	14	4.17402375621769e-07	33540777
272632	2	5.96289108031099e-08	33540777
272831	24	7.15546929637319e-07	33540777
272942	7	2.08701187810885e-07	33540777
272943	6	1.7888673240933e-07	33540777
272947	4	1.1925782160622e-07	33540777
273068	3	8.94433662046648e-08	33540777
273123	1	2.98144554015549e-08	33540777
278137	5	1.49072277007775e-07	33540777
278197	9	2.68330098613995e-07	33540777
279010	4	1.1925782160622e-07	33540777
279238	16	4.77031286424879e-07	33540777
279808	1	2.98144554015549e-08	33540777
280463	19	5.66474652629544e-07	33540777
281090	9	2.68330098613995e-07	33540777
284590	1	2.98144554015549e-08	33540777
284591	1	2.98144554015549e-08	33540777
284592	5	1.49072277007775e-07	33540777
284593	1	2.98144554015549e-08	33540777
284811	1	2.98144554015549e-08	33540777
284812	7	2.08701187810885e-07	33540777
285951	1	2.98144554015549e-08	33540777
286636	1	2.98144554015549e-08	33540777
288000	27	8.04990295841984e-07	33540777
288705	5	1.49072277007775e-07	33540777
289376	1	2.98144554015549e-08	33540777
289380	1	2.98144554015549e-08	33540777
290317	1	2.98144554015549e-08	33540777
290338	3	8.94433662046648e-08	33540777
290339	11	3.27959009417104e-07	33540777
290340	31	9.24248117448203e-07	33540777
290397	8	2.3851564321244e-07	33540777
290398	9	2.68330098613995e-07	33540777
290399	17	5.06845741826434e-07	33540777
290400	1	2.98144554015549e-08	33540777
290402	18	5.36660197227989e-07	33540777
290633	1	2.98144554015549e-08	33540777
291331	7	2.08701187810885e-07	33540777
292414	3	8.94433662046648e-08	33540777
292415	13	3.87587920220214e-07	33540777
292459	4	1.1925782160622e-07	33540777
292563	3	8.94433662046648e-08	33540777
292564	4	1.1925782160622e-07	33540777
293613	4	1.1925782160622e-07	33540777
293614	1	2.98144554015549e-08	33540777
293826	9	2.68330098613995e-07	33540777
295405	87	2.59385761993528e-06	33540777
296543	54	1.60998059168397e-06	33540777
296591	264	7.87101622601051e-06	33540777
298653	10	2.9814455401555e-07	33540777
298654	5	1.49072277007775e-07	33540777
299768	10	2.9814455401555e-07	33540777
300267	1	2.98144554015549e-08	33540777
300268	1	2.98144554015549e-08	33540777
300269	4	1.1925782160622e-07	33540777
300852	18	5.36660197227989e-07	33540777
304863	1	2.98144554015549e-08	33540777
306263	1	2.98144554015549e-08	33540777
306537	7	2.08701187810885e-07	33540777
309801	1	2.98144554015549e-08	33540777
311402	4	1.1925782160622e-07	33540777
311403	3	8.94433662046648e-08	33540777
311424	1	2.98144554015549e-08	33540777
312153	9	2.68330098613995e-07	33540777
313595	3	8.94433662046648e-08	33540777
313596	4	1.1925782160622e-07	33540777
313598	14	4.17402375621769e-07	33540777
313603	8	2.3851564321244e-07	33540777
314225	12	3.57773464818659e-07	33540777
314282	2	5.96289108031099e-08	33540777
314315	3	8.94433662046648e-08	33540777
314565	10	2.9814455401555e-07	33540777
315749	1	2.98144554015549e-08	33540777
316055	33	9.83877028251313e-07	33540777
316056	18	5.36660197227989e-07	33540777
316057	14	4.17402375621769e-07	33540777
316058	16	4.77031286424879e-07	33540777
316067	2	5.96289108031099e-08	33540777
316273	9	2.68330098613995e-07	33540777
316274	3	8.94433662046648e-08	33540777
316278	3	8.94433662046648e-08	33540777
316385	20	5.96289108031099e-07	33540777
316401	1	2.98144554015549e-08	33540777
317025	1	2.98144554015549e-08	33540777
317655	16	4.77031286424879e-07	33540777
318161	2	5.96289108031099e-08	33540777
318167	11	3.27959009417104e-07	33540777
318586	20	5.96289108031099e-07	33540777
319224	8	2.3851564321244e-07	33540777
319795	17	5.06845741826434e-07	33540777
320372	1	2.98144554015549e-08	33540777
320373	2	5.96289108031099e-08	33540777
320388	9	2.68330098613995e-07	33540777
320389	1	2.98144554015549e-08	33540777
321327	1	2.98144554015549e-08	33540777
321956	1	2.98144554015549e-08	33540777
321967	26	7.75175840440429e-07	33540777
322104	1	2.98144554015549e-08	33540777
322159	115	3.42866237117882e-06	33540777
322710	15	4.47216831023324e-07	33540777
323097	9	2.68330098613995e-07	33540777
323098	12	3.57773464818659e-07	33540777
323259	1	2.98144554015549e-08	33540777
323848	2	5.96289108031099e-08	33540777
323850	1	2.98144554015549e-08	33540777
324057	3	8.94433662046648e-08	33540777
324831	14	4.17402375621769e-07	33540777
324925	2	5.96289108031099e-08	33540777
325240	13	3.87587920220214e-07	33540777
326297	2	5.96289108031099e-08	33540777
326298	8	2.3851564321244e-07	33540777
326424	15	4.47216831023324e-07	33540777
326426	10	2.9814455401555e-07	33540777
326442	7	2.08701187810885e-07	33540777
329726	3	8.94433662046648e-08	33540777
330214	4	1.1925782160622e-07	33540777
330879	2	5.96289108031099e-08	33540777
331104	1	2.98144554015549e-08	33540777
331111	42	1.25220712686531e-06	33540777
331112	26	7.75175840440429e-07	33540777
331271	34	1.01369148365287e-06	33540777
331272	15	4.47216831023324e-07	33540777
331635	1	2.98144554015549e-08	33540777
333849	263	7.84120177060895e-06	33540777
334380	1	2.98144554015549e-08	33540777
334390	1	2.98144554015549e-08	33540777
334413	33	9.83877028251313e-07	33540777
335283	13	3.87587920220214e-07	33540777
335284	206	6.14177781272032e-06	33540777
335541	8	2.3851564321244e-07	33540777
335543	1	2.98144554015549e-08	33540777
335659	37	1.10313484985753e-06	33540777
336407	2	5.96289108031099e-08	33540777
337191	5	1.49072277007775e-07	33540777
338187	1	2.98144554015549e-08	33540777
338963	2	5.96289108031099e-08	33540777
338966	15	4.47216831023324e-07	33540777
338969	135	4.02495147920992e-06	33540777
339670	149	4.44235385483169e-06	33540777
339860	3	8.94433662046648e-08	33540777
340100	74	2.20626969971507e-06	33540777
340177	2	5.96289108031099e-08	33540777
340322	38	1.13294930525909e-06	33540777
342108	13	3.87587920220214e-07	33540777
342109	3	8.94433662046648e-08	33540777
342451	2	5.96289108031099e-08	33540777
342610	9	2.68330098613995e-07	33540777
344609	15	4.47216831023324e-07	33540777
345219	4	1.1925782160622e-07	33540777
347253	33	9.83877028251313e-07	33540777
347515	8	2.3851564321244e-07	33540777
347834	3	8.94433662046648e-08	33540777
348058	6	1.7888673240933e-07	33540777
349101	12	3.57773464818659e-07	33540777
349102	10	2.9814455401555e-07	33540777
349106	100	2.98144554015549e-06	33540777
349124	4	1.1925782160622e-07	33540777
349163	5	1.49072277007775e-07	33540777
349215	3	8.94433662046648e-08	33540777
349307	2	5.96289108031099e-08	33540777
349519	1	2.98144554015549e-08	33540777
349521	9	2.68330098613995e-07	33540777
349741	53	1.58016613628241e-06	33540777
349746	1	2.98144554015549e-08	33540777
350054	8	2.3851564321244e-07	33540777
350058	5	1.49072277007775e-07	33540777
350688	8	2.3851564321244e-07	33540777
351348	18	5.36660197227989e-07	33540777
351605	1	2.98144554015549e-08	33540777
351607	2	5.96289108031099e-08	33540777
351745	7	2.08701187810885e-07	33540777
351746	40	1.1925782160622e-06	33540777
352472	3	8.94433662046648e-08	33540777
353151	3	8.94433662046648e-08	33540777
353152	2	5.96289108031099e-08	33540777
353153	6	1.7888673240933e-07	33540777
353154	1	2.98144554015549e-08	33540777
354242	10	2.9814455401555e-07	33540777
355276	2	5.96289108031099e-08	33540777
355277	1	2.98144554015549e-08	33540777
355278	1	2.98144554015549e-08	33540777
357244	1	2.98144554015549e-08	33540777
357348	10	2.9814455401555e-07	33540777
357808	7	2.08701187810885e-07	33540777
357809	48	1.43109385927464e-06	33540777
358220	453	1.35059482969044e-05	33540777
358681	2	5.96289108031099e-08	33540777
359786	4	1.1925782160622e-07	33540777
360094	13	3.87587920220214e-07	33540777
360095	2	5.96289108031099e-08	33540777
360102	25	7.45361385038874e-07	33540777
360104	45	1.34165049306997e-06	33540777
360105	2	5.96289108031099e-08	33540777
360106	8	2.3851564321244e-07	33540777
360107	1	2.98144554015549e-08	33540777
360109	4	1.1925782160622e-07	33540777
360115	2	5.96289108031099e-08	33540777
360910	8	2.3851564321244e-07	33540777
360911	7	2.08701187810885e-07	33540777
362242	2	5.96289108031099e-08	33540777
362663	57	1.69942395788863e-06	33540777
362948	6	1.7888673240933e-07	33540777
362976	2	5.96289108031099e-08	33540777
363253	1	2.98144554015549e-08	33540777
365044	927	2.76380001572414e-05	33540777
365046	138	4.11439484541458e-06	33540777
365659	3	8.94433662046648e-08	33540777
366394	2	5.96289108031099e-08	33540777
366602	20	5.96289108031099e-07	33540777
367737	107	3.19014672796638e-06	33540777
367775	8	2.3851564321244e-07	33540777
367928	142	4.2336526670208e-06	33540777
368407	3	8.94433662046648e-08	33540777
369723	5	1.49072277007775e-07	33540777
370354	1	2.98144554015549e-08	33540777
370553	4	1.1925782160622e-07	33540777
370554	1	2.98144554015549e-08	33540777
373153	4	1.1925782160622e-07	33540777
373384	40	1.1925782160622e-06	33540777
373414	1	2.98144554015549e-08	33540777
374930	1	2.98144554015549e-08	33540777
374931	1	2.98144554015549e-08	33540777
375286	29	8.64619206645094e-07	33540777
375451	3	8.94433662046648e-08	33540777
376686	330	9.83877028251313e-06	33540777
377628	4	1.1925782160622e-07	33540777
377629	11	3.27959009417104e-07	33540777
378753	9	2.68330098613995e-07	33540777
378806	10	2.9814455401555e-07	33540777
379066	2	5.96289108031099e-08	33540777
379731	43	1.28202158226686e-06	33540777
380358	8	2.3851564321244e-07	33540777
380394	6	1.7888673240933e-07	33540777
380703	56	1.66960950248708e-06	33540777
380749	1	2.98144554015549e-08	33540777
381666	74	2.20626969971507e-06	33540777
381754	36	1.07332039445598e-06	33540777
382245	118	3.51810573738348e-06	33540777
382640	1	2.98144554015549e-08	33540777
383372	1	2.98144554015549e-08	33540777
383407	5	1.49072277007775e-07	33540777
383629	2	5.96289108031099e-08	33540777
384676	72	2.14664078891196e-06	33540777
386043	16	4.77031286424879e-07	33540777
386415	1	2.98144554015549e-08	33540777
386585	10	2.9814455401555e-07	33540777
386656	2	5.96289108031099e-08	33540777
387092	3	8.94433662046648e-08	33540777
387093	6	1.7888673240933e-07	33540777
387344	8	2.3851564321244e-07	33540777
388919	4	1.1925782160622e-07	33540777
390235	28	8.34804751243539e-07	33540777
390333	28	8.34804751243539e-07	33540777
391008	21	6.26103563432654e-07	33540777
391037	4	1.1925782160622e-07	33540777
391038	8	2.3851564321244e-07	33540777
391165	11	3.27959009417104e-07	33540777
391295	6	1.7888673240933e-07	33540777
391296	4	1.1925782160622e-07	33540777
391595	4	1.1925782160622e-07	33540777
391619	2	5.96289108031099e-08	33540777
391626	2	5.96289108031099e-08	33540777
391735	134	3.99513702380836e-06	33540777
391896	2	5.96289108031099e-08	33540777
391904	62	1.84849623489641e-06	33540777
392499	37	1.10313484985753e-06	33540777
393011	9	2.68330098613995e-07	33540777
393115	3	8.94433662046648e-08	33540777
393305	21	6.26103563432654e-07	33540777
393595	18	5.36660197227989e-07	33540777
394221	8	2.3851564321244e-07	33540777
394503	2	5.96289108031099e-08	33540777
395019	90	2.68330098613995e-06	33540777
395491	4	1.1925782160622e-07	33540777
395492	5	1.49072277007775e-07	33540777
395494	9	2.68330098613995e-07	33540777
395495	206	6.14177781272032e-06	33540777
395960	12	3.57773464818659e-07	33540777
395961	2	5.96289108031099e-08	33540777
395965	7	2.08701187810885e-07	33540777
396513	1	2.98144554015549e-08	33540777
396588	14	4.17402375621769e-07	33540777
396595	3	8.94433662046648e-08	33540777
397945	160	4.77031286424879e-06	33540777
398511	1	2.98144554015549e-08	33540777
398527	17	5.06845741826434e-07	33540777
398577	6	1.7888673240933e-07	33540777
398578	341	1.01667292919302e-05	33540777
398579	2	5.96289108031099e-08	33540777
398580	9	2.68330098613995e-07	33540777
398767	3	8.94433662046648e-08	33540777
399599	5	1.49072277007775e-07	33540777
399726	2	5.96289108031099e-08	33540777
399739	44	1.31183603766842e-06	33540777
399741	9	2.68330098613995e-07	33540777
399742	6	1.7888673240933e-07	33540777
399781	1	2.98144554015549e-08	33540777
399804	4	1.1925782160622e-07	33540777
400667	94	2.80255880774617e-06	33540777
400668	2	5.96289108031099e-08	33540777
400673	5	1.49072277007775e-07	33540777
400756	42	1.25220712686531e-06	33540777
401053	1	2.98144554015549e-08	33540777
401473	18	5.36660197227989e-07	33540777
402612	233	6.9467681085623e-06	33540777
402626	29	8.64619206645094e-07	33540777
402880	1	2.98144554015549e-08	33540777
402881	23	6.85732474235764e-07	33540777
402882	3	8.94433662046648e-08	33540777
403677	23	6.85732474235764e-07	33540777
403833	1	2.98144554015549e-08	33540777
404380	6	1.7888673240933e-07	33540777
404589	5	1.49072277007775e-07	33540777
405416	66	1.96775405650263e-06	33540777
405440	1	2.98144554015549e-08	33540777
405531	1	2.98144554015549e-08	33540777
405532	1	2.98144554015549e-08	33540777
405534	1	2.98144554015549e-08	33540777
405566	2	5.96289108031099e-08	33540777
405948	21	6.26103563432654e-07	33540777
405955	56	1.66960950248708e-06	33540777
406425	7	2.08701187810885e-07	33540777
406552	1	2.98144554015549e-08	33540777
407976	7	2.08701187810885e-07	33540777
409438	8	2.3851564321244e-07	33540777
410358	5	1.49072277007775e-07	33540777
411154	34	1.01369148365287e-06	33540777
412022	3	8.94433662046648e-08	33540777
412030	6	1.7888673240933e-07	33540777
412694	6	1.7888673240933e-07	33540777
413999	9	2.68330098613995e-07	33540777
414684	12	3.57773464818659e-07	33540777
416276	5	1.49072277007775e-07	33540777
416344	8	2.3851564321244e-07	33540777
416348	1	2.98144554015549e-08	33540777
416870	18	5.36660197227989e-07	33540777
418127	1	2.98144554015549e-08	33540777
419610	15	4.47216831023324e-07	33540777
420246	2	5.96289108031099e-08	33540777
420247	34	1.01369148365287e-06	33540777
420662	135	4.02495147920992e-06	33540777
420890	1	2.98144554015549e-08	33540777
423211	2	5.96289108031099e-08	33540777
423212	1	2.98144554015549e-08	33540777
423368	28	8.34804751243539e-07	33540777
423536	20	5.96289108031099e-07	33540777
424182	3	8.94433662046648e-08	33540777
424716	1	2.98144554015549e-08	33540777
425011	12	3.57773464818659e-07	33540777
425104	3	8.94433662046648e-08	33540777
426114	29	8.64619206645094e-07	33540777
426117	24	7.15546929637319e-07	33540777
426355	33	9.83877028251313e-07	33540777
426430	4	1.1925782160622e-07	33540777
428406	27	8.04990295841984e-07	33540777
431895	1	2.98144554015549e-08	33540777
431943	5	1.49072277007775e-07	33540777
431947	8	2.3851564321244e-07	33540777
434922	3	8.94433662046648e-08	33540777
434923	2	5.96289108031099e-08	33540777
434924	1	2.98144554015549e-08	33540777
435258	2	5.96289108031099e-08	33540777
435590	1347	4.01600714258945e-05	33540777
435591	186	5.54548870468922e-06	33540777
435998	4	1.1925782160622e-07	33540777
436114	1	2.98144554015549e-08	33540777
436308	1	2.98144554015549e-08	33540777
436717	41	1.22239267146375e-06	33540777
438753	14	4.17402375621769e-07	33540777
439235	2	5.96289108031099e-08	33540777
439292	3	8.94433662046648e-08	33540777
439375	9	2.68330098613995e-07	33540777
439843	17	5.06845741826434e-07	33540777
439851	1	2.98144554015549e-08	33540777
439855	24	7.15546929637319e-07	33540777
440085	20	5.96289108031099e-07	33540777
441375	2	5.96289108031099e-08	33540777
441620	24	7.15546929637319e-07	33540777
441768	28	8.34804751243539e-07	33540777
442563	6	1.7888673240933e-07	33540777
443143	4	1.1925782160622e-07	33540777
443144	3	8.94433662046648e-08	33540777
443218	3	8.94433662046648e-08	33540777
443254	3	8.94433662046648e-08	33540777
443906	26	7.75175840440429e-07	33540777
444177	9	2.68330098613995e-07	33540777
444178	5	1.49072277007775e-07	33540777
444179	1	2.98144554015549e-08	33540777
444450	1	2.98144554015549e-08	33540777
445932	1	2.98144554015549e-08	33540777
446462	10	2.9814455401555e-07	33540777
446465	3	8.94433662046648e-08	33540777
446466	11	3.27959009417104e-07	33540777
446468	7	2.08701187810885e-07	33540777
446469	15	4.47216831023324e-07	33540777
446470	1	2.98144554015549e-08	33540777
446471	16	4.77031286424879e-07	33540777
447217	8	2.3851564321244e-07	33540777
448385	6	1.7888673240933e-07	33540777
449447	2	5.96289108031099e-08	33540777
450851	23	6.85732474235764e-07	33540777
452637	5	1.49072277007775e-07	33540777
452638	6	1.7888673240933e-07	33540777
452652	11	3.27959009417104e-07	33540777
452662	18	5.36660197227989e-07	33540777
452863	5	1.49072277007775e-07	33540777
454169	15	4.47216831023324e-07	33540777
455488	5	1.49072277007775e-07	33540777
455632	12	3.57773464818659e-07	33540777
456481	4	1.1925782160622e-07	33540777
457425	3	8.94433662046648e-08	33540777
457570	2	5.96289108031099e-08	33540777
458817	4	1.1925782160622e-07	33540777
459349	94	2.80255880774617e-06	33540777
459424	1	2.98144554015549e-08	33540777
460265	16	4.77031286424879e-07	33540777
464988	1	2.98144554015549e-08	33540777
465515	19	5.66474652629544e-07	33540777
465817	3	8.94433662046648e-08	33540777
467705	4	1.1925782160622e-07	33540777
469371	7	2.08701187810885e-07	33540777
469383	11	3.27959009417104e-07	33540777
471223	3	8.94433662046648e-08	33540777
471472	1	2.98144554015549e-08	33540777
471821	1	2.98144554015549e-08	33540777
471852	6	1.7888673240933e-07	33540777
471853	5	1.49072277007775e-07	33540777
471854	9	2.68330098613995e-07	33540777
471855	1	2.98144554015549e-08	33540777
471857	8	2.3851564321244e-07	33540777
472759	1	2.98144554015549e-08	33540777
474186	1	2.98144554015549e-08	33540777
477641	12	3.57773464818659e-07	33540777
478433	1	2.98144554015549e-08	33540777
478434	1	2.98144554015549e-08	33540777
478801	9	2.68330098613995e-07	33540777
479431	13	3.87587920220214e-07	33540777
479432	19	5.66474652629544e-07	33540777
479433	9	2.68330098613995e-07	33540777
479434	2	5.96289108031099e-08	33540777
479435	17	5.06845741826434e-07	33540777
479436	225	6.70825246534986e-06	33540777
479437	18	5.36660197227989e-07	33540777
480119	25	7.45361385038874e-07	33540777
481448	1	2.98144554015549e-08	33540777
481743	6	1.7888673240933e-07	33540777
481805	59	1.75905286869174e-06	33540777
481877	8	2.3851564321244e-07	33540777
482957	10	2.9814455401555e-07	33540777
483179	2	5.96289108031099e-08	33540777
483219	4	1.1925782160622e-07	33540777
484020	10	2.9814455401555e-07	33540777
484021	22	6.55918018834209e-07	33540777
484022	2	5.96289108031099e-08	33540777
485914	2	5.96289108031099e-08	33540777
485917	30	8.94433662046648e-07	33540777
485918	19	5.66474652629544e-07	33540777
486410	1	2.98144554015549e-08	33540777
487213	2	5.96289108031099e-08	33540777
487214	7	2.08701187810885e-07	33540777
487521	3	8.94433662046648e-08	33540777
488538	1	2.98144554015549e-08	33540777
489653	3	8.94433662046648e-08	33540777
490759	7	2.08701187810885e-07	33540777
491077	1	2.98144554015549e-08	33540777
491915	7	2.08701187810885e-07	33540777
491916	5	1.49072277007775e-07	33540777
496874	1	2.98144554015549e-08	33540777
497978	27	8.04990295841984e-07	33540777
498211	11	3.27959009417104e-07	33540777
498216	7	2.08701187810885e-07	33540777
498217	1	2.98144554015549e-08	33540777
502025	5	1.49072277007775e-07	33540777
502558	3	8.94433662046648e-08	33540777
502801	2	5.96289108031099e-08	33540777
504472	1	2.98144554015549e-08	33540777
504474	15	4.47216831023324e-07	33540777
504728	22	6.55918018834209e-07	33540777
504832	28	8.34804751243539e-07	33540777
507522	10	2.9814455401555e-07	33540777
508765	6	1.7888673240933e-07	33540777
508767	7	2.08701187810885e-07	33540777
508771	4	1.1925782160622e-07	33540777
509169	14	4.17402375621769e-07	33540777
509170	33	9.83877028251313e-07	33540777
509173	210	6.26103563432654e-06	33540777
509190	18	5.36660197227989e-07	33540777
510516	1	2.98144554015549e-08	33540777
511062	4	1.1925782160622e-07	33540777
511437	2	5.96289108031099e-08	33540777
511691	1	2.98144554015549e-08	33540777
511995	2	5.96289108031099e-08	33540777
512565	18	5.36660197227989e-07	33540777
515618	2	5.96289108031099e-08	33540777
515619	450	1.34165049306997e-05	33540777
515620	101	3.01125999555705e-06	33540777
515622	10	2.9814455401555e-07	33540777
516950	22	6.55918018834209e-07	33540777
517417	2	5.96289108031099e-08	33540777
517418	1	2.98144554015549e-08	33540777
521006	2	5.96289108031099e-08	33540777
521095	1	2.98144554015549e-08	33540777
521096	4	1.1925782160622e-07	33540777
521097	7	2.08701187810885e-07	33540777
521098	4	1.1925782160622e-07	33540777
521674	1	2.98144554015549e-08	33540777
522306	39	1.16276376066064e-06	33540777
522373	33	9.83877028251313e-07	33540777
522772	1	2.98144554015549e-08	33540777
523791	2	5.96289108031099e-08	33540777
523794	1	2.98144554015549e-08	33540777
525381	1	2.98144554015549e-08	33540777
525897	1	2.98144554015549e-08	33540777
525898	2	5.96289108031099e-08	33540777
525909	2	5.96289108031099e-08	33540777
525919	14	4.17402375621769e-07	33540777
526218	3	8.94433662046648e-08	33540777
526225	9	2.68330098613995e-07	33540777
526226	11	3.27959009417104e-07	33540777
526227	19	5.66474652629544e-07	33540777
527021	2	5.96289108031099e-08	33540777
530564	2	5.96289108031099e-08	33540777
531844	18	5.36660197227989e-07	33540777
535289	210	6.26103563432654e-06	33540777
536019	10	2.9814455401555e-07	33540777
536056	11	3.27959009417104e-07	33540777
537457	6	1.7888673240933e-07	33540777
537973	1	2.98144554015549e-08	33540777
541229	1	2.98144554015549e-08	33540777
543728	259	7.72194394900273e-06	33540777
543734	8	2.3851564321244e-07	33540777
543891	36	1.07332039445598e-06	33540777
543913	48	1.43109385927464e-06	33540777
544556	2	5.96289108031099e-08	33540777
545693	4	1.1925782160622e-07	33540777
546269	3	8.94433662046648e-08	33540777
546271	1	2.98144554015549e-08	33540777
546414	6	1.7888673240933e-07	33540777
548476	7	2.08701187810885e-07	33540777
550538	1	2.98144554015549e-08	33540777
550540	6	1.7888673240933e-07	33540777
550542	1	2.98144554015549e-08	33540777
551115	1	2.98144554015549e-08	33540777
553174	16	4.77031286424879e-07	33540777
553199	154	4.59142613183946e-06	33540777
555778	4	1.1925782160622e-07	33540777
556484	20	5.96289108031099e-07	33540777
557433	5	1.49072277007775e-07	33540777
557436	5	1.49072277007775e-07	33540777
557598	26	7.75175840440429e-07	33540777
557599	2	5.96289108031099e-08	33540777
557600	13	3.87587920220214e-07	33540777
557722	29	8.64619206645094e-07	33540777
557760	4	1.1925782160622e-07	33540777
559292	29	8.64619206645094e-07	33540777
559295	9	2.68330098613995e-07	33540777
559307	2	5.96289108031099e-08	33540777
561229	3	8.94433662046648e-08	33540777
561276	1	2.98144554015549e-08	33540777
561996	1	2.98144554015549e-08	33540777
562019	3	8.94433662046648e-08	33540777
563040	3	8.94433662046648e-08	33540777
565040	99	2.95163108475394e-06	33540777
565042	72	2.14664078891196e-06	33540777
565050	21	6.26103563432654e-07	33540777
565655	3	8.94433662046648e-08	33540777
566546	2	5.96289108031099e-08	33540777
567106	1	2.98144554015549e-08	33540777
568704	1	2.98144554015549e-08	33540777
568706	1	2.98144554015549e-08	33540777
568707	7	2.08701187810885e-07	33540777
568708	1	2.98144554015549e-08	33540777
568813	1	2.98144554015549e-08	33540777
568814	7	2.08701187810885e-07	33540777
568816	12	3.57773464818659e-07	33540777
570417	1	2.98144554015549e-08	33540777
571800	289	8.61637761104938e-06	33540777
572307	1	2.98144554015549e-08	33540777
572477	8	2.3851564321244e-07	33540777
572479	4	1.1925782160622e-07	33540777
572480	43	1.28202158226686e-06	33540777
572547	2	5.96289108031099e-08	33540777
573059	1	2.98144554015549e-08	33540777
573061	2	5.96289108031099e-08	33540777
573062	1	2.98144554015549e-08	33540777
573065	6	1.7888673240933e-07	33540777
573235	5	1.49072277007775e-07	33540777
573370	4	1.1925782160622e-07	33540777
573729	7	2.08701187810885e-07	33540777
573826	1	2.98144554015549e-08	33540777
574093	3	8.94433662046648e-08	33540777
574521	4	1.1925782160622e-07	33540777
575614	3	8.94433662046648e-08	33540777
577650	4	1.1925782160622e-07	33540777
578455	7	2.08701187810885e-07	33540777
578461	1	2.98144554015549e-08	33540777
579138	1	2.98144554015549e-08	33540777
579405	3	8.94433662046648e-08	33540777
580050	4	1.1925782160622e-07	33540777
580327	2	5.96289108031099e-08	33540777
580332	11	3.27959009417104e-07	33540777
580340	1	2.98144554015549e-08	33540777
582402	3	8.94433662046648e-08	33540777
582744	5	1.49072277007775e-07	33540777
582899	4	1.1925782160622e-07	33540777
583345	15	4.47216831023324e-07	33540777
583346	5	1.49072277007775e-07	33540777
583355	6	1.7888673240933e-07	33540777
585035	4	1.1925782160622e-07	33540777
585054	6	1.7888673240933e-07	33540777
585055	3	8.94433662046648e-08	33540777
585056	6	1.7888673240933e-07	33540777
585057	5	1.49072277007775e-07	33540777
585394	181	5.39641642768145e-06	33540777
585395	6	1.7888673240933e-07	33540777
585396	23	6.85732474235764e-07	33540777
585397	5	1.49072277007775e-07	33540777
590409	1	2.98144554015549e-08	33540777
590739	1	2.98144554015549e-08	33540777
590998	15	4.47216831023324e-07	33540777
591001	6	1.7888673240933e-07	33540777
591020	3	8.94433662046648e-08	33540777
591167	5	1.49072277007775e-07	33540777
592022	1	2.98144554015549e-08	33540777
592029	2	5.96289108031099e-08	33540777
592316	3	8.94433662046648e-08	33540777
593588	2	5.96289108031099e-08	33540777
593907	13	3.87587920220214e-07	33540777
595494	22	6.55918018834209e-07	33540777
595495	30	8.94433662046648e-07	33540777
595496	1	2.98144554015549e-08	33540777
595528	5	1.49072277007775e-07	33540777
595537	177	5.27715860607523e-06	33540777
596153	198	5.90326216950788e-06	33540777
596154	163	4.85975623045346e-06	33540777
598659	1	2.98144554015549e-08	33540777
600809	1	2.98144554015549e-08	33540777
604162	1	2.98144554015549e-08	33540777
610130	31	9.24248117448203e-07	33540777
617121	1	2.98144554015549e-08	33540777
622759	10	2.9814455401555e-07	33540777
626418	8	2.3851564321244e-07	33540777
627192	12	3.57773464818659e-07	33540777
630588	2	5.96289108031099e-08	33540777
630626	2	5.96289108031099e-08	33540777
632335	1	2.98144554015549e-08	33540777
632772	26	7.75175840440429e-07	33540777
633147	3	8.94433662046648e-08	33540777
633149	35	1.04350593905442e-06	33540777
633699	4	1.1925782160622e-07	33540777
634177	5	1.49072277007775e-07	33540777
634452	7	2.08701187810885e-07	33540777
634498	2	5.96289108031099e-08	33540777
634499	1	2.98144554015549e-08	33540777
634500	8	2.3851564321244e-07	33540777
637379	22	6.55918018834209e-07	33540777
637887	2	5.96289108031099e-08	33540777
637909	5	1.49072277007775e-07	33540777
637910	3	8.94433662046648e-08	33540777
639282	2	5.96289108031099e-08	33540777
639283	23	6.85732474235764e-07	33540777
640081	40	1.1925782160622e-06	33540777
640131	9	2.68330098613995e-07	33540777
640132	4	1.1925782160622e-07	33540777
640510	10	2.9814455401555e-07	33540777
640511	12	3.57773464818659e-07	33540777
640512	6	1.7888673240933e-07	33540777
640513	5	1.49072277007775e-07	33540777
641491	1	2.98144554015549e-08	33540777
641892	1	2.98144554015549e-08	33540777
642492	4	1.1925782160622e-07	33540777
643561	98	2.92181662935238e-06	33540777
643562	1	2.98144554015549e-08	33540777
643867	4	1.1925782160622e-07	33540777
644223	1	2.98144554015549e-08	33540777
644282	3	8.94433662046648e-08	33540777
644283	8	2.3851564321244e-07	33540777
644284	8	2.3851564321244e-07	33540777
644801	11	3.27959009417104e-07	33540777
644966	2	5.96289108031099e-08	33540777
645127	9	2.68330098613995e-07	33540777
645462	2	5.96289108031099e-08	33540777
645463	22	6.55918018834209e-07	33540777
645464	3	8.94433662046648e-08	33540777
646529	5	1.49072277007775e-07	33540777
648757	5	1.49072277007775e-07	33540777
648999	10	2.9814455401555e-07	33540777
649349	10	2.9814455401555e-07	33540777
649638	2	5.96289108031099e-08	33540777
649831	6	1.7888673240933e-07	33540777
652103	16	4.77031286424879e-07	33540777
652620	2	5.96289108031099e-08	33540777
653045	7	2.08701187810885e-07	33540777
653733	2	5.96289108031099e-08	33540777
655815	15	4.47216831023324e-07	33540777
655816	1	2.98144554015549e-08	33540777
655817	4	1.1925782160622e-07	33540777
656024	5	1.49072277007775e-07	33540777
656519	1	2.98144554015549e-08	33540777
657308	23	6.85732474235764e-07	33540777
657309	235	7.00639701936541e-06	33540777
657310	7	2.08701187810885e-07	33540777
657313	290	8.64619206645094e-06	33540777
657314	181	5.39641642768145e-06	33540777
657315	146	4.35291048862702e-06	33540777
657316	53	1.58016613628241e-06	33540777
657317	339	1.01071003811271e-05	33540777
657318	381	1.13593075079924e-05	33540777
657319	54	1.60998059168397e-06	33540777
657321	217	6.46973682213742e-06	33540777
657322	358	1.06735750337567e-05	33540777
657323	309	9.21266671908048e-06	33540777
657324	2	5.96289108031099e-08	33540777
658172	1	2.98144554015549e-08	33540777
661367	7	2.08701187810885e-07	33540777
661410	12	3.57773464818659e-07	33540777
662755	20	5.96289108031099e-07	33540777
663278	8	2.3851564321244e-07	33540777
663917	2	5.96289108031099e-08	33540777
665029	1	2.98144554015549e-08	33540777
666681	46	1.37146494847153e-06	33540777
666685	15	4.47216831023324e-07	33540777
666686	1	2.98144554015549e-08	33540777
667014	1	2.98144554015549e-08	33540777
667015	55	1.63979504708552e-06	33540777
668336	1	2.98144554015549e-08	33540777
669502	1	2.98144554015549e-08	33540777
670307	5	1.49072277007775e-07	33540777
671143	3	8.94433662046648e-08	33540777
673839	2	5.96289108031099e-08	33540777
673862	3	8.94433662046648e-08	33540777
675635	12	3.57773464818659e-07	33540777
679935	68	2.02738296730574e-06	33540777
680198	6	1.7888673240933e-07	33540777
680646	6	1.7888673240933e-07	33540777
682795	2	5.96289108031099e-08	33540777
684738	12	3.57773464818659e-07	33540777
685727	17	5.06845741826434e-07	33540777
687345	1	2.98144554015549e-08	33540777
688245	83	2.47459979832906e-06	33540777
688270	16	4.77031286424879e-07	33540777
690566	13	3.87587920220214e-07	33540777
691437	2	5.96289108031099e-08	33540777
693746	4	1.1925782160622e-07	33540777
693970	5	1.49072277007775e-07	33540777
693973	1	2.98144554015549e-08	33540777
693974	4	1.1925782160622e-07	33540777
693978	8	2.3851564321244e-07	33540777
693979	34	1.01369148365287e-06	33540777
693982	2	5.96289108031099e-08	33540777
694427	11	3.27959009417104e-07	33540777
694569	2	5.96289108031099e-08	33540777
695560	3	8.94433662046648e-08	33540777
696125	2	5.96289108031099e-08	33540777
696127	1	2.98144554015549e-08	33540777
696216	1	2.98144554015549e-08	33540777
696281	4	1.1925782160622e-07	33540777
696406	4	1.1925782160622e-07	33540777
696747	1	2.98144554015549e-08	33540777
696748	1	2.98144554015549e-08	33540777
696749	5	1.49072277007775e-07	33540777
697329	19	5.66474652629544e-07	33540777
698737	2	5.96289108031099e-08	33540777
698758	3	8.94433662046648e-08	33540777
698761	5	1.49072277007775e-07	33540777
698962	1	2.98144554015549e-08	33540777
698965	3	8.94433662046648e-08	33540777
698972	3	8.94433662046648e-08	33540777
698973	1	2.98144554015549e-08	33540777
699032	6	1.7888673240933e-07	33540777
699033	4	1.1925782160622e-07	33540777
699037	10	2.9814455401555e-07	33540777
700508	4	1.1925782160622e-07	33540777
700598	34	1.01369148365287e-06	33540777
701347	2	5.96289108031099e-08	33540777
701521	3	8.94433662046648e-08	33540777
702113	23	6.85732474235764e-07	33540777
702459	21	6.26103563432654e-07	33540777
707241	5	1.49072277007775e-07	33540777
709032	2	5.96289108031099e-08	33540777
709986	6	1.7888673240933e-07	33540777
709991	53	1.58016613628241e-06	33540777
710421	8	2.3851564321244e-07	33540777
710685	7	2.08701187810885e-07	33540777
710686	4	1.1925782160622e-07	33540777
710696	8	2.3851564321244e-07	33540777
712898	4	1.1925782160622e-07	33540777
712961	10	2.9814455401555e-07	33540777
713604	5	1.49072277007775e-07	33540777
714313	8	2.3851564321244e-07	33540777
714962	2	5.96289108031099e-08	33540777
715451	1	2.98144554015549e-08	33540777
716540	1	2.98144554015549e-08	33540777
716541	17	5.06845741826434e-07	33540777
716544	2	5.96289108031099e-08	33540777
717608	41	1.22239267146375e-06	33540777
717774	2	5.96289108031099e-08	33540777
717785	5	1.49072277007775e-07	33540777
717959	76	2.26589861051818e-06	33540777
717960	72	2.14664078891196e-06	33540777
717961	38	1.13294930525909e-06	33540777
717962	138	4.11439484541458e-06	33540777
718251	1	2.98144554015549e-08	33540777
718252	241	7.18528375177474e-06	33540777
718254	5	1.49072277007775e-07	33540777
718255	129	3.84606474680059e-06	33540777
718271	3	8.94433662046648e-08	33540777
718274	3	8.94433662046648e-08	33540777
720554	3	8.94433662046648e-08	33540777
722911	27	8.04990295841984e-07	33540777
741091	14	4.17402375621769e-07	33540777
742013	197	5.87344771410633e-06	33540777
743299	2	5.96289108031099e-08	33540777
743525	267	7.96045959221517e-06	33540777
743718	12	3.57773464818659e-07	33540777
743720	21	6.26103563432654e-07	33540777
743721	13	3.87587920220214e-07	33540777
743722	3	8.94433662046648e-08	33540777
743973	1	2.98144554015549e-08	33540777
744533	2	5.96289108031099e-08	33540777
744872	1	2.98144554015549e-08	33540777
745277	2	5.96289108031099e-08	33540777
745310	20	5.96289108031099e-07	33540777
745776	6	1.7888673240933e-07	33540777
746361	6	1.7888673240933e-07	33540777
746697	10	2.9814455401555e-07	33540777
748247	22	6.55918018834209e-07	33540777
748280	28	8.34804751243539e-07	33540777
748671	4	1.1925782160622e-07	33540777
748727	2	5.96289108031099e-08	33540777
749219	5	1.49072277007775e-07	33540777
749222	4	1.1925782160622e-07	33540777
749414	7	2.08701187810885e-07	33540777
749927	9	2.68330098613995e-07	33540777
751585	56	1.66960950248708e-06	33540777
751945	40	1.1925782160622e-06	33540777
754035	10	2.9814455401555e-07	33540777
754252	4	1.1925782160622e-07	33540777
754476	6	1.7888673240933e-07	33540777
754477	7	2.08701187810885e-07	33540777
754507	1	2.98144554015549e-08	33540777
755178	1	2.98144554015549e-08	33540777
755732	32	9.54062572849758e-07	33540777
756272	2	5.96289108031099e-08	33540777
757424	89	2.65348653073839e-06	33540777
757425	1	2.98144554015549e-08	33540777
758793	7	2.08701187810885e-07	33540777
759350	63	1.87831069029796e-06	33540777
759362	2	5.96289108031099e-08	33540777
760011	1	2.98144554015549e-08	33540777
760192	10	2.9814455401555e-07	33540777
760568	2	5.96289108031099e-08	33540777
760570	46	1.37146494847153e-06	33540777
761193	6	1.7888673240933e-07	33540777
762051	2	5.96289108031099e-08	33540777
762376	39	1.16276376066064e-06	33540777
762550	4	1.1925782160622e-07	33540777
762570	1	2.98144554015549e-08	33540777
762633	76	2.26589861051818e-06	33540777
762903	18	5.36660197227989e-07	33540777
762948	1	2.98144554015549e-08	33540777
765698	11	3.27959009417104e-07	33540777
765874	7	2.08701187810885e-07	33540777
765911	3	8.94433662046648e-08	33540777
765912	3	8.94433662046648e-08	33540777
765952	1	2.98144554015549e-08	33540777
765962	1	2.98144554015549e-08	33540777
767029	2	5.96289108031099e-08	33540777
767031	7	2.08701187810885e-07	33540777
767434	6	1.7888673240933e-07	33540777
767463	121	3.60754910358815e-06	33540777
767468	1	2.98144554015549e-08	33540777
768065	1	2.98144554015549e-08	33540777
768066	11	3.27959009417104e-07	33540777
768486	4	1.1925782160622e-07	33540777
768490	5	1.49072277007775e-07	33540777
768492	3	8.94433662046648e-08	33540777
768670	5	1.49072277007775e-07	33540777
788929	1	2.98144554015549e-08	33540777
798128	67	1.99756851190418e-06	33540777
856793	3	8.94433662046648e-08	33540777
857087	6	1.7888673240933e-07	33540777
858619	4	1.1925782160622e-07	33540777
859655	11	3.27959009417104e-07	33540777
859656	19	5.66474652629544e-07	33540777
859657	23	6.85732474235764e-07	33540777
860228	9	2.68330098613995e-07	33540777
861208	6	1.7888673240933e-07	33540777
861360	43	1.28202158226686e-06	33540777
862259	1	2.98144554015549e-08	33540777
862719	12	3.57773464818659e-07	33540777
862751	6	1.7888673240933e-07	33540777
862962	67	1.99756851190418e-06	33540777
862965	1	2.98144554015549e-08	33540777
862967	1	2.98144554015549e-08	33540777
862968	1	2.98144554015549e-08	33540777
862971	2	5.96289108031099e-08	33540777
865938	9	2.68330098613995e-07	33540777
866536	10	2.9814455401555e-07	33540777
866768	34	1.01369148365287e-06	33540777
866775	3	8.94433662046648e-08	33540777
866777	11	3.27959009417104e-07	33540777
866895	4	1.1925782160622e-07	33540777
866913	1	2.98144554015549e-08	33540777
867900	14	4.17402375621769e-07	33540777
867902	3	8.94433662046648e-08	33540777
868132	1	2.98144554015549e-08	33540777
868597	20	5.96289108031099e-07	33540777
869209	5	1.49072277007775e-07	33540777
869210	8	2.3851564321244e-07	33540777
869212	2	5.96289108031099e-08	33540777
869216	1	2.98144554015549e-08	33540777
869729	16	4.77031286424879e-07	33540777
871585	38	1.13294930525909e-06	33540777
875328	7	2.08701187810885e-07	33540777
880070	4	1.1925782160622e-07	33540777
880071	15	4.47216831023324e-07	33540777
880072	1	2.98144554015549e-08	33540777
880591	5	1.49072277007775e-07	33540777
880758	19	5.66474652629544e-07	33540777
881621	1	2.98144554015549e-08	33540777
882102	7	2.08701187810885e-07	33540777
882378	1	2.98144554015549e-08	33540777
882944	1	2.98144554015549e-08	33540777
883062	21	6.26103563432654e-07	33540777
884204	1	2.98144554015549e-08	33540777
885275	1	2.98144554015549e-08	33540777
885276	3	8.94433662046648e-08	33540777
886293	2	5.96289108031099e-08	33540777
886377	8	2.3851564321244e-07	33540777
887061	4	1.1925782160622e-07	33540777
889738	21	6.26103563432654e-07	33540777
889932	1	2.98144554015549e-08	33540777
890402	103	3.07088890636016e-06	33540777
891391	5	1.49072277007775e-07	33540777
891398	2	5.96289108031099e-08	33540777
903814	10	2.9814455401555e-07	33540777
905079	2	5.96289108031099e-08	33540777
906968	4	1.1925782160622e-07	33540777
907265	2	5.96289108031099e-08	33540777
907269	2	5.96289108031099e-08	33540777
908937	8	2.3851564321244e-07	33540777
909952	13	3.87587920220214e-07	33540777
909954	4	1.1925782160622e-07	33540777
910348	3	8.94433662046648e-08	33540777
911045	1	2.98144554015549e-08	33540777
914127	1	2.98144554015549e-08	33540777
914149	1	2.98144554015549e-08	33540777
926562	1	2.98144554015549e-08	33540777
926566	2	5.96289108031099e-08	33540777
926570	3	8.94433662046648e-08	33540777
927666	6	1.7888673240933e-07	33540777
927704	1	2.98144554015549e-08	33540777
929102	6	1.7888673240933e-07	33540777
929439	2	5.96289108031099e-08	33540777
929506	2	5.96289108031099e-08	33540777
929556	3	8.94433662046648e-08	33540777
929562	16	4.77031286424879e-07	33540777
930169	5	1.49072277007775e-07	33540777
930171	14	4.17402375621769e-07	33540777
930944	12	3.57773464818659e-07	33540777
931276	13	3.87587920220214e-07	33540777
931281	9	2.68330098613995e-07	33540777
931626	5	1.49072277007775e-07	33540777
931890	3	8.94433662046648e-08	33540777
933093	2	5.96289108031099e-08	33540777
935296	6	1.7888673240933e-07	33540777
935591	1	2.98144554015549e-08	33540777
936153	15	4.47216831023324e-07	33540777
936156	1	2.98144554015549e-08	33540777
936157	3	8.94433662046648e-08	33540777
937773	1	2.98144554015549e-08	33540777
937774	3	8.94433662046648e-08	33540777
941193	1	2.98144554015549e-08	33540777
941639	5	1.49072277007775e-07	33540777
942513	1	2.98144554015549e-08	33540777
944546	71	2.1168263335104e-06	33540777
944547	111	3.3094045495726e-06	33540777
945021	4	1.1925782160622e-07	33540777
945556	7	2.08701187810885e-07	33540777
945704	3	8.94433662046648e-08	33540777
945713	1	2.98144554015549e-08	33540777
946483	12	3.57773464818659e-07	33540777
953739	5	1.49072277007775e-07	33540777
956149	2	5.96289108031099e-08	33540777
977880	34	1.01369148365287e-06	33540777
979556	18	5.36660197227989e-07	33540777
980514	4	1.1925782160622e-07	33540777
981368	7	2.08701187810885e-07	33540777
981539	1	2.98144554015549e-08	33540777
981540	5	1.49072277007775e-07	33540777
983544	6	1.7888673240933e-07	33540777
983545	2	5.96289108031099e-08	33540777
983548	4	1.1925782160622e-07	33540777
983917	146	4.35291048862702e-06	33540777
984262	3	8.94433662046648e-08	33540777
984892	3	8.94433662046648e-08	33540777
985002	1	2.98144554015549e-08	33540777
990288	3	8.94433662046648e-08	33540777
990315	9	2.68330098613995e-07	33540777
990316	28	8.34804751243539e-07	33540777
990317	3	8.94433662046648e-08	33540777
991905	12	3.57773464818659e-07	33540777
992406	3	8.94433662046648e-08	33540777
994476	14	4.17402375621769e-07	33540777
994484	63	1.87831069029796e-06	33540777
996285	26	7.75175840440429e-07	33540777
997761	1	2.98144554015549e-08	33540777
998088	22	6.55918018834209e-07	33540777
999378	1	2.98144554015549e-08	33540777
999541	21	6.26103563432654e-07	33540777
999552	6	1.7888673240933e-07	33540777
999953	3	8.94433662046648e-08	33540777
1001583	2	5.96289108031099e-08	33540777
1001585	27	8.04990295841984e-07	33540777
1002809	23	6.85732474235764e-07	33540777
1003195	16	4.77031286424879e-07	33540777
1003201	1	2.98144554015549e-08	33540777
1003202	1	2.98144554015549e-08	33540777
1004952	2	5.96289108031099e-08	33540777
1005041	1	2.98144554015549e-08	33540777
1005042	1	2.98144554015549e-08	33540777
1005048	72	2.14664078891196e-06	33540777
1006007	1	2.98144554015549e-08	33540777
1006551	10	2.9814455401555e-07	33540777
1007105	10	2.9814455401555e-07	33540777
1008459	1	2.98144554015549e-08	33540777
1009846	11	3.27959009417104e-07	33540777
1017264	2	5.96289108031099e-08	33540777
1028307	5	1.49072277007775e-07	33540777
1029756	8	2.3851564321244e-07	33540777
1030843	3	8.94433662046648e-08	33540777
1031709	12	3.57773464818659e-07	33540777
1031710	7	2.08701187810885e-07	33540777
1031711	12	3.57773464818659e-07	33540777
1032480	9	2.68330098613995e-07	33540777
1033813	5	1.49072277007775e-07	33540777
1033837	4	1.1925782160622e-07	33540777
1034807	131	3.9056936576037e-06	33540777
1034809	1	2.98144554015549e-08	33540777
1035817	31	9.24248117448203e-07	33540777
1036172	43	1.28202158226686e-06	33540777
1036672	6	1.7888673240933e-07	33540777
1036673	1	2.98144554015549e-08	33540777
1036743	5	1.49072277007775e-07	33540777
1037409	35	1.04350593905442e-06	33540777
1037911	247	7.36417048418407e-06	33540777
1041826	64	1.90812514569952e-06	33540777
1042156	31	9.24248117448203e-07	33540777
1042876	23	6.85732474235764e-07	33540777
1042878	33	9.83877028251313e-07	33540777
1045854	2	5.96289108031099e-08	33540777
1045855	12	3.57773464818659e-07	33540777
1045856	2	5.96289108031099e-08	33540777
1046624	2	5.96289108031099e-08	33540777
1046629	60	1.7888673240933e-06	33540777
1046632	1	2.98144554015549e-08	33540777
1048332	47	1.40127940387308e-06	33540777
1048689	2	5.96289108031099e-08	33540777
1048834	1	2.98144554015549e-08	33540777
1049565	10	2.9814455401555e-07	33540777
1051074	27	8.04990295841984e-07	33540777
1053648	2	5.96289108031099e-08	33540777
1064535	32	9.54062572849758e-07	33540777
1064539	16	4.77031286424879e-07	33540777
1064592	3	8.94433662046648e-08	33540777
1069533	7	2.08701187810885e-07	33540777
1069534	12	3.57773464818659e-07	33540777
1069642	1	2.98144554015549e-08	33540777
1071381	2	5.96289108031099e-08	33540777
1071382	1	2.98144554015549e-08	33540777
1071400	2	5.96289108031099e-08	33540777
1072459	1	2.98144554015549e-08	33540777
1075089	4	1.1925782160622e-07	33540777
1076934	4	1.1925782160622e-07	33540777
1082931	4	1.1925782160622e-07	33540777
1087452	1	2.98144554015549e-08	33540777
1088720	1	2.98144554015549e-08	33540777
1089456	22	6.55918018834209e-07	33540777
1089553	4	1.1925782160622e-07	33540777
1090974	4	1.1925782160622e-07	33540777
1091045	57	1.69942395788863e-06	33540777
1091494	1	2.98144554015549e-08	33540777
1093141	15	4.47216831023324e-07	33540777
1093787	4	1.1925782160622e-07	33540777
1094466	49	1.46090831467619e-06	33540777
1096996	23	6.85732474235764e-07	33540777
1097668	12	3.57773464818659e-07	33540777
1097677	19	5.66474652629544e-07	33540777
1100841	1	2.98144554015549e-08	33540777
1104320	3	8.94433662046648e-08	33540777
1104322	13	3.87587920220214e-07	33540777
1104325	110	3.27959009417104e-06	33540777
1104326	3	8.94433662046648e-08	33540777
1105104	1	2.98144554015549e-08	33540777
1107880	4	1.1925782160622e-07	33540777
1110502	11	3.27959009417104e-07	33540777
1111068	3	8.94433662046648e-08	33540777
1111069	40	1.1925782160622e-06	33540777
1111678	3	8.94433662046648e-08	33540777
1112204	6	1.7888673240933e-07	33540777
1114965	42	1.25220712686531e-06	33540777
1114966	3	8.94433662046648e-08	33540777
1114967	18	5.36660197227989e-07	33540777
1114969	155	4.62124058724102e-06	33540777
1114970	57	1.69942395788863e-06	33540777
1116231	7	2.08701187810885e-07	33540777
1117647	7	2.08701187810885e-07	33540777
1117943	4	1.1925782160622e-07	33540777
1118963	12	3.57773464818659e-07	33540777
1121335	4	1.1925782160622e-07	33540777
1121353	13	3.87587920220214e-07	33540777
1121362	11	3.27959009417104e-07	33540777
1121448	2	5.96289108031099e-08	33540777
1123519	13	3.87587920220214e-07	33540777
1124983	42	1.25220712686531e-06	33540777
1124991	1	2.98144554015549e-08	33540777
1125630	15	4.47216831023324e-07	33540777
1127134	10	2.9814455401555e-07	33540777
1128398	5	1.49072277007775e-07	33540777
1129794	2	5.96289108031099e-08	33540777
1132507	1	2.98144554015549e-08	33540777
1133849	7	2.08701187810885e-07	33540777
1133850	10	2.9814455401555e-07	33540777
1133852	4	1.1925782160622e-07	33540777
1133853	5	1.49072277007775e-07	33540777
1134454	73	2.17645524431351e-06	33540777
1136179	2173	6.47868115875789e-05	33540777
1137651	6	1.7888673240933e-07	33540777
1138308	2	5.96289108031099e-08	33540777
1138382	1	2.98144554015549e-08	33540777
1138383	5	1.49072277007775e-07	33540777
1142394	4	1.1925782160622e-07	33540777
1144275	2	5.96289108031099e-08	33540777
1146883	5	1.49072277007775e-07	33540777
1147128	5	1.49072277007775e-07	33540777
1150469	2	5.96289108031099e-08	33540777
1151116	10	2.9814455401555e-07	33540777
1155766	286	8.52693424484472e-06	33540777
1156431	7	2.08701187810885e-07	33540777
1156433	8	2.3851564321244e-07	33540777
1156913	2	5.96289108031099e-08	33540777
1157951	1	2.98144554015549e-08	33540777
1161918	1	2.98144554015549e-08	33540777
1163399	23	6.85732474235764e-07	33540777
1163617	19	5.66474652629544e-07	33540777
1163748	5	1.49072277007775e-07	33540777
1166018	2	5.96289108031099e-08	33540777
1167006	3	8.94433662046648e-08	33540777
1167634	53	1.58016613628241e-06	33540777
1168287	1	2.98144554015549e-08	33540777
1170318	9	2.68330098613995e-07	33540777
1170562	3	8.94433662046648e-08	33540777
1171373	3	8.94433662046648e-08	33540777
1171376	2	5.96289108031099e-08	33540777
1173020	23	6.85732474235764e-07	33540777
1173022	2	5.96289108031099e-08	33540777
1173026	5	1.49072277007775e-07	33540777
1173027	1	2.98144554015549e-08	33540777
1173263	3	8.94433662046648e-08	33540777
1179773	4	1.1925782160622e-07	33540777
1183438	2	5.96289108031099e-08	33540777
1184267	2	5.96289108031099e-08	33540777
1185652	4	1.1925782160622e-07	33540777
1186051	3	8.94433662046648e-08	33540777
1187956	26	7.75175840440429e-07	33540777
1191061	22	6.55918018834209e-07	33540777
1191523	3	8.94433662046648e-08	33540777
1192196	1	2.98144554015549e-08	33540777
1193292	13	3.87587920220214e-07	33540777
1193729	1	2.98144554015549e-08	33540777
1194526	4	1.1925782160622e-07	33540777
1196325	13	3.87587920220214e-07	33540777
1196835	23	6.85732474235764e-07	33540777
1198114	1	2.98144554015549e-08	33540777
1198627	4	1.1925782160622e-07	33540777
1199187	1	2.98144554015549e-08	33540777
1199191	1	2.98144554015549e-08	33540777
1200352	3	8.94433662046648e-08	33540777
1202772	3	8.94433662046648e-08	33540777
1203460	6	1.7888673240933e-07	33540777
1204414	17	5.06845741826434e-07	33540777
1205674	2	5.96289108031099e-08	33540777
1205910	2	5.96289108031099e-08	33540777
1206105	3	8.94433662046648e-08	33540777
1207075	42	1.25220712686531e-06	33540777
1208658	5	1.49072277007775e-07	33540777
1208660	3	8.94433662046648e-08	33540777
1208920	1	2.98144554015549e-08	33540777
1208923	4	1.1925782160622e-07	33540777
1209989	2	5.96289108031099e-08	33540777
1211025	2	5.96289108031099e-08	33540777
1211579	7	2.08701187810885e-07	33540777
1214101	3	8.94433662046648e-08	33540777
1214242	5	1.49072277007775e-07	33540777
1215088	37	1.10313484985753e-06	33540777
1215343	2	5.96289108031099e-08	33540777
1216976	36	1.07332039445598e-06	33540777
1218175	3	8.94433662046648e-08	33540777
1218933	1	2.98144554015549e-08	33540777
1224163	7	2.08701187810885e-07	33540777
1228997	4	1.1925782160622e-07	33540777
1229205	2	5.96289108031099e-08	33540777
1229512	1	2.98144554015549e-08	33540777
1229756	2	5.96289108031099e-08	33540777
1229758	3	8.94433662046648e-08	33540777
1229908	1	2.98144554015549e-08	33540777
1229909	1	2.98144554015549e-08	33540777
1230587	1	2.98144554015549e-08	33540777
1231072	3	8.94433662046648e-08	33540777
1231626	2	5.96289108031099e-08	33540777
1232381	13	3.87587920220214e-07	33540777
1232383	1	2.98144554015549e-08	33540777
1233873	4	1.1925782160622e-07	33540777
1234378	1	2.98144554015549e-08	33540777
1234380	1	2.98144554015549e-08	33540777
1234679	47	1.40127940387308e-06	33540777
1236903	10	2.9814455401555e-07	33540777
1244085	1	2.98144554015549e-08	33540777
1245469	20	5.96289108031099e-07	33540777
1245471	59	1.75905286869174e-06	33540777
1246301	138	4.11439484541458e-06	33540777
1246365	2	5.96289108031099e-08	33540777
1246955	2	5.96289108031099e-08	33540777
1246995	8	2.3851564321244e-07	33540777
1249480	1	2.98144554015549e-08	33540777
1249526	1	2.98144554015549e-08	33540777
1249634	1	2.98144554015549e-08	33540777
1249661	7	2.08701187810885e-07	33540777
1254432	6	1.7888673240933e-07	33540777
1254439	5	1.49072277007775e-07	33540777
1255043	5	1.49072277007775e-07	33540777
1257118	4	1.1925782160622e-07	33540777
1260251	2	5.96289108031099e-08	33540777
1262456	6	1.7888673240933e-07	33540777
1265601	3	8.94433662046648e-08	33540777
1266845	30	8.94433662046648e-07	33540777
1267577	3	8.94433662046648e-08	33540777
1267754	5	1.49072277007775e-07	33540777
1271863	2	5.96289108031099e-08	33540777
1274814	1	2.98144554015549e-08	33540777
1276220	1	2.98144554015549e-08	33540777
1276221	1	2.98144554015549e-08	33540777
1276227	1	2.98144554015549e-08	33540777
1276229	1	2.98144554015549e-08	33540777
1276282	2	5.96289108031099e-08	33540777
1276647	2	5.96289108031099e-08	33540777
1278073	2	5.96289108031099e-08	33540777
1279008	1	2.98144554015549e-08	33540777
1280938	5	1.49072277007775e-07	33540777
1282356	130	3.87587920220214e-06	33540777
1283331	9	2.68330098613995e-07	33540777
1286170	13	3.87587920220214e-07	33540777
1288122	1	2.98144554015549e-08	33540777
1288394	33	9.83877028251313e-07	33540777
1294143	18	5.36660197227989e-07	33540777
1295826	1	2.98144554015549e-08	33540777
1298593	2	5.96289108031099e-08	33540777
1298917	1	2.98144554015549e-08	33540777
1300150	5	1.49072277007775e-07	33540777
1302863	1	2.98144554015549e-08	33540777
1303024	5	1.49072277007775e-07	33540777
1303692	2	5.96289108031099e-08	33540777
1304892	4	1.1925782160622e-07	33540777
1305849	51	1.5205372254793e-06	33540777
1310161	3	8.94433662046648e-08	33540777
1313172	4	1.1925782160622e-07	33540777
1314884	1	2.98144554015549e-08	33540777
1318615	7	2.08701187810885e-07	33540777
1318634	2	5.96289108031099e-08	33540777
1318635	2	5.96289108031099e-08	33540777
1321370	1	2.98144554015549e-08	33540777
1327988	1	2.98144554015549e-08	33540777
1328306	5	1.49072277007775e-07	33540777
1331671	28	8.34804751243539e-07	33540777
1332188	10	2.9814455401555e-07	33540777
1335307	1	2.98144554015549e-08	33540777
1335757	1	2.98144554015549e-08	33540777
1340495	4	1.1925782160622e-07	33540777
1340851	7	2.08701187810885e-07	33540777
1343740	5	1.49072277007775e-07	33540777
1345695	13	3.87587920220214e-07	33540777
1345697	1	2.98144554015549e-08	33540777
1346614	7	2.08701187810885e-07	33540777
1355100	3	8.94433662046648e-08	33540777
1358027	3	8.94433662046648e-08	33540777
1367477	8	2.3851564321244e-07	33540777
1367847	12	3.57773464818659e-07	33540777
1379702	7	2.08701187810885e-07	33540777
1380774	15	4.47216831023324e-07	33540777
1380908	14	4.17402375621769e-07	33540777
1382700	1	2.98144554015549e-08	33540777
1384484	3	8.94433662046648e-08	33540777
1388758	1	2.98144554015549e-08	33540777
1389489	7	2.08701187810885e-07	33540777
1392476	1	2.98144554015549e-08	33540777
1394709	3	8.94433662046648e-08	33540777
1394711	7	2.08701187810885e-07	33540777
1399116	3	8.94433662046648e-08	33540777
1400867	10	2.9814455401555e-07	33540777
1401659	8	2.3851564321244e-07	33540777
1408186	1	2.98144554015549e-08	33540777
1408272	2	5.96289108031099e-08	33540777
1415629	2	5.96289108031099e-08	33540777
1415630	286	8.52693424484472e-06	33540777
1415784	1	2.98144554015549e-08	33540777
1416914	14	4.17402375621769e-07	33540777
1423144	5	1.49072277007775e-07	33540777
1427342	14	4.17402375621769e-07	33540777
1430440	2	5.96289108031099e-08	33540777
1435044	7	2.08701187810885e-07	33540777
1435058	2	5.96289108031099e-08	33540777
1435356	15	4.47216831023324e-07	33540777
1436140	44	1.31183603766842e-06	33540777
