Tax.ID	Frequency	Proportion	Total
394	2	7.10309301344033e-08	28156748
882	1	3.55154650672017e-08	28156748
883	1	3.55154650672017e-08	28156748
1148	1	3.55154650672017e-08	28156748
1639	1	3.55154650672017e-08	28156748
2769	5	1.77577325336008e-07	28156748
2787	4	1.42061860268807e-07	28156748
2829	4	1.42061860268807e-07	28156748
2839	16	5.68247441075226e-07	28156748
2850	24	8.5237116161284e-07	28156748
4770	1	3.55154650672017e-08	28156748
4950	3	1.06546395201605e-07	28156748
5061	2	7.10309301344033e-08	28156748
5145	1	3.55154650672017e-08	28156748
5518	2	7.10309301344033e-08	28156748
5661	1	3.55154650672017e-08	28156748
5786	7	2.48608255470412e-07	28156748
5872	1	3.55154650672017e-08	28156748
5911	7	2.48608255470412e-07	28156748
5932	4	1.42061860268807e-07	28156748
10629	35	1.24304127735206e-06	28156748
10632	1	3.55154650672017e-08	28156748
10678	6	2.1309279040321e-07	28156748
13035	3	1.06546395201605e-07	28156748
28072	2	7.10309301344033e-08	28156748
31271	2	7.10309301344033e-08	28156748
31964	22	7.81340231478436e-07	28156748
32049	1	3.55154650672017e-08	28156748
35128	19	6.74793836276831e-07	28156748
36809	4	1.42061860268807e-07	28156748
39717	2	7.10309301344033e-08	28156748
43925	1	3.55154650672017e-08	28156748
43989	3	1.06546395201605e-07	28156748
49266	1	3.55154650672017e-08	28156748
55529	2	7.10309301344033e-08	28156748
59374	6	2.1309279040321e-07	28156748
60481	43	1.52716499788967e-06	28156748
62928	20	7.10309301344033e-07	28156748
62977	14	4.97216510940823e-07	28156748
63186	2	7.10309301344033e-08	28156748
64471	2	7.10309301344033e-08	28156748
65071	1	3.55154650672017e-08	28156748
65093	3	1.06546395201605e-07	28156748
66692	1	3.55154650672017e-08	28156748
69328	6	2.1309279040321e-07	28156748
71421	2	7.10309301344033e-08	28156748
75379	13	4.61701045873621e-07	28156748
76114	11	3.90670115739218e-07	28156748
76869	12	4.2618558080642e-07	28156748
78245	14	4.97216510940823e-07	28156748
79929	2	7.10309301344033e-08	28156748
83406	2	7.10309301344033e-08	28156748
85569	1	3.55154650672017e-08	28156748
85643	27	9.58917556814445e-07	28156748
86416	1	3.55154650672017e-08	28156748
93062	5	1.77577325336008e-07	28156748
94122	9	3.19639185604815e-07	28156748
96563	14	4.97216510940823e-07	28156748
99287	3	1.06546395201605e-07	28156748
100226	8	2.84123720537613e-07	28156748
101510	65	2.30850522936811e-06	28156748
106370	2	7.10309301344033e-08	28156748
107806	1	3.55154650672017e-08	28156748
114615	16	5.68247441075226e-07	28156748
115711	1	3.55154650672017e-08	28156748
122587	7	2.48608255470412e-07	28156748
126793	2	7.10309301344033e-08	28156748
129356	1	3.55154650672017e-08	28156748
134676	8	2.84123720537613e-07	28156748
137722	6	2.1309279040321e-07	28156748
139871	1	3.55154650672017e-08	28156748
151537	1	3.55154650672017e-08	28156748
153948	1	3.55154650672017e-08	28156748
155864	88	3.12536092591375e-06	28156748
156889	1	3.55154650672017e-08	28156748
158189	1	3.55154650672017e-08	28156748
158878	12	4.2618558080642e-07	28156748
158879	5	1.77577325336008e-07	28156748
159087	15	5.32731976008025e-07	28156748
160488	11	3.90670115739218e-07	28156748
160490	2	7.10309301344033e-08	28156748
160492	3	1.06546395201605e-07	28156748
160619	18	6.3927837120963e-07	28156748
164037	1	3.55154650672017e-08	28156748
164756	16	5.68247441075226e-07	28156748
164757	5	1.77577325336008e-07	28156748
167879	1	3.55154650672017e-08	28156748
170187	1	3.55154650672017e-08	28156748
171101	4	1.42061860268807e-07	28156748
172968	1	3.55154650672017e-08	28156748
176279	513	1.82194335794744e-05	28156748
176280	537	1.90718047410873e-05	28156748
176299	1	3.55154650672017e-08	28156748
179408	9	3.19639185604815e-07	28156748
183190	2	7.10309301344033e-08	28156748
187272	13	4.61701045873621e-07	28156748
187303	5	1.77577325336008e-07	28156748
187420	4	1.42061860268807e-07	28156748
189423	2	7.10309301344033e-08	28156748
189918	9	3.19639185604815e-07	28156748
190304	7	2.48608255470412e-07	28156748
190485	30	1.06546395201605e-06	28156748
190486	12	4.2618558080642e-07	28156748
190650	10	3.55154650672017e-07	28156748
192952	1	3.55154650672017e-08	28156748
194439	4	1.42061860268807e-07	28156748
195102	1	3.55154650672017e-08	28156748
195103	15	5.32731976008025e-07	28156748
196162	11	3.90670115739218e-07	28156748
196164	83	2.94778360057774e-06	28156748
196620	3	1.06546395201605e-07	28156748
198214	13	4.61701045873621e-07	28156748
198215	85	3.01881453071214e-06	28156748
199310	9	3.19639185604815e-07	28156748
203119	2	7.10309301344033e-08	28156748
203120	2	7.10309301344033e-08	28156748
203122	1	3.55154650672017e-08	28156748
203123	2	7.10309301344033e-08	28156748
203124	3	1.06546395201605e-07	28156748
203275	8	2.84123720537613e-07	28156748
204536	1	3.55154650672017e-08	28156748
204669	1	3.55154650672017e-08	28156748
204773	32	1.13649488215045e-06	28156748
205913	56	1.98886604376329e-06	28156748
205914	5	1.77577325336008e-07	28156748
205918	7	2.48608255470412e-07	28156748
205922	25	8.87886626680041e-07	28156748
206672	7	2.48608255470412e-07	28156748
207559	4	1.42061860268807e-07	28156748
208435	2	7.10309301344033e-08	28156748
208596	5	1.77577325336008e-07	28156748
208963	45	1.59819592802407e-06	28156748
208964	61	2.1664433690993e-06	28156748
209261	2	7.10309301344033e-08	28156748
210007	2	7.10309301344033e-08	28156748
212717	2	7.10309301344033e-08	28156748
213810	5	1.77577325336008e-07	28156748
214684	11	3.90670115739218e-07	28156748
215689	1	3.55154650672017e-08	28156748
216389	2	7.10309301344033e-08	28156748
216432	4	1.42061860268807e-07	28156748
216591	9	3.19639185604815e-07	28156748
216592	18	6.3927837120963e-07	28156748
216594	3	1.06546395201605e-07	28156748
216595	105	3.72912383205617e-06	28156748
216596	6	2.1309279040321e-07	28156748
216597	36	1.27855674241926e-06	28156748
216599	78	2.77020627524173e-06	28156748
218491	1	3.55154650672017e-08	28156748
220341	12	4.2618558080642e-07	28156748
220664	9	3.19639185604815e-07	28156748
221029	2	7.10309301344033e-08	28156748
223283	10	3.55154650672017e-07	28156748
224911	17	6.03762906142428e-07	28156748
224914	2	7.10309301344033e-08	28156748
226185	48	1.70474232322568e-06	28156748
226186	86	3.05432999577934e-06	28156748
227321	1	3.55154650672017e-08	28156748
227882	11	3.90670115739218e-07	28156748
228405	3	1.06546395201605e-07	28156748
228410	3	1.06546395201605e-07	28156748
229533	2	7.10309301344033e-08	28156748
231023	3	1.06546395201605e-07	28156748
232721	254	9.02092812706922e-06	28156748
234621	992	3.5231341346664e-05	28156748
242231	2	7.10309301344033e-08	28156748
242507	1	3.55154650672017e-08	28156748
242619	1	3.55154650672017e-08	28156748
243230	2	7.10309301344033e-08	28156748
243233	2	7.10309301344033e-08	28156748
243243	6	2.1309279040321e-07	28156748
243265	1	3.55154650672017e-08	28156748
243275	1	3.55154650672017e-08	28156748
243277	1	3.55154650672017e-08	28156748
243365	6	2.1309279040321e-07	28156748
245014	33	1.17201034721765e-06	28156748
245018	81	2.87675267044333e-06	28156748
246196	17	6.03762906142428e-07	28156748
246197	3	1.06546395201605e-07	28156748
246198	11	3.90670115739218e-07	28156748
246200	2	7.10309301344033e-08	28156748
247156	11	3.90670115739218e-07	28156748
257309	7	2.48608255470412e-07	28156748
257310	5	1.77577325336008e-07	28156748
257311	3	1.06546395201605e-07	28156748
257313	4	1.42061860268807e-07	28156748
257314	15	5.32731976008025e-07	28156748
258594	4	1.42061860268807e-07	28156748
259536	57	2.02438150883049e-06	28156748
261292	11	3.90670115739218e-07	28156748
262316	5	1.77577325336008e-07	28156748
262543	3	1.06546395201605e-07	28156748
262724	25	8.87886626680041e-07	28156748
262727	1	3.55154650672017e-08	28156748
262728	2	7.10309301344033e-08	28156748
263358	2	7.10309301344033e-08	28156748
264198	12	4.2618558080642e-07	28156748
264199	5	1.77577325336008e-07	28156748
264203	1	3.55154650672017e-08	28156748
264462	2	7.10309301344033e-08	28156748
264730	11	3.90670115739218e-07	28156748
264731	8	2.84123720537613e-07	28156748
265072	2	7.10309301344033e-08	28156748
265311	1	3.55154650672017e-08	28156748
266117	2	7.10309301344033e-08	28156748
266264	14	4.97216510940823e-07	28156748
266265	8	2.84123720537613e-07	28156748
266779	14	4.97216510940823e-07	28156748
266834	3	1.06546395201605e-07	28156748
266835	7	2.48608255470412e-07	28156748
266940	9	3.19639185604815e-07	28156748
267608	26	9.23402091747243e-07	28156748
267747	5	1.77577325336008e-07	28156748
269482	12	4.2618558080642e-07	28156748
269796	1	3.55154650672017e-08	28156748
269797	8	2.84123720537613e-07	28156748
269798	14	4.97216510940823e-07	28156748
269799	1	3.55154650672017e-08	28156748
269800	7	2.48608255470412e-07	28156748
271848	1	3.55154650672017e-08	28156748
272558	1	3.55154650672017e-08	28156748
272559	13	4.61701045873621e-07	28156748
272561	1	3.55154650672017e-08	28156748
272563	30	1.06546395201605e-06	28156748
272564	1	3.55154650672017e-08	28156748
272568	2	7.10309301344033e-08	28156748
272620	75	2.66365988004012e-06	28156748
272621	49	1.74025778829288e-06	28156748
272622	7	2.48608255470412e-07	28156748
272623	4	1.42061860268807e-07	28156748
272626	1	3.55154650672017e-08	28156748
272630	2	7.10309301344033e-08	28156748
272631	1	3.55154650672017e-08	28156748
272831	8	2.84123720537613e-07	28156748
272942	3	1.06546395201605e-07	28156748
272943	1	3.55154650672017e-08	28156748
272947	1	3.55154650672017e-08	28156748
273121	3	1.06546395201605e-07	28156748
278137	6	2.1309279040321e-07	28156748
278197	4	1.42061860268807e-07	28156748
279238	6	2.1309279040321e-07	28156748
279808	71	2.52159801977132e-06	28156748
280463	4	1.42061860268807e-07	28156748
281090	5	1.77577325336008e-07	28156748
281310	3	1.06546395201605e-07	28156748
284593	3	1.06546395201605e-07	28156748
284811	3	1.06546395201605e-07	28156748
284812	16	5.68247441075226e-07	28156748
285951	1	3.55154650672017e-08	28156748
288000	20	7.10309301344033e-07	28156748
288705	4	1.42061860268807e-07	28156748
289380	6	2.1309279040321e-07	28156748
290317	2	7.10309301344033e-08	28156748
290318	1	3.55154650672017e-08	28156748
290338	9	3.19639185604815e-07	28156748
290339	9	3.19639185604815e-07	28156748
290340	41	1.45613406775527e-06	28156748
290398	1	3.55154650672017e-08	28156748
290399	33	1.17201034721765e-06	28156748
290402	3	1.06546395201605e-07	28156748
291331	6	2.1309279040321e-07	28156748
292414	1	3.55154650672017e-08	28156748
292415	11	3.90670115739218e-07	28156748
292459	1	3.55154650672017e-08	28156748
292564	1	3.55154650672017e-08	28156748
293826	3	1.06546395201605e-07	28156748
294381	1	3.55154650672017e-08	28156748
295405	51	1.81128871842728e-06	28156748
296543	8	2.84123720537613e-07	28156748
296591	100	3.55154650672017e-06	28156748
298386	2	7.10309301344033e-08	28156748
298653	6	2.1309279040321e-07	28156748
298654	2	7.10309301344033e-08	28156748
299768	1	3.55154650672017e-08	28156748
300267	25	8.87886626680041e-07	28156748
300268	27	9.58917556814445e-07	28156748
300269	26	9.23402091747243e-07	28156748
300852	25	8.87886626680041e-07	28156748
306263	4	1.42061860268807e-07	28156748
306537	4302	0.000152787530719102	28156748
309807	2	7.10309301344033e-08	28156748
311402	2	7.10309301344033e-08	28156748
311403	3	1.06546395201605e-07	28156748
311424	2	7.10309301344033e-08	28156748
312153	4	1.42061860268807e-07	28156748
313595	1	3.55154650672017e-08	28156748
313603	2	7.10309301344033e-08	28156748
314225	4	1.42061860268807e-07	28156748
314315	4	1.42061860268807e-07	28156748
314565	25	8.87886626680041e-07	28156748
315749	4	1.42061860268807e-07	28156748
316055	21	7.45824766411235e-07	28156748
316056	7	2.48608255470412e-07	28156748
316057	9	3.19639185604815e-07	28156748
316058	10	3.55154650672017e-07	28156748
316067	1	3.55154650672017e-08	28156748
316273	7	2.48608255470412e-07	28156748
316385	187	6.64139196756671e-06	28156748
316401	25	8.87886626680041e-07	28156748
316407	4	1.42061860268807e-07	28156748
317655	12	4.2618558080642e-07	28156748
318167	4	1.42061860268807e-07	28156748
318586	12	4.2618558080642e-07	28156748
319224	3	1.06546395201605e-07	28156748
319795	3	1.06546395201605e-07	28156748
320388	8	2.84123720537613e-07	28156748
320389	1	3.55154650672017e-08	28156748
321314	3	1.06546395201605e-07	28156748
321956	13	4.61701045873621e-07	28156748
321967	4	1.42061860268807e-07	28156748
322159	44	1.56268046295687e-06	28156748
322710	6	2.1309279040321e-07	28156748
323097	5	1.77577325336008e-07	28156748
323098	2	7.10309301344033e-08	28156748
323259	1	3.55154650672017e-08	28156748
324831	199	7.06757754837313e-06	28156748
324925	1	3.55154650672017e-08	28156748
325240	2	7.10309301344033e-08	28156748
326424	9	3.19639185604815e-07	28156748
326425	17	6.03762906142428e-07	28156748
326426	2	7.10309301344033e-08	28156748
326442	2	7.10309301344033e-08	28156748
330214	4	1.42061860268807e-07	28156748
330879	2	7.10309301344033e-08	28156748
331104	1	3.55154650672017e-08	28156748
331111	1348	4.78748469105878e-05	28156748
331112	687	2.43991245011675e-05	28156748
331271	16	5.68247441075226e-07	28156748
331272	13	4.61701045873621e-07	28156748
333849	2	7.10309301344033e-08	28156748
334413	118	4.19082487792979e-06	28156748
335283	6	2.1309279040321e-07	28156748
335284	75	2.66365988004012e-06	28156748
335659	21	7.45824766411235e-07	28156748
337191	16	5.68247441075226e-07	28156748
338966	11	3.90670115739218e-07	28156748
338969	53	1.88231964856169e-06	28156748
339670	51	1.81128871842728e-06	28156748
339860	1	3.55154650672017e-08	28156748
340099	3	1.06546395201605e-07	28156748
340100	35	1.24304127735206e-06	28156748
340322	126	4.47494859846741e-06	28156748
342108	4	1.42061860268807e-07	28156748
342451	9	3.19639185604815e-07	28156748
342610	1	3.55154650672017e-08	28156748
344609	483	1.71539696274584e-05	28156748
347253	20	7.10309301344033e-07	28156748
347256	1	3.55154650672017e-08	28156748
347515	2	7.10309301344033e-08	28156748
347834	2	7.10309301344033e-08	28156748
349101	6	2.1309279040321e-07	28156748
349102	6	2.1309279040321e-07	28156748
349106	29	1.02994848694885e-06	28156748
349124	1	3.55154650672017e-08	28156748
349161	3	1.06546395201605e-07	28156748
349163	4	1.42061860268807e-07	28156748
349215	1	3.55154650672017e-08	28156748
349520	1	3.55154650672017e-08	28156748
349741	10	3.55154650672017e-07	28156748
349747	1	3.55154650672017e-08	28156748
350054	12	4.2618558080642e-07	28156748
350058	15	5.32731976008025e-07	28156748
350688	4	1.42061860268807e-07	28156748
351348	12	4.2618558080642e-07	28156748
351605	3	1.06546395201605e-07	28156748
351607	1	3.55154650672017e-08	28156748
351745	14	4.97216510940823e-07	28156748
351746	15	5.32731976008025e-07	28156748
353151	5	1.77577325336008e-07	28156748
353152	3	1.06546395201605e-07	28156748
353153	4	1.42061860268807e-07	28156748
353154	1	3.55154650672017e-08	28156748
354242	3	1.06546395201605e-07	28156748
355276	2	7.10309301344033e-08	28156748
357348	4	1.42061860268807e-07	28156748
357804	1	3.55154650672017e-08	28156748
357809	9	3.19639185604815e-07	28156748
358220	235	8.34613429079239e-06	28156748
359786	55	1.95335057869609e-06	28156748
359787	7	2.48608255470412e-07	28156748
360094	8	2.84123720537613e-07	28156748
360102	3	1.06546395201605e-07	28156748
360105	1	3.55154650672017e-08	28156748
360107	25	8.87886626680041e-07	28156748
360910	6	2.1309279040321e-07	28156748
360911	3	1.06546395201605e-07	28156748
362242	6	2.1309279040321e-07	28156748
362663	585	2.0776547064313e-05	28156748
363555	2	7.10309301344033e-08	28156748
364106	3	1.06546395201605e-07	28156748
365044	329	1.16845880071093e-05	28156748
365046	64	2.27298976430091e-06	28156748
365659	8	2.84123720537613e-07	28156748
366394	4	1.42061860268807e-07	28156748
366602	8	2.84123720537613e-07	28156748
367737	15	5.32731976008025e-07	28156748
367775	20	7.10309301344033e-07	28156748
367928	60	2.1309279040321e-06	28156748
369723	6	2.1309279040321e-07	28156748
370354	7	2.48608255470412e-07	28156748
370438	1	3.55154650672017e-08	28156748
370553	1	3.55154650672017e-08	28156748
370554	2	7.10309301344033e-08	28156748
373153	14	4.97216510940823e-07	28156748
373384	1186	4.21213415697012e-05	28156748
374833	3	1.06546395201605e-07	28156748
374930	1	3.55154650672017e-08	28156748
374931	1	3.55154650672017e-08	28156748
375286	14	4.97216510940823e-07	28156748
375451	1	3.55154650672017e-08	28156748
376686	90	3.19639185604815e-06	28156748
377628	1	3.55154650672017e-08	28156748
377629	2	7.10309301344033e-08	28156748
378753	78	2.77020627524173e-06	28156748
378806	1	3.55154650672017e-08	28156748
379066	1	3.55154650672017e-08	28156748
379329	2	7.10309301344033e-08	28156748
379731	6	2.1309279040321e-07	28156748
380358	2	7.10309301344033e-08	28156748
380703	18	6.3927837120963e-07	28156748
381666	31	1.10097941708325e-06	28156748
381754	37	1.31407220748646e-06	28156748
382245	75	2.66365988004012e-06	28156748
383407	1	3.55154650672017e-08	28156748
383629	5	1.77577325336008e-07	28156748
384676	31	1.10097941708325e-06	28156748
385025	1	3.55154650672017e-08	28156748
386043	3	1.06546395201605e-07	28156748
386415	2	7.10309301344033e-08	28156748
386585	209	7.42273219904515e-06	28156748
386656	2	7.10309301344033e-08	28156748
387344	3	1.06546395201605e-07	28156748
388919	6	2.1309279040321e-07	28156748
390235	13	4.61701045873621e-07	28156748
390333	42	1.49164953282247e-06	28156748
391008	14	4.97216510940823e-07	28156748
391038	3	1.06546395201605e-07	28156748
391295	2	7.10309301344033e-08	28156748
391619	4	1.42061860268807e-07	28156748
391626	1	3.55154650672017e-08	28156748
391735	61	2.1664433690993e-06	28156748
391774	1	3.55154650672017e-08	28156748
391904	24	8.5237116161284e-07	28156748
392499	20	7.10309301344033e-07	28156748
393011	3	1.06546395201605e-07	28156748
393305	1	3.55154650672017e-08	28156748
393595	11	3.90670115739218e-07	28156748
394503	2	7.10309301344033e-08	28156748
395019	33	1.17201034721765e-06	28156748
395491	3	1.06546395201605e-07	28156748
395492	2	7.10309301344033e-08	28156748
395494	6	2.1309279040321e-07	28156748
395495	83	2.94778360057774e-06	28156748
395960	5	1.77577325336008e-07	28156748
395963	2	7.10309301344033e-08	28156748
395965	3	1.06546395201605e-07	28156748
396513	12	4.2618558080642e-07	28156748
396588	3	1.06546395201605e-07	28156748
396595	1	3.55154650672017e-08	28156748
397945	84	2.98329906564494e-06	28156748
398527	3	1.06546395201605e-07	28156748
398577	2	7.10309301344033e-08	28156748
398578	139	4.93664964434103e-06	28156748
398580	1	3.55154650672017e-08	28156748
398767	1	3.55154650672017e-08	28156748
399183	1	3.55154650672017e-08	28156748
399599	3	1.06546395201605e-07	28156748
399739	16	5.68247441075226e-07	28156748
399741	4	1.42061860268807e-07	28156748
399742	4	1.42061860268807e-07	28156748
399804	2	7.10309301344033e-08	28156748
400667	33	1.17201034721765e-06	28156748
400668	1	3.55154650672017e-08	28156748
400756	15	5.32731976008025e-07	28156748
401473	10	3.55154650672017e-07	28156748
402612	68	2.41505162456971e-06	28156748
402626	20	7.10309301344033e-07	28156748
402881	4	1.42061860268807e-07	28156748
402882	1	3.55154650672017e-08	28156748
403677	13	4.61701045873621e-07	28156748
404589	3	1.06546395201605e-07	28156748
405416	16	5.68247441075226e-07	28156748
405566	59	2.0954124389649e-06	28156748
405948	14	4.97216510940823e-07	28156748
405955	365	1.29631447495286e-05	28156748
406425	9	3.19639185604815e-07	28156748
406984	1	3.55154650672017e-08	28156748
407976	2	7.10309301344033e-08	28156748
409438	408	1.44903097474183e-05	28156748
410289	4	1.42061860268807e-07	28156748
410358	1	3.55154650672017e-08	28156748
411154	2	7.10309301344033e-08	28156748
412022	3	1.06546395201605e-07	28156748
412030	3	1.06546395201605e-07	28156748
412694	4	1.42061860268807e-07	28156748
413997	17	6.03762906142428e-07	28156748
413999	1	3.55154650672017e-08	28156748
414684	2	7.10309301344033e-08	28156748
414970	20	7.10309301344033e-07	28156748
416269	1	3.55154650672017e-08	28156748
416276	1	3.55154650672017e-08	28156748
416344	4	1.42061860268807e-07	28156748
416870	9	3.19639185604815e-07	28156748
418127	2	7.10309301344033e-08	28156748
419610	13	4.61701045873621e-07	28156748
420246	1	3.55154650672017e-08	28156748
420247	14	4.97216510940823e-07	28156748
420662	59	2.0954124389649e-06	28156748
423368	58	2.0598969738977e-06	28156748
423536	7	2.48608255470412e-07	28156748
424182	4	1.42061860268807e-07	28156748
425011	40	1.42061860268807e-06	28156748
425104	1	3.55154650672017e-08	28156748
426114	10	3.55154650672017e-07	28156748
426117	6	2.1309279040321e-07	28156748
426355	32	1.13649488215045e-06	28156748
426430	19	6.74793836276831e-07	28156748
428406	18	6.3927837120963e-07	28156748
431895	2	7.10309301344033e-08	28156748
431943	2	7.10309301344033e-08	28156748
431946	8	2.84123720537613e-07	28156748
431947	1	3.55154650672017e-08	28156748
434271	2	7.10309301344033e-08	28156748
435590	734	2.6068351359326e-05	28156748
435591	56	1.98886604376329e-06	28156748
435998	2	7.10309301344033e-08	28156748
436717	24	8.5237116161284e-07	28156748
438753	4	1.42061860268807e-07	28156748
439375	4	1.42061860268807e-07	28156748
439843	26	9.23402091747243e-07	28156748
439851	5	1.77577325336008e-07	28156748
439855	235	8.34613429079239e-06	28156748
440085	14	4.97216510940823e-07	28156748
441375	6	2.1309279040321e-07	28156748
441620	19	6.74793836276831e-07	28156748
441768	12	4.2618558080642e-07	28156748
441771	3	1.06546395201605e-07	28156748
441772	2	7.10309301344033e-08	28156748
442563	2	7.10309301344033e-08	28156748
443143	2	7.10309301344033e-08	28156748
443144	1	3.55154650672017e-08	28156748
443906	30	1.06546395201605e-06	28156748
444177	1	3.55154650672017e-08	28156748
444178	1	3.55154650672017e-08	28156748
444450	18	6.3927837120963e-07	28156748
446462	16	5.68247441075226e-07	28156748
446465	23	8.16855696545638e-07	28156748
446466	12	4.2618558080642e-07	28156748
446468	15	5.32731976008025e-07	28156748
446469	20	7.10309301344033e-07	28156748
446470	8	2.84123720537613e-07	28156748
446471	15	5.32731976008025e-07	28156748
447217	3	1.06546395201605e-07	28156748
448385	7	2.48608255470412e-07	28156748
449447	3	1.06546395201605e-07	28156748
450851	6	2.1309279040321e-07	28156748
451515	2	7.10309301344033e-08	28156748
451516	11	3.90670115739218e-07	28156748
452637	2	7.10309301344033e-08	28156748
452638	2	7.10309301344033e-08	28156748
452652	13	4.61701045873621e-07	28156748
452662	14	4.97216510940823e-07	28156748
452863	15	5.32731976008025e-07	28156748
454169	61	2.1664433690993e-06	28156748
455488	5	1.77577325336008e-07	28156748
455632	8	2.84123720537613e-07	28156748
457425	8	2.84123720537613e-07	28156748
458233	3	1.06546395201605e-07	28156748
459349	26	9.23402091747243e-07	28156748
459424	1	3.55154650672017e-08	28156748
460265	7	2.48608255470412e-07	28156748
465515	596	2.11672171800522e-05	28156748
465817	3	1.06546395201605e-07	28156748
467705	6	2.1309279040321e-07	28156748
469008	3	1.06546395201605e-07	28156748
469371	4	1.42061860268807e-07	28156748
469383	5	1.77577325336008e-07	28156748
469604	7	2.48608255470412e-07	28156748
469607	4	1.42061860268807e-07	28156748
470137	1	3.55154650672017e-08	28156748
471472	1	3.55154650672017e-08	28156748
471852	10	3.55154650672017e-07	28156748
471853	6	2.1309279040321e-07	28156748
471854	4	1.42061860268807e-07	28156748
471855	2	7.10309301344033e-08	28156748
471856	16	5.68247441075226e-07	28156748
471857	3	1.06546395201605e-07	28156748
472759	4	1.42061860268807e-07	28156748
474186	10	3.55154650672017e-07	28156748
477641	11	3.90670115739218e-07	28156748
478801	27	9.58917556814445e-07	28156748
479431	14	4.97216510940823e-07	28156748
479432	13	4.61701045873621e-07	28156748
479433	13	4.61701045873621e-07	28156748
479434	1	3.55154650672017e-08	28156748
479435	10	3.55154650672017e-07	28156748
479436	5	1.77577325336008e-07	28156748
479437	2	7.10309301344033e-08	28156748
480119	12	4.2618558080642e-07	28156748
481743	4	1.42061860268807e-07	28156748
481805	1368	4.85851562119319e-05	28156748
481877	1	3.55154650672017e-08	28156748
482957	21	7.45824766411235e-07	28156748
483179	1	3.55154650672017e-08	28156748
483219	1	3.55154650672017e-08	28156748
484020	4	1.42061860268807e-07	28156748
484021	33	1.17201034721765e-06	28156748
485917	13	4.61701045873621e-07	28156748
485918	11	3.90670115739218e-07	28156748
487213	4	1.42061860268807e-07	28156748
487214	5	1.77577325336008e-07	28156748
487521	3	1.06546395201605e-07	28156748
488223	2	7.10309301344033e-08	28156748
489653	11	3.90670115739218e-07	28156748
491077	5	1.77577325336008e-07	28156748
491916	2	7.10309301344033e-08	28156748
491952	1	3.55154650672017e-08	28156748
497965	2	7.10309301344033e-08	28156748
497978	7	2.48608255470412e-07	28156748
498211	3	1.06546395201605e-07	28156748
498217	1	3.55154650672017e-08	28156748
498761	7	2.48608255470412e-07	28156748
502025	3	1.06546395201605e-07	28156748
502558	2	7.10309301344033e-08	28156748
502800	1	3.55154650672017e-08	28156748
504474	604	2.14513409005898e-05	28156748
504728	31	1.10097941708325e-06	28156748
504832	11	3.90670115739218e-07	28156748
507522	27	9.58917556814445e-07	28156748
509169	38	1.34958767255366e-06	28156748
509170	13	4.61701045873621e-07	28156748
509173	86	3.05432999577934e-06	28156748
509190	7	2.48608255470412e-07	28156748
510516	26	9.23402091747243e-07	28156748
511062	4	1.42061860268807e-07	28156748
511437	2	7.10309301344033e-08	28156748
511691	1	3.55154650672017e-08	28156748
512565	3	1.06546395201605e-07	28156748
512566	1	3.55154650672017e-08	28156748
515619	189	6.71242289770111e-06	28156748
515620	34	1.20752581228486e-06	28156748
515622	4	1.42061860268807e-07	28156748
516950	3	1.06546395201605e-07	28156748
517417	1	3.55154650672017e-08	28156748
518766	1	3.55154650672017e-08	28156748
521006	9	3.19639185604815e-07	28156748
521095	1	3.55154650672017e-08	28156748
521096	4	1.42061860268807e-07	28156748
521097	11	3.90670115739218e-07	28156748
521098	1	3.55154650672017e-08	28156748
522306	16	5.68247441075226e-07	28156748
522373	30	1.06546395201605e-06	28156748
523794	5	1.77577325336008e-07	28156748
523796	1	3.55154650672017e-08	28156748
525284	1	3.55154650672017e-08	28156748
525381	2	7.10309301344033e-08	28156748
525909	1	3.55154650672017e-08	28156748
525919	16	5.68247441075226e-07	28156748
526225	13	4.61701045873621e-07	28156748
526226	15	5.32731976008025e-07	28156748
526227	20	7.10309301344033e-07	28156748
529120	1	3.55154650672017e-08	28156748
529122	1	3.55154650672017e-08	28156748
530564	2	7.10309301344033e-08	28156748
531844	8	2.84123720537613e-07	28156748
535289	89	3.16087639098095e-06	28156748
536019	7	2.48608255470412e-07	28156748
536056	104	3.69360836698897e-06	28156748
543728	131	4.65252592380342e-06	28156748
543734	5	1.77577325336008e-07	28156748
543891	19	6.74793836276831e-07	28156748
543913	13	4.61701045873621e-07	28156748
544404	3	1.06546395201605e-07	28156748
546269	1	3.55154650672017e-08	28156748
546342	5	1.77577325336008e-07	28156748
546414	1	3.55154650672017e-08	28156748
548473	11	3.90670115739218e-07	28156748
548476	492	1.74736088130632e-05	28156748
548479	9	3.19639185604815e-07	28156748
550538	1	3.55154650672017e-08	28156748
550540	1	3.55154650672017e-08	28156748
552536	1	3.55154650672017e-08	28156748
553174	28	9.94433021881646e-07	28156748
553190	3	1.06546395201605e-07	28156748
553199	230	8.16855696545638e-06	28156748
553482	3	1.06546395201605e-07	28156748
554290	1	3.55154650672017e-08	28156748
555217	1	3.55154650672017e-08	28156748
556484	3	1.06546395201605e-07	28156748
557436	2	7.10309301344033e-08	28156748
557598	8	2.84123720537613e-07	28156748
557599	5	1.77577325336008e-07	28156748
557600	11	3.90670115739218e-07	28156748
557722	37	1.31407220748646e-06	28156748
557760	5	1.77577325336008e-07	28156748
559292	22	7.81340231478436e-07	28156748
559295	7	2.48608255470412e-07	28156748
559307	3	1.06546395201605e-07	28156748
561230	1	3.55154650672017e-08	28156748
561231	3	1.06546395201605e-07	28156748
561276	2	7.10309301344033e-08	28156748
561304	1	3.55154650672017e-08	28156748
562019	1	3.55154650672017e-08	28156748
563178	1	3.55154650672017e-08	28156748
563769	2	7.10309301344033e-08	28156748
565034	3	1.06546395201605e-07	28156748
565040	48	1.70474232322568e-06	28156748
565042	25	8.87886626680041e-07	28156748
565050	8	2.84123720537613e-07	28156748
565655	26	9.23402091747243e-07	28156748
566546	50	1.77577325336008e-06	28156748
567106	1	3.55154650672017e-08	28156748
568703	1	3.55154650672017e-08	28156748
568704	1	3.55154650672017e-08	28156748
568706	1	3.55154650672017e-08	28156748
568707	6	2.1309279040321e-07	28156748
568814	1	3.55154650672017e-08	28156748
568816	7	2.48608255470412e-07	28156748
571800	98	3.48051557658576e-06	28156748
572477	3	1.06546395201605e-07	28156748
572480	5	1.77577325336008e-07	28156748
572544	4	1.42061860268807e-07	28156748
573059	1	3.55154650672017e-08	28156748
573065	1	3.55154650672017e-08	28156748
573235	109	3.87118569232498e-06	28156748
573370	2	7.10309301344033e-08	28156748
573729	8	2.84123720537613e-07	28156748
573826	1	3.55154650672017e-08	28156748
574093	4	1.42061860268807e-07	28156748
574521	18	6.3927837120963e-07	28156748
575540	1	3.55154650672017e-08	28156748
575614	10	3.55154650672017e-07	28156748
575788	1	3.55154650672017e-08	28156748
577650	2	7.10309301344033e-08	28156748
578234	50	1.77577325336008e-06	28156748
578455	14	4.97216510940823e-07	28156748
579112	1	3.55154650672017e-08	28156748
579405	1	3.55154650672017e-08	28156748
580327	2	7.10309301344033e-08	28156748
580331	4	1.42061860268807e-07	28156748
580332	5	1.77577325336008e-07	28156748
580340	1	3.55154650672017e-08	28156748
582744	3	1.06546395201605e-07	28156748
582899	3	1.06546395201605e-07	28156748
585034	127	4.51046406353461e-06	28156748
585035	13	4.61701045873621e-07	28156748
585054	57	2.02438150883049e-06	28156748
585055	225	7.99097964012037e-06	28156748
585056	56	1.98886604376329e-06	28156748
585057	132	4.68804138887062e-06	28156748
585394	75	2.66365988004012e-06	28156748
585395	151	5.36283522514745e-06	28156748
585396	68	2.41505162456971e-06	28156748
585397	12	4.2618558080642e-07	28156748
590998	4	1.42061860268807e-07	28156748
591001	5	1.77577325336008e-07	28156748
591020	3	1.06546395201605e-07	28156748
591167	7	2.48608255470412e-07	28156748
591365	2	7.10309301344033e-08	28156748
591946	8	2.84123720537613e-07	28156748
592029	1	3.55154650672017e-08	28156748
592316	1	3.55154650672017e-08	28156748
593588	1	3.55154650672017e-08	28156748
593907	10	3.55154650672017e-07	28156748
595494	2	7.10309301344033e-08	28156748
595495	914	3.24611350714223e-05	28156748
595496	14	4.97216510940823e-07	28156748
595528	2	7.10309301344033e-08	28156748
595537	98	3.48051557658576e-06	28156748
596153	88	3.12536092591375e-06	28156748
596154	61	2.1664433690993e-06	28156748
600809	1	3.55154650672017e-08	28156748
604162	8	2.84123720537613e-07	28156748
610130	19	6.74793836276831e-07	28156748
617121	2	7.10309301344033e-08	28156748
622759	2	7.10309301344033e-08	28156748
626418	8	2.84123720537613e-07	28156748
627192	11	3.90670115739218e-07	28156748
630588	6	2.1309279040321e-07	28156748
630626	4	1.42061860268807e-07	28156748
632772	14	4.97216510940823e-07	28156748
633149	16	5.68247441075226e-07	28156748
633699	43	1.52716499788967e-06	28156748
634176	1	3.55154650672017e-08	28156748
634177	1	3.55154650672017e-08	28156748
634498	1	3.55154650672017e-08	28156748
634500	5	1.77577325336008e-07	28156748
637379	3	1.06546395201605e-07	28156748
637887	1	3.55154650672017e-08	28156748
637909	2	7.10309301344033e-08	28156748
637910	4	1.42061860268807e-07	28156748
639283	7	2.48608255470412e-07	28156748
640081	16	5.68247441075226e-07	28156748
640131	20	7.10309301344033e-07	28156748
640132	5	1.77577325336008e-07	28156748
640510	3	1.06546395201605e-07	28156748
640511	8	2.84123720537613e-07	28156748
640512	3	1.06546395201605e-07	28156748
641491	3	1.06546395201605e-07	28156748
642492	3	1.06546395201605e-07	28156748
643561	55	1.95335057869609e-06	28156748
643562	1	3.55154650672017e-08	28156748
643867	4	1.42061860268807e-07	28156748
644042	15	5.32731976008025e-07	28156748
644223	2	7.10309301344033e-08	28156748
644283	7	2.48608255470412e-07	28156748
644284	15	5.32731976008025e-07	28156748
644801	5	1.77577325336008e-07	28156748
645127	53	1.88231964856169e-06	28156748
645462	8	2.84123720537613e-07	28156748
645463	9	3.19639185604815e-07	28156748
645464	1	3.55154650672017e-08	28156748
648757	5	1.77577325336008e-07	28156748
648996	1	3.55154650672017e-08	28156748
648999	4	1.42061860268807e-07	28156748
649349	3	1.06546395201605e-07	28156748
649831	5	1.77577325336008e-07	28156748
652103	11	3.90670115739218e-07	28156748
653045	8	2.84123720537613e-07	28156748
653733	1	3.55154650672017e-08	28156748
655815	1	3.55154650672017e-08	28156748
656024	2	7.10309301344033e-08	28156748
657308	5	1.77577325336008e-07	28156748
657309	116	4.11979394779539e-06	28156748
657310	9	3.19639185604815e-07	28156748
657313	119	4.226340342997e-06	28156748
657314	90	3.19639185604815e-06	28156748
657315	64	2.27298976430091e-06	28156748
657316	30	1.06546395201605e-06	28156748
657317	143	5.07871150460984e-06	28156748
657318	164	5.82453627102107e-06	28156748
657319	16	5.68247441075226e-07	28156748
657321	103	3.65809290192177e-06	28156748
657322	166	5.89556720115547e-06	28156748
657323	126	4.47494859846741e-06	28156748
657324	1	3.55154650672017e-08	28156748
661367	3	1.06546395201605e-07	28156748
661410	5	1.77577325336008e-07	28156748
662598	5	1.77577325336008e-07	28156748
662755	364	1.29276292844614e-05	28156748
663278	5	1.77577325336008e-07	28156748
663917	1	3.55154650672017e-08	28156748
663951	1	3.55154650672017e-08	28156748
665029	3	1.06546395201605e-07	28156748
666681	11	3.90670115739218e-07	28156748
666685	1	3.55154650672017e-08	28156748
666686	1	3.55154650672017e-08	28156748
667014	1	3.55154650672017e-08	28156748
667015	28	9.94433021881646e-07	28156748
669502	2	7.10309301344033e-08	28156748
670307	3	1.06546395201605e-07	28156748
670487	1	3.55154650672017e-08	28156748
675635	4	1.42061860268807e-07	28156748
679935	31	1.10097941708325e-06	28156748
680198	8	2.84123720537613e-07	28156748
680646	26	9.23402091747243e-07	28156748
682634	5	1.77577325336008e-07	28156748
682795	2	7.10309301344033e-08	28156748
684738	3	1.06546395201605e-07	28156748
685038	4	1.42061860268807e-07	28156748
685039	2	7.10309301344033e-08	28156748
685727	21	7.45824766411235e-07	28156748
688245	65	2.30850522936811e-06	28156748
688270	11	3.90670115739218e-07	28156748
690566	9	3.19639185604815e-07	28156748
690850	1	3.55154650672017e-08	28156748
693216	2	7.10309301344033e-08	28156748
693444	6	2.1309279040321e-07	28156748
693746	3	1.06546395201605e-07	28156748
693973	2	7.10309301344033e-08	28156748
693974	2	7.10309301344033e-08	28156748
693977	1	3.55154650672017e-08	28156748
693978	14	4.97216510940823e-07	28156748
693979	17	6.03762906142428e-07	28156748
693982	2	7.10309301344033e-08	28156748
694427	4	1.42061860268807e-07	28156748
695560	24	8.5237116161284e-07	28156748
696216	3	1.06546395201605e-07	28156748
696406	26	9.23402091747243e-07	28156748
696749	4	1.42061860268807e-07	28156748
697281	2	7.10309301344033e-08	28156748
698737	14	4.97216510940823e-07	28156748
698758	4	1.42061860268807e-07	28156748
698936	1	3.55154650672017e-08	28156748
698962	64	2.27298976430091e-06	28156748
698963	9	3.19639185604815e-07	28156748
698964	63	2.2374742992337e-06	28156748
698965	18	6.3927837120963e-07	28156748
698966	4	1.42061860268807e-07	28156748
698967	20	7.10309301344033e-07	28156748
698968	7	2.48608255470412e-07	28156748
698969	2	7.10309301344033e-08	28156748
698970	23	8.16855696545638e-07	28156748
698971	2	7.10309301344033e-08	28156748
698972	43	1.52716499788967e-06	28156748
698973	22	7.81340231478436e-07	28156748
699032	3	1.06546395201605e-07	28156748
699033	3	1.06546395201605e-07	28156748
699037	6	2.1309279040321e-07	28156748
699246	8	2.84123720537613e-07	28156748
700508	6	2.1309279040321e-07	28156748
700598	12	4.2618558080642e-07	28156748
701177	5	1.77577325336008e-07	28156748
701347	4	1.42061860268807e-07	28156748
701521	1	3.55154650672017e-08	28156748
702113	7	2.48608255470412e-07	28156748
702459	4	1.42061860268807e-07	28156748
709991	31	1.10097941708325e-06	28156748
710421	8	2.84123720537613e-07	28156748
710685	4	1.42061860268807e-07	28156748
710686	4	1.42061860268807e-07	28156748
710696	4	1.42061860268807e-07	28156748
712898	1	3.55154650672017e-08	28156748
712938	1	3.55154650672017e-08	28156748
712961	18	6.3927837120963e-07	28156748
713604	3	1.06546395201605e-07	28156748
713887	2	7.10309301344033e-08	28156748
714313	4	1.42061860268807e-07	28156748
714962	3	1.06546395201605e-07	28156748
716540	2	7.10309301344033e-08	28156748
716541	11	3.90670115739218e-07	28156748
717608	15	5.32731976008025e-07	28156748
717773	1	3.55154650672017e-08	28156748
717774	5	1.77577325336008e-07	28156748
717785	2	7.10309301344033e-08	28156748
717959	38	1.34958767255366e-06	28156748
717960	30	1.06546395201605e-06	28156748
717961	18	6.3927837120963e-07	28156748
717962	68	2.41505162456971e-06	28156748
718251	2	7.10309301344033e-08	28156748
718252	125	4.43943313340021e-06	28156748
718254	1	3.55154650672017e-08	28156748
718255	77	2.73469081017453e-06	28156748
718271	3	1.06546395201605e-07	28156748
718274	4	1.42061860268807e-07	28156748
720554	6	2.1309279040321e-07	28156748
722911	7	2.48608255470412e-07	28156748
741091	5	1.77577325336008e-07	28156748
742013	107	3.80015476219058e-06	28156748
743525	322	1.14359797516389e-05	28156748
743718	15	5.32731976008025e-07	28156748
743720	9	3.19639185604815e-07	28156748
743721	11	3.90670115739218e-07	28156748
743722	2	7.10309301344033e-08	28156748
745277	7	2.48608255470412e-07	28156748
745310	23	8.16855696545638e-07	28156748
745776	1	3.55154650672017e-08	28156748
746361	7	2.48608255470412e-07	28156748
746697	1	3.55154650672017e-08	28156748
747365	1	3.55154650672017e-08	28156748
748247	9	3.19639185604815e-07	28156748
748280	12	4.2618558080642e-07	28156748
748671	50	1.77577325336008e-06	28156748
748727	4	1.42061860268807e-07	28156748
749219	1	3.55154650672017e-08	28156748
749414	7	2.48608255470412e-07	28156748
749927	6	2.1309279040321e-07	28156748
751585	34	1.20752581228486e-06	28156748
751945	30	1.06546395201605e-06	28156748
754035	5	1.77577325336008e-07	28156748
754252	10	3.55154650672017e-07	28156748
754477	3	1.06546395201605e-07	28156748
755732	7	2.48608255470412e-07	28156748
756499	1	3.55154650672017e-08	28156748
757424	31	1.10097941708325e-06	28156748
757425	2	7.10309301344033e-08	28156748
758793	1	3.55154650672017e-08	28156748
759350	30	1.06546395201605e-06	28156748
759362	3	1.06546395201605e-07	28156748
759914	1	3.55154650672017e-08	28156748
760154	1	3.55154650672017e-08	28156748
760192	6	2.1309279040321e-07	28156748
760570	11	3.90670115739218e-07	28156748
761193	2	7.10309301344033e-08	28156748
761659	2	7.10309301344033e-08	28156748
762051	2	7.10309301344033e-08	28156748
762376	14	4.97216510940823e-07	28156748
762570	1	3.55154650672017e-08	28156748
762633	51	1.81128871842728e-06	28156748
762903	2	7.10309301344033e-08	28156748
762948	27	9.58917556814445e-07	28156748
765698	6	2.1309279040321e-07	28156748
765874	31	1.10097941708325e-06	28156748
765911	5	1.77577325336008e-07	28156748
765912	2	7.10309301344033e-08	28156748
767029	12	4.2618558080642e-07	28156748
767031	13	4.61701045873621e-07	28156748
767453	3	1.06546395201605e-07	28156748
767455	8	2.84123720537613e-07	28156748
767462	63	2.2374742992337e-06	28156748
767463	28	9.94433021881646e-07	28156748
768066	4	1.42061860268807e-07	28156748
768490	1	3.55154650672017e-08	28156748
768492	1	3.55154650672017e-08	28156748
768706	2	7.10309301344033e-08	28156748
798128	44	1.56268046295687e-06	28156748
856793	1	3.55154650672017e-08	28156748
858619	82	2.91226813551054e-06	28156748
859655	16	5.68247441075226e-07	28156748
859656	11	3.90670115739218e-07	28156748
859657	24	8.5237116161284e-07	28156748
860228	3	1.06546395201605e-07	28156748
861360	19	6.74793836276831e-07	28156748
862719	4	1.42061860268807e-07	28156748
862751	11	3.90670115739218e-07	28156748
862908	1	3.55154650672017e-08	28156748
862962	28	9.94433021881646e-07	28156748
862965	16	5.68247441075226e-07	28156748
862969	2	7.10309301344033e-08	28156748
862970	2	7.10309301344033e-08	28156748
862971	1	3.55154650672017e-08	28156748
865938	2	7.10309301344033e-08	28156748
866536	3	1.06546395201605e-07	28156748
866630	1	3.55154650672017e-08	28156748
866768	748	2.65655678702668e-05	28156748
866775	2	7.10309301344033e-08	28156748
866777	8	2.84123720537613e-07	28156748
867902	1	3.55154650672017e-08	28156748
868131	3	1.06546395201605e-07	28156748
868132	1	3.55154650672017e-08	28156748
868595	1	3.55154650672017e-08	28156748
868597	13	4.61701045873621e-07	28156748
869209	2	7.10309301344033e-08	28156748
869212	3	1.06546395201605e-07	28156748
869309	6	2.1309279040321e-07	28156748
869729	47	1.66922685815848e-06	28156748
869816	2	7.10309301344033e-08	28156748
871585	24	8.5237116161284e-07	28156748
875328	5	1.77577325336008e-07	28156748
879243	1	3.55154650672017e-08	28156748
880070	2	7.10309301344033e-08	28156748
880071	3	1.06546395201605e-07	28156748
880591	3	1.06546395201605e-07	28156748
880633	6	2.1309279040321e-07	28156748
880758	6	2.1309279040321e-07	28156748
882378	1	3.55154650672017e-08	28156748
882884	10	3.55154650672017e-07	28156748
883062	5	1.77577325336008e-07	28156748
884204	3	1.06546395201605e-07	28156748
885276	3	1.06546395201605e-07	28156748
886293	2	7.10309301344033e-08	28156748
886377	1	3.55154650672017e-08	28156748
889738	6	2.1309279040321e-07	28156748
889932	1	3.55154650672017e-08	28156748
889933	2	7.10309301344033e-08	28156748
890402	35	1.24304127735206e-06	28156748
891391	17	6.03762906142428e-07	28156748
903814	4	1.42061860268807e-07	28156748
905079	1	3.55154650672017e-08	28156748
908937	10	3.55154650672017e-07	28156748
909946	45	1.59819592802407e-06	28156748
909952	28	9.94433021881646e-07	28156748
909954	13	4.61701045873621e-07	28156748
910348	18	6.3927837120963e-07	28156748
926562	1	3.55154650672017e-08	28156748
926566	2	7.10309301344033e-08	28156748
926570	3	1.06546395201605e-07	28156748
927666	30	1.06546395201605e-06	28156748
927704	4	1.42061860268807e-07	28156748
929102	2	7.10309301344033e-08	28156748
929556	4	1.42061860268807e-07	28156748
929562	5	1.77577325336008e-07	28156748
930169	1	3.55154650672017e-08	28156748
930171	8	2.84123720537613e-07	28156748
931276	1	3.55154650672017e-08	28156748
931281	7	2.48608255470412e-07	28156748
931626	4	1.42061860268807e-07	28156748
931890	1	3.55154650672017e-08	28156748
935296	2	7.10309301344033e-08	28156748
935588	3	1.06546395201605e-07	28156748
935591	6	2.1309279040321e-07	28156748
935593	5	1.77577325336008e-07	28156748
935599	2	7.10309301344033e-08	28156748
935897	1	3.55154650672017e-08	28156748
936153	25	8.87886626680041e-07	28156748
936157	1	3.55154650672017e-08	28156748
940190	4	1.42061860268807e-07	28156748
940296	6	2.1309279040321e-07	28156748
941193	23	8.16855696545638e-07	28156748
942513	3	1.06546395201605e-07	28156748
944546	9	3.19639185604815e-07	28156748
944547	14	4.97216510940823e-07	28156748
945021	2	7.10309301344033e-08	28156748
945556	2	7.10309301344033e-08	28156748
945704	4	1.42061860268807e-07	28156748
945711	4	1.42061860268807e-07	28156748
945712	7	2.48608255470412e-07	28156748
945713	2	7.10309301344033e-08	28156748
946362	6	2.1309279040321e-07	28156748
946483	6	2.1309279040321e-07	28156748
953739	9	3.19639185604815e-07	28156748
977880	18	6.3927837120963e-07	28156748
979556	20	7.10309301344033e-07	28156748
981368	4	1.42061860268807e-07	28156748
981540	5	1.77577325336008e-07	28156748
983544	1	3.55154650672017e-08	28156748
983545	1	3.55154650672017e-08	28156748
983917	43	1.52716499788967e-06	28156748
984262	1	3.55154650672017e-08	28156748
984892	2	7.10309301344033e-08	28156748
985002	5	1.77577325336008e-07	28156748
985665	1	3.55154650672017e-08	28156748
990315	24	8.5237116161284e-07	28156748
990316	5	1.77577325336008e-07	28156748
990317	5	1.77577325336008e-07	28156748
991905	10	3.55154650672017e-07	28156748
992406	2	7.10309301344033e-08	28156748
994476	2	7.10309301344033e-08	28156748
994484	13	4.61701045873621e-07	28156748
996285	7	2.48608255470412e-07	28156748
996634	1	3.55154650672017e-08	28156748
998088	13	4.61701045873621e-07	28156748
999378	2	7.10309301344033e-08	28156748
999541	13	4.61701045873621e-07	28156748
999552	3	1.06546395201605e-07	28156748
999953	6	2.1309279040321e-07	28156748
1001583	1	3.55154650672017e-08	28156748
1001585	5	1.77577325336008e-07	28156748
1002809	2	7.10309301344033e-08	28156748
1003195	9	3.19639185604815e-07	28156748
1003201	1	3.55154650672017e-08	28156748
1003202	1	3.55154650672017e-08	28156748
1005041	4	1.42061860268807e-07	28156748
1005042	4	1.42061860268807e-07	28156748
1005048	34	1.20752581228486e-06	28156748
1006543	2	7.10309301344033e-08	28156748
1006551	11	3.90670115739218e-07	28156748
1008459	1	3.55154650672017e-08	28156748
1009464	1	3.55154650672017e-08	28156748
1009846	5	1.77577325336008e-07	28156748
1016998	4	1.42061860268807e-07	28156748
1017264	1	3.55154650672017e-08	28156748
1028307	6	2.1309279040321e-07	28156748
1028799	7	2.48608255470412e-07	28156748
1029756	1	3.55154650672017e-08	28156748
1030843	1	3.55154650672017e-08	28156748
1031709	8	2.84123720537613e-07	28156748
1031710	3	1.06546395201605e-07	28156748
1031711	9	3.19639185604815e-07	28156748
1032480	10	3.55154650672017e-07	28156748
1033813	8	2.84123720537613e-07	28156748
1033837	39	1.38510313762086e-06	28156748
1034807	34	1.20752581228486e-06	28156748
1034809	6	2.1309279040321e-07	28156748
1035817	20	7.10309301344033e-07	28156748
1036172	11	3.90670115739218e-07	28156748
1036672	3	1.06546395201605e-07	28156748
1036673	1	3.55154650672017e-08	28156748
1036743	1	3.55154650672017e-08	28156748
1037409	18	6.3927837120963e-07	28156748
1037911	72	2.55711348483852e-06	28156748
1041826	7	2.48608255470412e-07	28156748
1042156	14	4.97216510940823e-07	28156748
1042417	1	3.55154650672017e-08	28156748
1042876	11	3.90670115739218e-07	28156748
1042878	14	4.97216510940823e-07	28156748
1045854	6	2.1309279040321e-07	28156748
1045855	4	1.42061860268807e-07	28156748
1045856	1	3.55154650672017e-08	28156748
1046629	24	8.5237116161284e-07	28156748
1048260	1	3.55154650672017e-08	28156748
1048332	21	7.45824766411235e-07	28156748
1048689	19	6.74793836276831e-07	28156748
1049565	1	3.55154650672017e-08	28156748
1051072	2	7.10309301344033e-08	28156748
1051074	3	1.06546395201605e-07	28156748
1054460	4	1.42061860268807e-07	28156748
1064535	5	1.77577325336008e-07	28156748
1064539	8	2.84123720537613e-07	28156748
1064592	5	1.77577325336008e-07	28156748
1069533	4	1.42061860268807e-07	28156748
1069534	5	1.77577325336008e-07	28156748
1071381	6	2.1309279040321e-07	28156748
1071382	1	3.55154650672017e-08	28156748
1071400	2	7.10309301344033e-08	28156748
1072459	15	5.32731976008025e-07	28156748
1074252	1	3.55154650672017e-08	28156748
1074889	2	7.10309301344033e-08	28156748
1074919	19	6.74793836276831e-07	28156748
1075089	6	2.1309279040321e-07	28156748
1075399	2	7.10309301344033e-08	28156748
1076934	3	1.06546395201605e-07	28156748
1085623	1	3.55154650672017e-08	28156748
1087451	1	3.55154650672017e-08	28156748
1087452	2	7.10309301344033e-08	28156748
1089456	45	1.59819592802407e-06	28156748
1089553	2	7.10309301344033e-08	28156748
1091045	76	2.69917534510733e-06	28156748
1091494	1	3.55154650672017e-08	28156748
1091495	1	3.55154650672017e-08	28156748
1093141	6	2.1309279040321e-07	28156748
1093787	11	3.90670115739218e-07	28156748
1094466	16	5.68247441075226e-07	28156748
1096995	1	3.55154650672017e-08	28156748
1096996	8	2.84123720537613e-07	28156748
1097668	2	7.10309301344033e-08	28156748
1097677	12	4.2618558080642e-07	28156748
1100841	2	7.10309301344033e-08	28156748
1104322	7	2.48608255470412e-07	28156748
1104325	1	3.55154650672017e-08	28156748
1104326	4	1.42061860268807e-07	28156748
1105110	1	3.55154650672017e-08	28156748
1107880	1	3.55154650672017e-08	28156748
1110502	1	3.55154650672017e-08	28156748
1111068	1	3.55154650672017e-08	28156748
1111069	46	1.63371139309128e-06	28156748
1112204	5	1.77577325336008e-07	28156748
1114965	12	4.2618558080642e-07	28156748
1114966	1	3.55154650672017e-08	28156748
1114967	35	1.24304127735206e-06	28156748
1114969	208	7.38721673397794e-06	28156748
1114970	16	5.68247441075226e-07	28156748
1116231	5	1.77577325336008e-07	28156748
1117942	2	7.10309301344033e-08	28156748
1117943	3	1.06546395201605e-07	28156748
1118959	2	7.10309301344033e-08	28156748
1118963	13	4.61701045873621e-07	28156748
1121335	4	1.42061860268807e-07	28156748
1121353	32	1.13649488215045e-06	28156748
1121362	84	2.98329906564494e-06	28156748
1121448	1	3.55154650672017e-08	28156748
1123519	2	7.10309301344033e-08	28156748
1123523	10	3.55154650672017e-07	28156748
1124936	95	3.37396918138416e-06	28156748
1124983	23	8.16855696545638e-07	28156748
1125630	19	6.74793836276831e-07	28156748
1127134	12	4.2618558080642e-07	28156748
1130804	1	3.55154650672017e-08	28156748
1133568	2	7.10309301344033e-08	28156748
1133849	11	3.90670115739218e-07	28156748
1133850	4	1.42061860268807e-07	28156748
1133852	117	4.15530941286259e-06	28156748
1133853	205	7.28067033877634e-06	28156748
1134454	109	3.87118569232498e-06	28156748
1134782	1	3.55154650672017e-08	28156748
1136179	958	3.40238155343792e-05	28156748
1137651	5	1.77577325336008e-07	28156748
1138308	3	1.06546395201605e-07	28156748
1138382	2	7.10309301344033e-08	28156748
1138383	4	1.42061860268807e-07	28156748
1138871	1	3.55154650672017e-08	28156748
1142394	2	7.10309301344033e-08	28156748
1144275	3	1.06546395201605e-07	28156748
1146883	7	2.48608255470412e-07	28156748
1151116	2	7.10309301344033e-08	28156748
1155071	1	3.55154650672017e-08	28156748
1155084	2	7.10309301344033e-08	28156748
1155766	5	1.77577325336008e-07	28156748
1156431	3	1.06546395201605e-07	28156748
1156433	4	1.42061860268807e-07	28156748
1156913	2	7.10309301344033e-08	28156748
1160717	1	3.55154650672017e-08	28156748
1163399	18	6.3927837120963e-07	28156748
1163617	11	3.90670115739218e-07	28156748
1166016	1	3.55154650672017e-08	28156748
1166018	5	1.77577325336008e-07	28156748
1166130	1	3.55154650672017e-08	28156748
1167634	17	6.03762906142428e-07	28156748
1168287	1	3.55154650672017e-08	28156748
1170318	46	1.63371139309128e-06	28156748
1170562	1	3.55154650672017e-08	28156748
1171373	4	1.42061860268807e-07	28156748
1171376	11	3.90670115739218e-07	28156748
1173020	6	2.1309279040321e-07	28156748
1173026	2	7.10309301344033e-08	28156748
1179773	6	2.1309279040321e-07	28156748
1184267	1	3.55154650672017e-08	28156748
1185652	1	3.55154650672017e-08	28156748
1187956	6	2.1309279040321e-07	28156748
1191061	42	1.49164953282247e-06	28156748
1193292	26	9.23402091747243e-07	28156748
1193576	14	4.97216510940823e-07	28156748
1194085	1	3.55154650672017e-08	28156748
1194526	18	6.3927837120963e-07	28156748
1196325	12	4.2618558080642e-07	28156748
1196835	3	1.06546395201605e-07	28156748
1198114	1	3.55154650672017e-08	28156748
1198627	3	1.06546395201605e-07	28156748
1198676	2	7.10309301344033e-08	28156748
1199187	4	1.42061860268807e-07	28156748
1200352	35	1.24304127735206e-06	28156748
1203460	1	3.55154650672017e-08	28156748
1204414	30	1.06546395201605e-06	28156748
1205674	2	7.10309301344033e-08	28156748
1205677	2	7.10309301344033e-08	28156748
1205910	4	1.42061860268807e-07	28156748
1206105	12	4.2618558080642e-07	28156748
1207075	22	7.81340231478436e-07	28156748
1208658	3	1.06546395201605e-07	28156748
1208660	2	7.10309301344033e-08	28156748
1211025	3	1.06546395201605e-07	28156748
1211579	13	4.61701045873621e-07	28156748
1211705	1	3.55154650672017e-08	28156748
1214101	7	2.48608255470412e-07	28156748
1214242	2	7.10309301344033e-08	28156748
1215088	16	5.68247441075226e-07	28156748
1216976	16	5.68247441075226e-07	28156748
1224163	45	1.59819592802407e-06	28156748
1229205	2	7.10309301344033e-08	28156748
1232381	12	4.2618558080642e-07	28156748
1232724	1	3.55154650672017e-08	28156748
1233100	1	3.55154650672017e-08	28156748
1234380	1	3.55154650672017e-08	28156748
1234679	3	1.06546395201605e-07	28156748
1236903	1	3.55154650672017e-08	28156748
1241583	3	1.06546395201605e-07	28156748
1244085	2	7.10309301344033e-08	28156748
1245469	13	4.61701045873621e-07	28156748
1245471	20	7.10309301344033e-07	28156748
1246301	87	3.08984546084654e-06	28156748
1246365	3	1.06546395201605e-07	28156748
1246995	2	7.10309301344033e-08	28156748
1249634	4	1.42061860268807e-07	28156748
1249661	3	1.06546395201605e-07	28156748
1254432	4	1.42061860268807e-07	28156748
1255043	2	7.10309301344033e-08	28156748
1257118	4	1.42061860268807e-07	28156748
1260251	1	3.55154650672017e-08	28156748
1261557	9	3.19639185604815e-07	28156748
1262456	12	4.2618558080642e-07	28156748
1265601	7	2.48608255470412e-07	28156748
1266845	1	3.55154650672017e-08	28156748
1267754	321	1.14004642865717e-05	28156748
1271862	1	3.55154650672017e-08	28156748
1271863	11	3.90670115739218e-07	28156748
1271864	87	3.08984546084654e-06	28156748
1274814	16	5.68247441075226e-07	28156748
1276282	9	3.19639185604815e-07	28156748
1278073	4	1.42061860268807e-07	28156748
1279007	2	7.10309301344033e-08	28156748
1279008	8	2.84123720537613e-07	28156748
1280938	3	1.06546395201605e-07	28156748
1282356	46	1.63371139309128e-06	28156748
1283331	4	1.42061860268807e-07	28156748
1284663	2	7.10309301344033e-08	28156748
1286170	2	7.10309301344033e-08	28156748
1288394	17	6.03762906142428e-07	28156748
1290427	1	3.55154650672017e-08	28156748
1290428	1	3.55154650672017e-08	28156748
1294143	8	2.84123720537613e-07	28156748
1298593	6	2.1309279040321e-07	28156748
1302650	1	3.55154650672017e-08	28156748
1302863	7	2.48608255470412e-07	28156748
1303692	9	3.19639185604815e-07	28156748
1304892	10	3.55154650672017e-07	28156748
1305598	2	7.10309301344033e-08	28156748
1305849	1	3.55154650672017e-08	28156748
1310161	6	2.1309279040321e-07	28156748
1313172	3	1.06546395201605e-07	28156748
1314884	12	4.2618558080642e-07	28156748
1316444	1	3.55154650672017e-08	28156748
1316932	4	1.42061860268807e-07	28156748
1318615	5	1.77577325336008e-07	28156748
1318633	1	3.55154650672017e-08	28156748
1321369	1	3.55154650672017e-08	28156748
1321370	2	7.10309301344033e-08	28156748
1322246	1	3.55154650672017e-08	28156748
1328306	2	7.10309301344033e-08	28156748
1331671	17	6.03762906142428e-07	28156748
1340495	5	1.77577325336008e-07	28156748
1340851	16	5.68247441075226e-07	28156748
1343740	10	3.55154650672017e-07	28156748
1346614	9	3.19639185604815e-07	28156748
1348660	2	7.10309301344033e-08	28156748
1348662	40	1.42061860268807e-06	28156748
1355100	11	3.90670115739218e-07	28156748
1358027	3	1.06546395201605e-07	28156748
1367491	1	3.55154650672017e-08	28156748
1367847	6	2.1309279040321e-07	28156748
1379702	9	3.19639185604815e-07	28156748
1380774	5	1.77577325336008e-07	28156748
1380908	24	8.5237116161284e-07	28156748
1382700	3	1.06546395201605e-07	28156748
1384484	1	3.55154650672017e-08	28156748
1389489	3	1.06546395201605e-07	28156748
1400867	5	1.77577325336008e-07	28156748
1401659	3	1.06546395201605e-07	28156748
1408186	7	2.48608255470412e-07	28156748
1408206	1	3.55154650672017e-08	28156748
1415629	5	1.77577325336008e-07	28156748
1415630	87	3.08984546084654e-06	28156748
1416914	10	3.55154650672017e-07	28156748
1423144	1	3.55154650672017e-08	28156748
1427342	3	1.06546395201605e-07	28156748
1430440	1	3.55154650672017e-08	28156748
1435044	3	1.06546395201605e-07	28156748
1435058	1	3.55154650672017e-08	28156748
1435356	17	6.03762906142428e-07	28156748
1436140	6	2.1309279040321e-07	28156748
