Tax.ID	Frequency	Proportion	Total
1148	2	1.13232394202728e-07	17662790
1311	1	5.66161971013639e-08	17662790
1511	4	2.26464788405456e-07	17662790
2762	1	5.66161971013639e-08	17662790
2787	2	1.13232394202728e-07	17662790
2829	1	5.66161971013639e-08	17662790
2839	3	1.69848591304092e-07	17662790
2850	8	4.52929576810912e-07	17662790
2880	2	1.13232394202728e-07	17662790
2898	1	5.66161971013639e-08	17662790
4950	1	5.66161971013639e-08	17662790
5061	1	5.66161971013639e-08	17662790
5762	2	1.13232394202728e-07	17662790
5901	2	1.13232394202728e-07	17662790
5905	1	5.66161971013639e-08	17662790
5907	6	3.39697182608184e-07	17662790
5908	4	2.26464788405456e-07	17662790
5911	17	9.62475350723187e-07	17662790
5932	22	1.24555633623001e-06	17662790
10629	2	1.13232394202728e-07	17662790
10632	1	5.66161971013639e-08	17662790
10798	49	2.77419365796683e-06	17662790
12402	5	2.8308098550682e-07	17662790
31964	5	2.8308098550682e-07	17662790
33657	1	5.66161971013639e-08	17662790
33658	1	5.66161971013639e-08	17662790
35128	4	2.26464788405456e-07	17662790
36809	1	5.66161971013639e-08	17662790
38271	1	5.66161971013639e-08	17662790
43926	1	5.66161971013639e-08	17662790
44058	1	5.66161971013639e-08	17662790
48970	1	5.66161971013639e-08	17662790
49266	2	1.13232394202728e-07	17662790
52970	7	3.96313379709548e-07	17662790
55529	8	4.52929576810912e-07	17662790
60481	9	5.09545773912275e-07	17662790
62928	11	6.22778168115003e-07	17662790
62977	5	2.8308098550682e-07	17662790
63186	1	5.66161971013639e-08	17662790
69328	4	2.26464788405456e-07	17662790
72197	6	3.39697182608184e-07	17662790
75379	5	2.8308098550682e-07	17662790
76869	1	5.66161971013639e-08	17662790
78245	5	2.8308098550682e-07	17662790
85643	9	5.09545773912275e-07	17662790
94122	2	1.13232394202728e-07	17662790
96563	7	3.96313379709548e-07	17662790
100226	2	1.13232394202728e-07	17662790
101510	6	3.39697182608184e-07	17662790
106370	2	1.13232394202728e-07	17662790
114416	1	5.66161971013639e-08	17662790
114615	3	1.69848591304092e-07	17662790
120807	2	1.13232394202728e-07	17662790
122587	2	1.13232394202728e-07	17662790
136966	17	9.62475350723187e-07	17662790
137722	3	1.69848591304092e-07	17662790
155864	1	5.66161971013639e-08	17662790
159087	5	2.8308098550682e-07	17662790
160488	1	5.66161971013639e-08	17662790
160490	4	2.26464788405456e-07	17662790
160619	5	2.8308098550682e-07	17662790
164756	5	2.8308098550682e-07	17662790
170187	42	2.37788027825729e-06	17662790
171101	388	2.19670844753292e-05	17662790
176279	21	1.18894013912864e-06	17662790
176280	23	1.30217253333137e-06	17662790
176299	1	5.66161971013639e-08	17662790
187272	3	1.69848591304092e-07	17662790
187303	1	5.66161971013639e-08	17662790
189423	74	4.18959858550093e-06	17662790
189918	1	5.66161971013639e-08	17662790
190304	1	5.66161971013639e-08	17662790
190485	8	4.52929576810912e-07	17662790
190486	1	5.66161971013639e-08	17662790
190650	6	3.39697182608184e-07	17662790
192952	1	5.66161971013639e-08	17662790
195103	1	5.66161971013639e-08	17662790
196162	3	1.69848591304092e-07	17662790
196164	6	3.39697182608184e-07	17662790
198466	1	5.66161971013639e-08	17662790
198628	1	5.66161971013639e-08	17662790
203119	1	5.66161971013639e-08	17662790
203122	1	5.66161971013639e-08	17662790
203275	2	1.13232394202728e-07	17662790
204773	13	7.36010562317731e-07	17662790
205913	3	1.69848591304092e-07	17662790
205918	4	2.26464788405456e-07	17662790
205922	12	6.79394365216367e-07	17662790
207559	3	1.69848591304092e-07	17662790
208435	9	5.09545773912275e-07	17662790
208963	10	5.66161971013639e-07	17662790
208964	9	5.09545773912275e-07	17662790
210007	3	1.69848591304092e-07	17662790
214092	2	1.13232394202728e-07	17662790
216432	3	1.69848591304092e-07	17662790
216591	6	3.39697182608184e-07	17662790
216594	2	1.13232394202728e-07	17662790
216595	39	2.20803168695319e-06	17662790
216596	4	2.26464788405456e-07	17662790
218491	1	5.66161971013639e-08	17662790
220341	113	6.39763027245412e-06	17662790
220664	5	2.8308098550682e-07	17662790
220668	1	5.66161971013639e-08	17662790
223283	3	1.69848591304092e-07	17662790
224911	3	1.69848591304092e-07	17662790
224914	1	5.66161971013639e-08	17662790
226185	5	2.8308098550682e-07	17662790
226186	5	2.8308098550682e-07	17662790
227882	2	1.13232394202728e-07	17662790
228410	1	5.66161971013639e-08	17662790
229533	1	5.66161971013639e-08	17662790
232721	109	6.17116548404867e-06	17662790
234267	1	5.66161971013639e-08	17662790
234621	78	4.41606337390639e-06	17662790
234831	1	5.66161971013639e-08	17662790
235909	1	5.66161971013639e-08	17662790
243090	1	5.66161971013639e-08	17662790
243159	2	1.13232394202728e-07	17662790
243230	1	5.66161971013639e-08	17662790
243233	1	5.66161971013639e-08	17662790
243243	3	1.69848591304092e-07	17662790
243365	3	1.69848591304092e-07	17662790
245014	1	5.66161971013639e-08	17662790
245018	1	5.66161971013639e-08	17662790
246196	3	1.69848591304092e-07	17662790
246200	2	1.13232394202728e-07	17662790
251229	2	1.13232394202728e-07	17662790
257309	1	5.66161971013639e-08	17662790
257310	4	2.26464788405456e-07	17662790
257311	1	5.66161971013639e-08	17662790
257313	1	5.66161971013639e-08	17662790
258594	5	2.8308098550682e-07	17662790
259536	1	5.66161971013639e-08	17662790
261292	5	2.8308098550682e-07	17662790
262316	1	5.66161971013639e-08	17662790
262724	2	1.13232394202728e-07	17662790
263358	1	5.66161971013639e-08	17662790
264198	9	5.09545773912275e-07	17662790
264462	2	1.13232394202728e-07	17662790
264730	3	1.69848591304092e-07	17662790
265072	1	5.66161971013639e-08	17662790
266117	1	5.66161971013639e-08	17662790
266264	12	6.79394365216367e-07	17662790
266265	8	4.52929576810912e-07	17662790
266779	3	1.69848591304092e-07	17662790
266834	1	5.66161971013639e-08	17662790
266835	1	5.66161971013639e-08	17662790
266940	3	1.69848591304092e-07	17662790
267608	3	1.69848591304092e-07	17662790
267747	17	9.62475350723187e-07	17662790
269482	4	2.26464788405456e-07	17662790
269796	2	1.13232394202728e-07	17662790
269798	7	3.96313379709548e-07	17662790
269800	1	5.66161971013639e-08	17662790
271848	2	1.13232394202728e-07	17662790
272562	2	1.13232394202728e-07	17662790
272620	5	2.8308098550682e-07	17662790
272621	1	5.66161971013639e-08	17662790
272622	13	7.36010562317731e-07	17662790
272623	6	3.39697182608184e-07	17662790
272626	1	5.66161971013639e-08	17662790
272630	5	2.8308098550682e-07	17662790
272631	1	5.66161971013639e-08	17662790
272942	11	6.22778168115003e-07	17662790
272943	1	5.66161971013639e-08	17662790
278137	1	5.66161971013639e-08	17662790
279238	6	3.39697182608184e-07	17662790
279808	2	1.13232394202728e-07	17662790
281090	2	1.13232394202728e-07	17662790
281310	1	5.66161971013639e-08	17662790
284811	2	1.13232394202728e-07	17662790
284812	2	1.13232394202728e-07	17662790
288000	2	1.13232394202728e-07	17662790
288705	2	1.13232394202728e-07	17662790
290339	2	1.13232394202728e-07	17662790
290340	8	4.52929576810912e-07	17662790
290397	3	1.69848591304092e-07	17662790
290398	1	5.66161971013639e-08	17662790
290399	6	3.39697182608184e-07	17662790
290633	1	5.66161971013639e-08	17662790
291331	2	1.13232394202728e-07	17662790
292414	2	1.13232394202728e-07	17662790
292415	1	5.66161971013639e-08	17662790
292563	1	5.66161971013639e-08	17662790
292564	1	5.66161971013639e-08	17662790
293826	4	2.26464788405456e-07	17662790
295405	2	1.13232394202728e-07	17662790
296543	6	3.39697182608184e-07	17662790
296591	21	1.18894013912864e-06	17662790
298653	8	4.52929576810912e-07	17662790
300269	1	5.66161971013639e-08	17662790
300852	1	5.66161971013639e-08	17662790
306537	71	4.01974999419684e-06	17662790
311403	1	5.66161971013639e-08	17662790
312153	60	3.39697182608184e-06	17662790
313595	12	6.79394365216367e-07	17662790
313596	1	5.66161971013639e-08	17662790
313598	13	7.36010562317731e-07	17662790
313603	3	1.69848591304092e-07	17662790
314225	5	2.8308098550682e-07	17662790
314565	4	2.26464788405456e-07	17662790
315730	1	5.66161971013639e-08	17662790
316055	5	2.8308098550682e-07	17662790
316057	1	5.66161971013639e-08	17662790
316058	2	1.13232394202728e-07	17662790
316385	2	1.13232394202728e-07	17662790
317655	7	3.96313379709548e-07	17662790
317936	4	2.26464788405456e-07	17662790
318167	2	1.13232394202728e-07	17662790
318586	11	6.22778168115003e-07	17662790
319795	4	2.26464788405456e-07	17662790
320388	7	3.96313379709548e-07	17662790
320389	1	5.66161971013639e-08	17662790
321967	3	1.69848591304092e-07	17662790
322159	17	9.62475350723187e-07	17662790
322710	6	3.39697182608184e-07	17662790
323097	2	1.13232394202728e-07	17662790
323098	1	5.66161971013639e-08	17662790
323261	1	5.66161971013639e-08	17662790
324831	1	5.66161971013639e-08	17662790
326424	5	2.8308098550682e-07	17662790
326442	1	5.66161971013639e-08	17662790
329726	2	1.13232394202728e-07	17662790
330879	1	5.66161971013639e-08	17662790
331111	6	3.39697182608184e-07	17662790
331112	2	1.13232394202728e-07	17662790
331271	12	6.79394365216367e-07	17662790
331272	7	3.96313379709548e-07	17662790
331635	1	5.66161971013639e-08	17662790
334413	1	5.66161971013639e-08	17662790
335283	2	1.13232394202728e-07	17662790
335284	1	5.66161971013639e-08	17662790
335541	1	5.66161971013639e-08	17662790
335659	8	4.52929576810912e-07	17662790
337191	1	5.66161971013639e-08	17662790
338969	15	8.49242956520459e-07	17662790
339670	28	1.58525351883819e-06	17662790
339860	1	5.66161971013639e-08	17662790
340100	11	6.22778168115003e-07	17662790
340322	8	4.52929576810912e-07	17662790
342108	3	1.69848591304092e-07	17662790
342109	1	5.66161971013639e-08	17662790
342451	3	1.69848591304092e-07	17662790
342610	5	2.8308098550682e-07	17662790
343509	1	5.66161971013639e-08	17662790
344609	1	5.66161971013639e-08	17662790
345219	1	5.66161971013639e-08	17662790
347253	3	1.69848591304092e-07	17662790
347834	1	5.66161971013639e-08	17662790
349101	5	2.8308098550682e-07	17662790
349102	5	2.8308098550682e-07	17662790
349124	1	5.66161971013639e-08	17662790
349163	1	5.66161971013639e-08	17662790
349741	3	1.69848591304092e-07	17662790
350054	1	5.66161971013639e-08	17662790
350058	2	1.13232394202728e-07	17662790
351348	5	2.8308098550682e-07	17662790
351607	1	5.66161971013639e-08	17662790
351746	4	2.26464788405456e-07	17662790
354242	1	5.66161971013639e-08	17662790
355276	2	1.13232394202728e-07	17662790
355277	2	1.13232394202728e-07	17662790
357348	1	5.66161971013639e-08	17662790
358220	154	8.71889435361005e-06	17662790
359786	2	1.13232394202728e-07	17662790
360094	2	1.13232394202728e-07	17662790
360095	1	5.66161971013639e-08	17662790
360102	11	6.22778168115003e-07	17662790
360910	2	1.13232394202728e-07	17662790
360911	1	5.66161971013639e-08	17662790
362242	2	1.13232394202728e-07	17662790
362663	4	2.26464788405456e-07	17662790
365044	35	1.98156689854774e-06	17662790
365046	36	2.0381830956491e-06	17662790
365659	671	3.79894682550152e-05	17662790
366394	1	5.66161971013639e-08	17662790
366602	3	1.69848591304092e-07	17662790
367775	4	2.26464788405456e-07	17662790
367928	2	1.13232394202728e-07	17662790
369723	1	5.66161971013639e-08	17662790
373153	535	3.02896654492297e-05	17662790
373384	13	7.36010562317731e-07	17662790
375286	2	1.13232394202728e-07	17662790
375451	3	1.69848591304092e-07	17662790
376686	362	2.04950633506937e-05	17662790
377628	7	3.96313379709548e-07	17662790
377629	3	1.69848591304092e-07	17662790
378753	4	2.26464788405456e-07	17662790
378806	2	1.13232394202728e-07	17662790
379066	3	1.69848591304092e-07	17662790
379731	14	7.92626759419095e-07	17662790
380358	1	5.66161971013639e-08	17662790
380394	2	1.13232394202728e-07	17662790
380703	9	5.09545773912275e-07	17662790
381666	12	6.79394365216367e-07	17662790
381754	4	2.26464788405456e-07	17662790
382245	10	5.66161971013639e-07	17662790
382640	1	5.66161971013639e-08	17662790
383407	1	5.66161971013639e-08	17662790
384676	13	7.36010562317731e-07	17662790
386585	1	5.66161971013639e-08	17662790
386656	4	2.26464788405456e-07	17662790
387344	3	1.69848591304092e-07	17662790
388919	26	1.47202112463546e-06	17662790
390235	2	1.13232394202728e-07	17662790
390236	1	5.66161971013639e-08	17662790
390333	15	8.49242956520459e-07	17662790
391008	22	1.24555633623001e-06	17662790
391038	1	5.66161971013639e-08	17662790
391165	3	1.69848591304092e-07	17662790
391295	10	5.66161971013639e-07	17662790
391296	5	2.8308098550682e-07	17662790
391735	16	9.05859153621823e-07	17662790
392499	13	7.36010562317731e-07	17662790
393305	9	5.09545773912275e-07	17662790
393595	1	5.66161971013639e-08	17662790
395019	13	7.36010562317731e-07	17662790
395491	2	1.13232394202728e-07	17662790
395495	30	1.69848591304092e-06	17662790
395960	7	3.96313379709548e-07	17662790
395963	3	1.69848591304092e-07	17662790
395965	1	5.66161971013639e-08	17662790
396513	1	5.66161971013639e-08	17662790
396588	4	2.26464788405456e-07	17662790
396595	1	5.66161971013639e-08	17662790
397945	33	1.86833450434501e-06	17662790
398527	3	1.69848591304092e-07	17662790
398577	3	1.69848591304092e-07	17662790
398578	76	4.30283097970366e-06	17662790
398580	3	1.69848591304092e-07	17662790
399739	12	6.79394365216367e-07	17662790
399741	3	1.69848591304092e-07	17662790
399742	1	5.66161971013639e-08	17662790
399781	2	1.13232394202728e-07	17662790
400667	11	6.22778168115003e-07	17662790
400668	1	5.66161971013639e-08	17662790
400756	6	3.39697182608184e-07	17662790
402612	170	9.62475350723187e-06	17662790
402626	3	1.69848591304092e-07	17662790
402881	3	1.69848591304092e-07	17662790
403677	12	6.79394365216367e-07	17662790
404380	2	1.13232394202728e-07	17662790
404589	2	1.13232394202728e-07	17662790
405416	2	1.13232394202728e-07	17662790
405440	1	5.66161971013639e-08	17662790
405948	12	6.79394365216367e-07	17662790
405955	4	2.26464788405456e-07	17662790
406425	5	2.8308098550682e-07	17662790
407976	1	5.66161971013639e-08	17662790
409438	1	5.66161971013639e-08	17662790
410289	2	1.13232394202728e-07	17662790
411154	7	3.96313379709548e-07	17662790
412022	1	5.66161971013639e-08	17662790
412030	2	1.13232394202728e-07	17662790
412694	1	5.66161971013639e-08	17662790
413404	1	5.66161971013639e-08	17662790
413997	5	2.8308098550682e-07	17662790
416269	2	1.13232394202728e-07	17662790
416344	3	1.69848591304092e-07	17662790
416870	9	5.09545773912275e-07	17662790
419610	9	5.09545773912275e-07	17662790
420246	1	5.66161971013639e-08	17662790
420662	27	1.52863732173683e-06	17662790
423368	4	2.26464788405456e-07	17662790
423536	3	1.69848591304092e-07	17662790
424182	1	5.66161971013639e-08	17662790
425011	4	2.26464788405456e-07	17662790
425104	1	5.66161971013639e-08	17662790
426114	3	1.69848591304092e-07	17662790
426117	8	4.52929576810912e-07	17662790
426355	3	1.69848591304092e-07	17662790
426430	1	5.66161971013639e-08	17662790
428406	13	7.36010562317731e-07	17662790
430066	1	5.66161971013639e-08	17662790
431947	1	5.66161971013639e-08	17662790
434131	1	5.66161971013639e-08	17662790
435590	7	3.96313379709548e-07	17662790
435591	3	1.69848591304092e-07	17662790
435998	1	5.66161971013639e-08	17662790
436717	5	2.8308098550682e-07	17662790
438753	2	1.13232394202728e-07	17662790
439375	1	5.66161971013639e-08	17662790
439843	113	6.39763027245412e-06	17662790
439855	2	1.13232394202728e-07	17662790
440085	7	3.96313379709548e-07	17662790
441375	3	1.69848591304092e-07	17662790
441620	4	2.26464788405456e-07	17662790
443143	2	1.13232394202728e-07	17662790
443144	4	2.26464788405456e-07	17662790
443254	1	5.66161971013639e-08	17662790
443906	5	2.8308098550682e-07	17662790
444178	1	5.66161971013639e-08	17662790
444179	1	5.66161971013639e-08	17662790
446462	1	5.66161971013639e-08	17662790
446465	5	2.8308098550682e-07	17662790
446466	1	5.66161971013639e-08	17662790
446468	3	1.69848591304092e-07	17662790
446469	3	1.69848591304092e-07	17662790
446470	5	2.8308098550682e-07	17662790
446471	1	5.66161971013639e-08	17662790
447217	1	5.66161971013639e-08	17662790
448385	4	2.26464788405456e-07	17662790
449447	3	1.69848591304092e-07	17662790
450851	9	5.09545773912275e-07	17662790
451516	2	1.13232394202728e-07	17662790
452471	1	5.66161971013639e-08	17662790
452637	4	2.26464788405456e-07	17662790
452638	46	2.60434506666274e-06	17662790
452652	2	1.13232394202728e-07	17662790
452662	9	5.09545773912275e-07	17662790
452863	2	1.13232394202728e-07	17662790
454169	114	6.45424646955549e-06	17662790
455488	1	5.66161971013639e-08	17662790
455632	3	1.69848591304092e-07	17662790
457425	1	5.66161971013639e-08	17662790
459424	2	1.13232394202728e-07	17662790
460265	7	3.96313379709548e-07	17662790
464988	2	1.13232394202728e-07	17662790
465515	76	4.30283097970366e-06	17662790
467705	22	1.24555633623001e-06	17662790
469008	5	2.8308098550682e-07	17662790
469371	3	1.69848591304092e-07	17662790
469607	1	5.66161971013639e-08	17662790
471853	3	1.69848591304092e-07	17662790
471854	1	5.66161971013639e-08	17662790
471856	2	1.13232394202728e-07	17662790
471857	2	1.13232394202728e-07	17662790
472759	3	1.69848591304092e-07	17662790
477641	1	5.66161971013639e-08	17662790
478801	8	4.52929576810912e-07	17662790
479431	1	5.66161971013639e-08	17662790
479432	2	1.13232394202728e-07	17662790
479433	4	2.26464788405456e-07	17662790
479434	1	5.66161971013639e-08	17662790
479435	3	1.69848591304092e-07	17662790
479436	1	5.66161971013639e-08	17662790
481805	8	4.52929576810912e-07	17662790
481877	1	5.66161971013639e-08	17662790
482957	7	3.96313379709548e-07	17662790
483179	1	5.66161971013639e-08	17662790
484021	1	5.66161971013639e-08	17662790
485917	4	2.26464788405456e-07	17662790
485918	3	1.69848591304092e-07	17662790
486410	1	5.66161971013639e-08	17662790
487213	158	8.9453591420155e-06	17662790
487214	125	7.07702463767049e-06	17662790
488221	35	1.98156689854774e-06	17662790
488222	34	1.92495070144637e-06	17662790
488223	33	1.86833450434501e-06	17662790
491915	4	2.26464788405456e-07	17662790
491916	1	5.66161971013639e-08	17662790
497978	1	5.66161971013639e-08	17662790
498214	1	5.66161971013639e-08	17662790
502025	1	5.66161971013639e-08	17662790
502801	3	1.69848591304092e-07	17662790
504472	1	5.66161971013639e-08	17662790
504474	24	1.35878873043273e-06	17662790
504832	3	1.69848591304092e-07	17662790
509169	9	5.09545773912275e-07	17662790
509170	2	1.13232394202728e-07	17662790
509173	14	7.92626759419095e-07	17662790
509190	3	1.69848591304092e-07	17662790
510516	2	1.13232394202728e-07	17662790
511691	1	5.66161971013639e-08	17662790
511995	1	5.66161971013639e-08	17662790
512565	3	1.69848591304092e-07	17662790
512566	56	3.17050703767638e-06	17662790
515619	1	5.66161971013639e-08	17662790
516950	143	8.09611618549504e-06	17662790
519441	4	2.26464788405456e-07	17662790
521097	13	7.36010562317731e-07	17662790
521674	1	5.66161971013639e-08	17662790
522306	4	2.26464788405456e-07	17662790
522373	86	4.8689929507173e-06	17662790
525284	3	1.69848591304092e-07	17662790
525381	127	7.19025703187322e-06	17662790
525897	1	5.66161971013639e-08	17662790
525919	3	1.69848591304092e-07	17662790
526224	1	5.66161971013639e-08	17662790
526225	6	3.39697182608184e-07	17662790
530564	2	1.13232394202728e-07	17662790
531844	7	3.96313379709548e-07	17662790
535289	58	3.28373943187911e-06	17662790
536056	2	1.13232394202728e-07	17662790
537457	1	5.66161971013639e-08	17662790
543728	54	3.05727464347365e-06	17662790
543734	1	5.66161971013639e-08	17662790
543891	5	2.8308098550682e-07	17662790
543913	272	1.5399605611571e-05	17662790
544556	3	1.69848591304092e-07	17662790
545693	2	1.13232394202728e-07	17662790
546414	3	1.69848591304092e-07	17662790
548473	3	1.69848591304092e-07	17662790
548476	48	2.71757746086547e-06	17662790
550542	2	1.13232394202728e-07	17662790
553174	1	5.66161971013639e-08	17662790
553190	6	3.39697182608184e-07	17662790
553199	376	2.12876901101128e-05	17662790
553482	1	5.66161971013639e-08	17662790
555079	3	1.69848591304092e-07	17662790
556484	3	1.69848591304092e-07	17662790
557433	2	1.13232394202728e-07	17662790
557436	2	1.13232394202728e-07	17662790
557598	1	5.66161971013639e-08	17662790
557599	4	2.26464788405456e-07	17662790
557600	1	5.66161971013639e-08	17662790
557722	7	3.96313379709548e-07	17662790
557760	7	3.96313379709548e-07	17662790
559292	67	3.79328520579138e-06	17662790
559307	1	5.66161971013639e-08	17662790
561229	2	1.13232394202728e-07	17662790
561276	47	2.66096126376411e-06	17662790
561304	1	5.66161971013639e-08	17662790
565034	1	5.66161971013639e-08	17662790
565040	3	1.69848591304092e-07	17662790
565042	1	5.66161971013639e-08	17662790
565050	6	3.39697182608184e-07	17662790
565655	1	5.66161971013639e-08	17662790
567106	1	5.66161971013639e-08	17662790
568206	1	5.66161971013639e-08	17662790
568706	2	1.13232394202728e-07	17662790
568707	2	1.13232394202728e-07	17662790
568814	7	3.96313379709548e-07	17662790
572477	2	1.13232394202728e-07	17662790
573591	1	5.66161971013639e-08	17662790
573729	1	5.66161971013639e-08	17662790
573826	2	1.13232394202728e-07	17662790
574093	22	1.24555633623001e-06	17662790
575540	4	2.26464788405456e-07	17662790
580327	1	5.66161971013639e-08	17662790
580332	1	5.66161971013639e-08	17662790
582899	1	5.66161971013639e-08	17662790
583345	7	3.96313379709548e-07	17662790
585054	2	1.13232394202728e-07	17662790
585055	1	5.66161971013639e-08	17662790
585057	2	1.13232394202728e-07	17662790
585394	1	5.66161971013639e-08	17662790
585396	113	6.39763027245412e-06	17662790
589865	1	5.66161971013639e-08	17662790
590998	3	1.69848591304092e-07	17662790
591365	2	1.13232394202728e-07	17662790
592022	1	5.66161971013639e-08	17662790
592029	7	3.96313379709548e-07	17662790
593907	2	1.13232394202728e-07	17662790
595494	6	3.39697182608184e-07	17662790
595528	4	2.26464788405456e-07	17662790
595537	34	1.92495070144637e-06	17662790
596153	49	2.77419365796683e-06	17662790
596154	48	2.71757746086547e-06	17662790
600809	1	5.66161971013639e-08	17662790
626418	7	3.96313379709548e-07	17662790
627192	9	5.09545773912275e-07	17662790
632772	4	2.26464788405456e-07	17662790
634176	1	5.66161971013639e-08	17662790
634177	1	5.66161971013639e-08	17662790
634503	1	5.66161971013639e-08	17662790
637379	4	2.26464788405456e-07	17662790
637905	1	5.66161971013639e-08	17662790
637909	3	1.69848591304092e-07	17662790
639283	3	1.69848591304092e-07	17662790
640081	10	5.66161971013639e-07	17662790
640132	1	5.66161971013639e-08	17662790
640511	2	1.13232394202728e-07	17662790
640512	1	5.66161971013639e-08	17662790
641491	2	1.13232394202728e-07	17662790
641892	1	5.66161971013639e-08	17662790
643561	33	1.86833450434501e-06	17662790
644007	1	5.66161971013639e-08	17662790
644283	1	5.66161971013639e-08	17662790
644284	2	1.13232394202728e-07	17662790
644801	4	2.26464788405456e-07	17662790
645127	5	2.8308098550682e-07	17662790
649349	5	2.8308098550682e-07	17662790
651182	1	5.66161971013639e-08	17662790
652103	5	2.8308098550682e-07	17662790
653045	3	1.69848591304092e-07	17662790
653733	1	5.66161971013639e-08	17662790
655815	10	5.66161971013639e-07	17662790
656024	1	5.66161971013639e-08	17662790
657310	1	5.66161971013639e-08	17662790
657313	2	1.13232394202728e-07	17662790
657314	3	1.69848591304092e-07	17662790
657315	2	1.13232394202728e-07	17662790
657318	1	5.66161971013639e-08	17662790
657321	2	1.13232394202728e-07	17662790
657322	3	1.69848591304092e-07	17662790
661367	2	1.13232394202728e-07	17662790
661410	5	2.8308098550682e-07	17662790
662755	14	7.92626759419095e-07	17662790
663954	6	3.39697182608184e-07	17662790
666681	4	2.26464788405456e-07	17662790
666685	3	1.69848591304092e-07	17662790
667015	1	5.66161971013639e-08	17662790
670307	3	1.69848591304092e-07	17662790
675635	3	1.69848591304092e-07	17662790
679935	1	5.66161971013639e-08	17662790
680198	3	1.69848591304092e-07	17662790
684738	6	3.39697182608184e-07	17662790
685727	3	1.69848591304092e-07	17662790
687346	4	2.26464788405456e-07	17662790
687349	1	5.66161971013639e-08	17662790
687351	2	1.13232394202728e-07	17662790
687354	2	1.13232394202728e-07	17662790
687355	1	5.66161971013639e-08	17662790
687358	17	9.62475350723187e-07	17662790
687367	2	1.13232394202728e-07	17662790
688245	25	1.4154049275341e-06	17662790
688270	10	5.66161971013639e-07	17662790
690566	8	4.52929576810912e-07	17662790
691437	3	1.69848591304092e-07	17662790
693444	2	1.13232394202728e-07	17662790
693977	1	5.66161971013639e-08	17662790
693978	6	3.39697182608184e-07	17662790
693982	2	1.13232394202728e-07	17662790
694427	1	5.66161971013639e-08	17662790
695560	2	1.13232394202728e-07	17662790
695562	1	5.66161971013639e-08	17662790
696216	2	1.13232394202728e-07	17662790
696406	1	5.66161971013639e-08	17662790
697281	1	5.66161971013639e-08	17662790
697283	14	7.92626759419095e-07	17662790
698737	1	5.66161971013639e-08	17662790
698761	3	1.69848591304092e-07	17662790
698936	1	5.66161971013639e-08	17662790
698962	7	3.96313379709548e-07	17662790
698964	4	2.26464788405456e-07	17662790
698965	7	3.96313379709548e-07	17662790
698970	2	1.13232394202728e-07	17662790
698972	9	5.09545773912275e-07	17662790
698973	1	5.66161971013639e-08	17662790
700508	1	5.66161971013639e-08	17662790
700598	6	3.39697182608184e-07	17662790
701347	1	5.66161971013639e-08	17662790
702113	8	4.52929576810912e-07	17662790
706191	1	5.66161971013639e-08	17662790
709991	1	5.66161971013639e-08	17662790
710421	2	1.13232394202728e-07	17662790
710696	5	2.8308098550682e-07	17662790
713604	2	1.13232394202728e-07	17662790
716541	1	5.66161971013639e-08	17662790
717608	1	5.66161971013639e-08	17662790
717785	2	1.13232394202728e-07	17662790
717959	1	5.66161971013639e-08	17662790
717962	1	5.66161971013639e-08	17662790
718254	1	5.66161971013639e-08	17662790
718255	1	5.66161971013639e-08	17662790
718271	1	5.66161971013639e-08	17662790
718274	1	5.66161971013639e-08	17662790
720554	1	5.66161971013639e-08	17662790
720555	1	5.66161971013639e-08	17662790
722911	1	5.66161971013639e-08	17662790
741091	1	5.66161971013639e-08	17662790
742013	55	3.11389084057502e-06	17662790
743525	3	1.69848591304092e-07	17662790
743718	4	2.26464788405456e-07	17662790
743720	1	5.66161971013639e-08	17662790
743721	6	3.39697182608184e-07	17662790
744533	8	4.52929576810912e-07	17662790
745310	12	6.79394365216367e-07	17662790
746361	2	1.13232394202728e-07	17662790
746697	5	2.8308098550682e-07	17662790
748247	6	3.39697182608184e-07	17662790
748280	1	5.66161971013639e-08	17662790
748671	2	1.13232394202728e-07	17662790
749414	4	2.26464788405456e-07	17662790
749927	5	2.8308098550682e-07	17662790
754035	2	1.13232394202728e-07	17662790
754476	1	5.66161971013639e-08	17662790
755178	3	1.69848591304092e-07	17662790
755732	18	1.01909154782455e-06	17662790
757424	7	3.96313379709548e-07	17662790
758793	1	5.66161971013639e-08	17662790
759350	2	1.13232394202728e-07	17662790
759362	1	5.66161971013639e-08	17662790
760154	1	5.66161971013639e-08	17662790
760570	10	5.66161971013639e-07	17662790
762376	12	6.79394365216367e-07	17662790
762903	2	1.13232394202728e-07	17662790
762948	5	2.8308098550682e-07	17662790
765698	2	1.13232394202728e-07	17662790
765874	4	2.26464788405456e-07	17662790
768066	2	1.13232394202728e-07	17662790
858619	4	2.26464788405456e-07	17662790
859655	3	1.69848591304092e-07	17662790
859656	4	2.26464788405456e-07	17662790
859657	7	3.96313379709548e-07	17662790
860228	11	6.22778168115003e-07	17662790
861208	1	5.66161971013639e-08	17662790
862719	2	1.13232394202728e-07	17662790
862751	3	1.69848591304092e-07	17662790
862962	6	3.39697182608184e-07	17662790
862965	1	5.66161971013639e-08	17662790
862966	2	1.13232394202728e-07	17662790
862967	1	5.66161971013639e-08	17662790
865938	6	3.39697182608184e-07	17662790
866536	1	5.66161971013639e-08	17662790
866768	16	9.05859153621823e-07	17662790
867900	8	4.52929576810912e-07	17662790
867902	2	1.13232394202728e-07	17662790
868597	19	1.07570774492591e-06	17662790
869210	1	5.66161971013639e-08	17662790
869215	15	8.49242956520459e-07	17662790
869216	12	6.79394365216367e-07	17662790
869269	17	9.62475350723187e-07	17662790
869303	1	5.66161971013639e-08	17662790
869304	1	5.66161971013639e-08	17662790
869306	6	3.39697182608184e-07	17662790
869309	422	2.38920351767756e-05	17662790
871585	4	2.26464788405456e-07	17662790
875328	1	5.66161971013639e-08	17662790
880070	1	5.66161971013639e-08	17662790
880071	1	5.66161971013639e-08	17662790
880591	2	1.13232394202728e-07	17662790
880758	3	1.69848591304092e-07	17662790
886293	7	3.96313379709548e-07	17662790
886377	2	1.13232394202728e-07	17662790
889932	1	5.66161971013639e-08	17662790
890402	3	1.69848591304092e-07	17662790
891391	1	5.66161971013639e-08	17662790
905079	3	1.69848591304092e-07	17662790
909952	36	2.0381830956491e-06	17662790
909954	1	5.66161971013639e-08	17662790
926562	7	3.96313379709548e-07	17662790
927666	148	8.37919717100186e-06	17662790
929102	4	2.26464788405456e-07	17662790
929562	3	1.69848591304092e-07	17662790
930169	3	1.69848591304092e-07	17662790
930171	2	1.13232394202728e-07	17662790
930944	2	1.13232394202728e-07	17662790
931281	1	5.66161971013639e-08	17662790
936153	9	5.09545773912275e-07	17662790
937773	1	5.66161971013639e-08	17662790
937777	1	5.66161971013639e-08	17662790
941639	4	2.26464788405456e-07	17662790
945556	1	5.66161971013639e-08	17662790
945704	14	7.92626759419095e-07	17662790
945711	1	5.66161971013639e-08	17662790
946362	4	2.26464788405456e-07	17662790
977880	6	3.39697182608184e-07	17662790
979556	2	1.13232394202728e-07	17662790
981222	1	5.66161971013639e-08	17662790
981368	1	5.66161971013639e-08	17662790
981540	9	5.09545773912275e-07	17662790
983544	23	1.30217253333137e-06	17662790
983548	7	3.96313379709548e-07	17662790
983917	27	1.52863732173683e-06	17662790
984262	1	5.66161971013639e-08	17662790
990315	4	2.26464788405456e-07	17662790
990316	1	5.66161971013639e-08	17662790
990317	2	1.13232394202728e-07	17662790
991905	3	1.69848591304092e-07	17662790
992406	1	5.66161971013639e-08	17662790
994476	4	2.26464788405456e-07	17662790
994484	6	3.39697182608184e-07	17662790
996285	3	1.69848591304092e-07	17662790
999541	6	3.39697182608184e-07	17662790
999552	2	1.13232394202728e-07	17662790
1001585	6	3.39697182608184e-07	17662790
1003195	7	3.96313379709548e-07	17662790
1004951	1	5.66161971013639e-08	17662790
1004952	3	1.69848591304092e-07	17662790
1005041	8	4.52929576810912e-07	17662790
1005042	3	1.69848591304092e-07	17662790
1005048	6	3.39697182608184e-07	17662790
1006007	2	1.13232394202728e-07	17662790
1006551	1	5.66161971013639e-08	17662790
1007105	5	2.8308098550682e-07	17662790
1009464	4	2.26464788405456e-07	17662790
1009846	5	2.8308098550682e-07	17662790
1016998	1	5.66161971013639e-08	17662790
1028307	1	5.66161971013639e-08	17662790
1029756	2	1.13232394202728e-07	17662790
1030843	1	5.66161971013639e-08	17662790
1031709	35	1.98156689854774e-06	17662790
1031711	3	1.69848591304092e-07	17662790
1032480	1	5.66161971013639e-08	17662790
1033813	1	5.66161971013639e-08	17662790
1034807	217	1.2285714770996e-05	17662790
1034809	1	5.66161971013639e-08	17662790
1035817	2	1.13232394202728e-07	17662790
1036672	2	1.13232394202728e-07	17662790
1036743	2	1.13232394202728e-07	17662790
1037409	8	4.52929576810912e-07	17662790
1037911	26	1.47202112463546e-06	17662790
1041826	69	3.90651759999411e-06	17662790
1042876	8	4.52929576810912e-07	17662790
1042878	8	4.52929576810912e-07	17662790
1045855	5	2.8308098550682e-07	17662790
1046629	4	2.26464788405456e-07	17662790
1048260	1	5.66161971013639e-08	17662790
1048332	3	1.69848591304092e-07	17662790
1048689	1	5.66161971013639e-08	17662790
1051074	4	2.26464788405456e-07	17662790
1054460	368	2.08347605333019e-05	17662790
1064539	2	1.13232394202728e-07	17662790
1064592	2	1.13232394202728e-07	17662790
1069533	1	5.66161971013639e-08	17662790
1069642	1	5.66161971013639e-08	17662790
1071378	3	1.69848591304092e-07	17662790
1071381	1	5.66161971013639e-08	17662790
1071382	3	1.69848591304092e-07	17662790
1072459	1	5.66161971013639e-08	17662790
1074252	1	5.66161971013639e-08	17662790
1074919	1	5.66161971013639e-08	17662790
1080228	2	1.13232394202728e-07	17662790
1089456	4	2.26464788405456e-07	17662790
1091045	153	8.66227815650868e-06	17662790
1093141	7	3.96313379709548e-07	17662790
1093787	1	5.66161971013639e-08	17662790
1094466	90	5.09545773912275e-06	17662790
1096996	1	5.66161971013639e-08	17662790
1097668	2	1.13232394202728e-07	17662790
1097677	1	5.66161971013639e-08	17662790
1104322	10	5.66161971013639e-07	17662790
1110502	2	1.13232394202728e-07	17662790
1111068	3	1.69848591304092e-07	17662790
1111678	4	2.26464788405456e-07	17662790
1112204	1	5.66161971013639e-08	17662790
1114965	2	1.13232394202728e-07	17662790
1114966	5	2.8308098550682e-07	17662790
1114967	45	2.54772886956138e-06	17662790
1114969	363	2.05516795477951e-05	17662790
1114970	6	3.39697182608184e-07	17662790
1118963	5	2.8308098550682e-07	17662790
1121353	4	2.26464788405456e-07	17662790
1121362	2	1.13232394202728e-07	17662790
1121448	1	5.66161971013639e-08	17662790
1123519	2	1.13232394202728e-07	17662790
1124983	10	5.66161971013639e-07	17662790
1127134	4	2.26464788405456e-07	17662790
1130804	9	5.09545773912275e-07	17662790
1133849	1	5.66161971013639e-08	17662790
1133850	1	5.66161971013639e-08	17662790
1134454	184	1.0417380266651e-05	17662790
1136179	77	4.35944717680502e-06	17662790
1137651	2	1.13232394202728e-07	17662790
1138383	1	5.66161971013639e-08	17662790
1142511	2	1.13232394202728e-07	17662790
1146883	7	3.96313379709548e-07	17662790
1150469	2	1.13232394202728e-07	17662790
1151116	1	5.66161971013639e-08	17662790
1156431	10	5.66161971013639e-07	17662790
1156433	12	6.79394365216367e-07	17662790
1163399	21	1.18894013912864e-06	17662790
1163617	2	1.13232394202728e-07	17662790
1167634	13	7.36010562317731e-07	17662790
1170318	11	6.22778168115003e-07	17662790
1171373	3	1.69848591304092e-07	17662790
1173020	2	1.13232394202728e-07	17662790
1179773	1	5.66161971013639e-08	17662790
1184267	1	5.66161971013639e-08	17662790
1185652	2	1.13232394202728e-07	17662790
1191061	1	5.66161971013639e-08	17662790
1193576	1	5.66161971013639e-08	17662790
1194526	1	5.66161971013639e-08	17662790
1196325	2	1.13232394202728e-07	17662790
1196835	3	1.69848591304092e-07	17662790
1199187	2	1.13232394202728e-07	17662790
1200352	1	5.66161971013639e-08	17662790
1203670	1	5.66161971013639e-08	17662790
1204414	2	1.13232394202728e-07	17662790
1205677	1	5.66161971013639e-08	17662790
1205910	1	5.66161971013639e-08	17662790
1206105	6	3.39697182608184e-07	17662790
1207075	6	3.39697182608184e-07	17662790
1211579	3	1.69848591304092e-07	17662790
1214101	1	5.66161971013639e-08	17662790
1215088	5	2.8308098550682e-07	17662790
1216976	7	3.96313379709548e-07	17662790
1217984	1	5.66161971013639e-08	17662790
1224163	1	5.66161971013639e-08	17662790
1225788	1	5.66161971013639e-08	17662790
1228997	1	5.66161971013639e-08	17662790
1232381	3	1.69848591304092e-07	17662790
1233873	1	5.66161971013639e-08	17662790
1234367	1	5.66161971013639e-08	17662790
1234380	3	1.69848591304092e-07	17662790
1234679	5	2.8308098550682e-07	17662790
1235461	1	5.66161971013639e-08	17662790
1236903	1	5.66161971013639e-08	17662790
1245469	3	1.69848591304092e-07	17662790
1245471	8	4.52929576810912e-07	17662790
1246301	23	1.30217253333137e-06	17662790
1246365	3	1.69848591304092e-07	17662790
1246995	1	5.66161971013639e-08	17662790
1254432	3	1.69848591304092e-07	17662790
1255043	3	1.69848591304092e-07	17662790
1257118	1	5.66161971013639e-08	17662790
1262456	2	1.13232394202728e-07	17662790
1265601	1	5.66161971013639e-08	17662790
1266845	4	2.26464788405456e-07	17662790
1267754	13	7.36010562317731e-07	17662790
1271863	1	5.66161971013639e-08	17662790
1276282	1	5.66161971013639e-08	17662790
1278073	1	5.66161971013639e-08	17662790
1280938	1	5.66161971013639e-08	17662790
1282356	17	9.62475350723187e-07	17662790
1283331	4	2.26464788405456e-07	17662790
1286170	1	5.66161971013639e-08	17662790
1288394	6	3.39697182608184e-07	17662790
1294143	5	2.8308098550682e-07	17662790
1295826	1	5.66161971013639e-08	17662790
1302863	13	7.36010562317731e-07	17662790
1303692	2	1.13232394202728e-07	17662790
1309806	3	1.69848591304092e-07	17662790
1313172	3	1.69848591304092e-07	17662790
1314884	1	5.66161971013639e-08	17662790
1321369	1	5.66161971013639e-08	17662790
1323661	2	1.13232394202728e-07	17662790
1328306	1	5.66161971013639e-08	17662790
1331671	5	2.8308098550682e-07	17662790
1335307	1	5.66161971013639e-08	17662790
1340847	3	1.69848591304092e-07	17662790
1343740	1	5.66161971013639e-08	17662790
1348660	1	5.66161971013639e-08	17662790
1348662	3	1.69848591304092e-07	17662790
1367847	1	5.66161971013639e-08	17662790
1380774	5	2.8308098550682e-07	17662790
1380908	1	5.66161971013639e-08	17662790
1389489	1	5.66161971013639e-08	17662790
1394711	1	5.66161971013639e-08	17662790
1400867	2	1.13232394202728e-07	17662790
1401659	2	1.13232394202728e-07	17662790
1408179	3	1.69848591304092e-07	17662790
1408272	1	5.66161971013639e-08	17662790
1415629	1	5.66161971013639e-08	17662790
1415630	38	2.15141548985183e-06	17662790
1416914	4	2.26464788405456e-07	17662790
1423144	1	5.66161971013639e-08	17662790
1427342	2	1.13232394202728e-07	17662790
1430440	1	5.66161971013639e-08	17662790
1435356	4	2.26464788405456e-07	17662790
1436140	2	1.13232394202728e-07	17662790
