Tax.ID	Frequency	Proportion	Total
2769	1	8.32045050247201e-08	12018580
2787	2	1.6640901004944e-07	12018580
2829	2	1.6640901004944e-07	12018580
2839	3	2.4961351507416e-07	12018580
2850	7	5.8243153517304e-07	12018580
4950	2	1.6640901004944e-07	12018580
5518	1	8.32045050247201e-08	12018580
5786	2	1.6640901004944e-07	12018580
5932	2	1.6640901004944e-07	12018580
31964	1	8.32045050247201e-08	12018580
35128	8	6.6563604019776e-07	12018580
40041	1	8.32045050247201e-08	12018580
44056	1	8.32045050247201e-08	12018580
55529	2	1.6640901004944e-07	12018580
59922	1	8.32045050247201e-08	12018580
60481	2	1.6640901004944e-07	12018580
62928	4	3.3281802009888e-07	12018580
62977	3	2.4961351507416e-07	12018580
69328	4	3.3281802009888e-07	12018580
75379	1	8.32045050247201e-08	12018580
76869	3	2.4961351507416e-07	12018580
78245	1	8.32045050247201e-08	12018580
83406	1	8.32045050247201e-08	12018580
85569	1	8.32045050247201e-08	12018580
85643	5	4.160225251236e-07	12018580
94122	1	8.32045050247201e-08	12018580
96563	5	4.160225251236e-07	12018580
99287	1	8.32045050247201e-08	12018580
101510	5	4.160225251236e-07	12018580
114615	3	2.4961351507416e-07	12018580
126793	2	1.6640901004944e-07	12018580
134676	1	8.32045050247201e-08	12018580
136089	1	8.32045050247201e-08	12018580
155864	1	8.32045050247201e-08	12018580
159087	3	2.4961351507416e-07	12018580
160488	3	2.4961351507416e-07	12018580
160492	1	8.32045050247201e-08	12018580
160619	3	2.4961351507416e-07	12018580
164328	1	8.32045050247201e-08	12018580
164756	4	3.3281802009888e-07	12018580
171101	4	3.3281802009888e-07	12018580
176279	8	6.6563604019776e-07	12018580
176280	11	9.15249555271921e-07	12018580
179408	1	8.32045050247201e-08	12018580
187272	2	1.6640901004944e-07	12018580
189423	1	8.32045050247201e-08	12018580
190304	2	1.6640901004944e-07	12018580
190485	6	4.9922703014832e-07	12018580
195103	6	4.9922703014832e-07	12018580
196162	2	1.6640901004944e-07	12018580
196164	3	2.4961351507416e-07	12018580
198215	1	8.32045050247201e-08	12018580
198628	1	8.32045050247201e-08	12018580
199310	1	8.32045050247201e-08	12018580
203120	1	8.32045050247201e-08	12018580
204773	11	9.15249555271921e-07	12018580
205913	3	2.4961351507416e-07	12018580
205918	2	1.6640901004944e-07	12018580
205922	10	8.32045050247201e-07	12018580
207559	2	1.6640901004944e-07	12018580
208963	4	3.3281802009888e-07	12018580
208964	8	6.6563604019776e-07	12018580
213810	1	8.32045050247201e-08	12018580
214684	3	2.4961351507416e-07	12018580
216591	2	1.6640901004944e-07	12018580
216592	1	8.32045050247201e-08	12018580
216594	1	8.32045050247201e-08	12018580
216595	61	5.07547480650792e-06	12018580
216596	2	1.6640901004944e-07	12018580
216597	1	8.32045050247201e-08	12018580
220341	90	7.48840545222481e-06	12018580
220664	6	4.9922703014832e-07	12018580
223283	6	4.9922703014832e-07	12018580
224911	1	8.32045050247201e-08	12018580
225937	1	8.32045050247201e-08	12018580
226185	3	2.4961351507416e-07	12018580
226186	11	9.15249555271921e-07	12018580
228410	2	1.6640901004944e-07	12018580
231023	3	2.4961351507416e-07	12018580
232721	44	3.66099822108768e-06	12018580
234267	1	8.32045050247201e-08	12018580
234621	21	1.74729460551912e-06	12018580
242619	1	8.32045050247201e-08	12018580
243160	1	8.32045050247201e-08	12018580
243243	2	1.6640901004944e-07	12018580
243265	1	8.32045050247201e-08	12018580
243365	2	1.6640901004944e-07	12018580
245014	2	1.6640901004944e-07	12018580
245018	8	6.6563604019776e-07	12018580
246197	4	3.3281802009888e-07	12018580
257310	3	2.4961351507416e-07	12018580
257313	1	8.32045050247201e-08	12018580
259536	2	1.6640901004944e-07	12018580
261292	1	8.32045050247201e-08	12018580
262316	1	8.32045050247201e-08	12018580
264198	5	4.160225251236e-07	12018580
264730	3	2.4961351507416e-07	12018580
265072	3	2.4961351507416e-07	12018580
266117	1	8.32045050247201e-08	12018580
266264	7	5.8243153517304e-07	12018580
266265	2	1.6640901004944e-07	12018580
266779	4	3.3281802009888e-07	12018580
266940	1	8.32045050247201e-08	12018580
267608	6	4.9922703014832e-07	12018580
267747	46	3.82740723113712e-06	12018580
269482	4	3.3281802009888e-07	12018580
271848	1	8.32045050247201e-08	12018580
272559	2	1.6640901004944e-07	12018580
272563	2	1.6640901004944e-07	12018580
272568	2	1.6640901004944e-07	12018580
272620	6	4.9922703014832e-07	12018580
272621	1	8.32045050247201e-08	12018580
272622	1	8.32045050247201e-08	12018580
272623	3	2.4961351507416e-07	12018580
272630	1	8.32045050247201e-08	12018580
272942	2	1.6640901004944e-07	12018580
279808	1	8.32045050247201e-08	12018580
280699	3	2.4961351507416e-07	12018580
281090	1	8.32045050247201e-08	12018580
281310	1	8.32045050247201e-08	12018580
284812	3	2.4961351507416e-07	12018580
288000	3	2.4961351507416e-07	12018580
290338	1	8.32045050247201e-08	12018580
290339	2	1.6640901004944e-07	12018580
290340	2	1.6640901004944e-07	12018580
290633	1	8.32045050247201e-08	12018580
292415	1	8.32045050247201e-08	12018580
292564	1	8.32045050247201e-08	12018580
295405	5	4.160225251236e-07	12018580
296543	9	7.48840545222481e-07	12018580
296591	18	1.49768109044496e-06	12018580
299768	1	8.32045050247201e-08	12018580
300267	1	8.32045050247201e-08	12018580
306537	2	1.6640901004944e-07	12018580
312153	1	8.32045050247201e-08	12018580
313596	1	8.32045050247201e-08	12018580
314260	1	8.32045050247201e-08	12018580
314565	5	4.160225251236e-07	12018580
315456	1	8.32045050247201e-08	12018580
315750	3	2.4961351507416e-07	12018580
316056	1	8.32045050247201e-08	12018580
316058	1	8.32045050247201e-08	12018580
316273	3	2.4961351507416e-07	12018580
316385	1	8.32045050247201e-08	12018580
317655	1	8.32045050247201e-08	12018580
318167	1	8.32045050247201e-08	12018580
318586	1	8.32045050247201e-08	12018580
319701	1	8.32045050247201e-08	12018580
320372	1	8.32045050247201e-08	12018580
320388	1	8.32045050247201e-08	12018580
320389	1	8.32045050247201e-08	12018580
322159	4	3.3281802009888e-07	12018580
322710	2	1.6640901004944e-07	12018580
323097	3	2.4961351507416e-07	12018580
323098	1	8.32045050247201e-08	12018580
324831	1	8.32045050247201e-08	12018580
326423	1	8.32045050247201e-08	12018580
330214	1	8.32045050247201e-08	12018580
331111	9	7.48840545222481e-07	12018580
331112	6	4.9922703014832e-07	12018580
331271	8	6.6563604019776e-07	12018580
331272	1	8.32045050247201e-08	12018580
333668	4	3.3281802009888e-07	12018580
334413	6	4.9922703014832e-07	12018580
335284	5	4.160225251236e-07	12018580
335659	1	8.32045050247201e-08	12018580
338966	1	8.32045050247201e-08	12018580
338969	5	4.160225251236e-07	12018580
339670	3	2.4961351507416e-07	12018580
340100	4	3.3281802009888e-07	12018580
340322	5	4.160225251236e-07	12018580
342108	1	8.32045050247201e-08	12018580
342451	3	2.4961351507416e-07	12018580
344609	1	8.32045050247201e-08	12018580
347253	1	8.32045050247201e-08	12018580
349102	1	8.32045050247201e-08	12018580
349106	5	4.160225251236e-07	12018580
349741	1	8.32045050247201e-08	12018580
350058	1	8.32045050247201e-08	12018580
351746	6	4.9922703014832e-07	12018580
352914	1	8.32045050247201e-08	12018580
353153	4	3.3281802009888e-07	12018580
357808	1	8.32045050247201e-08	12018580
357809	4	3.3281802009888e-07	12018580
358220	46	3.82740723113712e-06	12018580
359786	2	1.6640901004944e-07	12018580
360910	2	1.6640901004944e-07	12018580
362242	1	8.32045050247201e-08	12018580
362663	9	7.48840545222481e-07	12018580
365044	56	4.65945228138432e-06	12018580
365046	13	1.08165856532136e-06	12018580
365659	5	4.160225251236e-07	12018580
366602	4	3.3281802009888e-07	12018580
367737	4	3.3281802009888e-07	12018580
367775	8	6.6563604019776e-07	12018580
367928	9	7.48840545222481e-07	12018580
373153	6	4.9922703014832e-07	12018580
373384	8	6.6563604019776e-07	12018580
374930	1	8.32045050247201e-08	12018580
374931	1	8.32045050247201e-08	12018580
375286	8	6.6563604019776e-07	12018580
375451	1	8.32045050247201e-08	12018580
376686	2	1.6640901004944e-07	12018580
378753	2	1.6640901004944e-07	12018580
379731	10	8.32045050247201e-07	12018580
380703	4	3.3281802009888e-07	12018580
381666	7	5.8243153517304e-07	12018580
381754	5	4.160225251236e-07	12018580
382245	4	3.3281802009888e-07	12018580
382359	1	8.32045050247201e-08	12018580
384676	19	1.58088559546968e-06	12018580
387909	2	1.6640901004944e-07	12018580
388919	2	1.6640901004944e-07	12018580
390235	2	1.6640901004944e-07	12018580
391008	10	8.32045050247201e-07	12018580
391038	1	8.32045050247201e-08	12018580
391295	4	3.3281802009888e-07	12018580
391296	3	2.4961351507416e-07	12018580
391595	1	8.32045050247201e-08	12018580
391735	9	7.48840545222481e-07	12018580
391904	4	3.3281802009888e-07	12018580
393595	2	1.6640901004944e-07	12018580
395019	13	1.08165856532136e-06	12018580
395494	1	8.32045050247201e-08	12018580
395495	13	1.08165856532136e-06	12018580
395960	1	8.32045050247201e-08	12018580
396588	3	2.4961351507416e-07	12018580
397945	11	9.15249555271921e-07	12018580
398527	2	1.6640901004944e-07	12018580
398578	23	1.91370361556856e-06	12018580
398580	1	8.32045050247201e-08	12018580
399739	1	8.32045050247201e-08	12018580
399742	1	8.32045050247201e-08	12018580
400667	6	4.9922703014832e-07	12018580
400756	5	4.160225251236e-07	12018580
401473	2	1.6640901004944e-07	12018580
402612	6	4.9922703014832e-07	12018580
402626	6	4.9922703014832e-07	12018580
403677	3	2.4961351507416e-07	12018580
405416	3	2.4961351507416e-07	12018580
405955	5	4.160225251236e-07	12018580
409438	1	8.32045050247201e-08	12018580
410289	1	8.32045050247201e-08	12018580
410358	1	8.32045050247201e-08	12018580
412022	1	8.32045050247201e-08	12018580
413997	1	8.32045050247201e-08	12018580
414684	1	8.32045050247201e-08	12018580
416870	4	3.3281802009888e-07	12018580
419610	5	4.160225251236e-07	12018580
420247	1	8.32045050247201e-08	12018580
420662	14	1.16486307034608e-06	12018580
423368	2	1.6640901004944e-07	12018580
424182	1	8.32045050247201e-08	12018580
425011	2	1.6640901004944e-07	12018580
426114	2	1.6640901004944e-07	12018580
426117	1	8.32045050247201e-08	12018580
426355	5	4.160225251236e-07	12018580
426430	2	1.6640901004944e-07	12018580
428406	8	6.6563604019776e-07	12018580
431895	2	1.6640901004944e-07	12018580
431947	1	8.32045050247201e-08	12018580
434922	1	8.32045050247201e-08	12018580
435590	82	6.82276941202704e-06	12018580
435591	8	6.6563604019776e-07	12018580
436717	2	1.6640901004944e-07	12018580
439843	89	7.40520094720009e-06	12018580
439855	1	8.32045050247201e-08	12018580
440085	3	2.4961351507416e-07	12018580
441620	4	3.3281802009888e-07	12018580
443906	1	8.32045050247201e-08	12018580
446462	1	8.32045050247201e-08	12018580
452662	2	1.6640901004944e-07	12018580
452863	2	1.6640901004944e-07	12018580
454169	89	7.40520094720009e-06	12018580
455632	1	8.32045050247201e-08	12018580
460265	3	2.4961351507416e-07	12018580
465515	19	1.58088559546968e-06	12018580
467705	1	8.32045050247201e-08	12018580
469371	2	1.6640901004944e-07	12018580
469383	1	8.32045050247201e-08	12018580
469604	2	1.6640901004944e-07	12018580
469607	2	1.6640901004944e-07	12018580
471853	2	1.6640901004944e-07	12018580
471855	3	2.4961351507416e-07	12018580
471856	4	3.3281802009888e-07	12018580
474186	2	1.6640901004944e-07	12018580
478801	1	8.32045050247201e-08	12018580
479436	1	8.32045050247201e-08	12018580
479437	5	4.160225251236e-07	12018580
481805	13	1.08165856532136e-06	12018580
481877	2	1.6640901004944e-07	12018580
482957	4	3.3281802009888e-07	12018580
484021	4	3.3281802009888e-07	12018580
485918	2	1.6640901004944e-07	12018580
487213	2	1.6640901004944e-07	12018580
487521	1	8.32045050247201e-08	12018580
489653	1	8.32045050247201e-08	12018580
491915	1	8.32045050247201e-08	12018580
493803	1	8.32045050247201e-08	12018580
497978	2	1.6640901004944e-07	12018580
504474	3	2.4961351507416e-07	12018580
504728	2	1.6640901004944e-07	12018580
504832	1	8.32045050247201e-08	12018580
507522	1	8.32045050247201e-08	12018580
509169	5	4.160225251236e-07	12018580
509170	4	3.3281802009888e-07	12018580
509173	15	1.2480675753708e-06	12018580
509190	2	1.6640901004944e-07	12018580
511062	1	8.32045050247201e-08	12018580
512565	2	1.6640901004944e-07	12018580
515619	22	1.83049911054384e-06	12018580
515620	6	4.9922703014832e-07	12018580
516950	6	4.9922703014832e-07	12018580
521006	1	8.32045050247201e-08	12018580
521095	1	8.32045050247201e-08	12018580
521096	1	8.32045050247201e-08	12018580
521097	1	8.32045050247201e-08	12018580
522306	8	6.6563604019776e-07	12018580
522373	32	2.66254416079104e-06	12018580
523794	1	8.32045050247201e-08	12018580
523796	3	2.4961351507416e-07	12018580
525919	2	1.6640901004944e-07	12018580
526225	1	8.32045050247201e-08	12018580
526226	2	1.6640901004944e-07	12018580
535289	22	1.83049911054384e-06	12018580
536019	1	8.32045050247201e-08	12018580
543728	20	1.6640901004944e-06	12018580
543891	2	1.6640901004944e-07	12018580
543913	6	4.9922703014832e-07	12018580
548473	2	1.6640901004944e-07	12018580
548476	15	1.2480675753708e-06	12018580
548479	1	8.32045050247201e-08	12018580
550538	1	8.32045050247201e-08	12018580
550540	4	3.3281802009888e-07	12018580
553199	870	7.23879193715065e-05	12018580
555387	1	8.32045050247201e-08	12018580
556484	1	8.32045050247201e-08	12018580
557598	1	8.32045050247201e-08	12018580
557722	3	2.4961351507416e-07	12018580
559292	8	6.6563604019776e-07	12018580
559295	2	1.6640901004944e-07	12018580
561229	1	8.32045050247201e-08	12018580
561276	1	8.32045050247201e-08	12018580
565040	2	1.6640901004944e-07	12018580
565042	1	8.32045050247201e-08	12018580
567106	1	8.32045050247201e-08	12018580
568706	2	1.6640901004944e-07	12018580
568814	2	1.6640901004944e-07	12018580
568816	3	2.4961351507416e-07	12018580
571800	9	7.48840545222481e-07	12018580
573061	1	8.32045050247201e-08	12018580
573413	1	8.32045050247201e-08	12018580
574093	1	8.32045050247201e-08	12018580
574521	1	8.32045050247201e-08	12018580
575614	2	1.6640901004944e-07	12018580
579405	1	8.32045050247201e-08	12018580
582899	1	8.32045050247201e-08	12018580
585035	1	8.32045050247201e-08	12018580
585054	1	8.32045050247201e-08	12018580
585057	3	2.4961351507416e-07	12018580
585394	15	1.2480675753708e-06	12018580
585396	89	7.40520094720009e-06	12018580
590409	1	8.32045050247201e-08	12018580
590998	1	8.32045050247201e-08	12018580
595537	9	7.48840545222481e-07	12018580
596153	12	9.98454060296641e-07	12018580
596154	8	6.6563604019776e-07	12018580
600809	1	8.32045050247201e-08	12018580
610130	4	3.3281802009888e-07	12018580
627192	1	8.32045050247201e-08	12018580
630626	1	8.32045050247201e-08	12018580
633147	2	1.6640901004944e-07	12018580
637379	2	1.6640901004944e-07	12018580
637909	1	8.32045050247201e-08	12018580
640081	5	4.160225251236e-07	12018580
640131	1	8.32045050247201e-08	12018580
640510	2	1.6640901004944e-07	12018580
640512	3	2.4961351507416e-07	12018580
642492	1	8.32045050247201e-08	12018580
643561	14	1.16486307034608e-06	12018580
644282	1	8.32045050247201e-08	12018580
644283	1	8.32045050247201e-08	12018580
645127	1	8.32045050247201e-08	12018580
645463	2	1.6640901004944e-07	12018580
648999	1	8.32045050247201e-08	12018580
649831	1	8.32045050247201e-08	12018580
652103	4	3.3281802009888e-07	12018580
655815	3	2.4961351507416e-07	12018580
656024	2	1.6640901004944e-07	12018580
657308	2	1.6640901004944e-07	12018580
657309	11	9.15249555271921e-07	12018580
657310	1	8.32045050247201e-08	12018580
657313	12	9.98454060296641e-07	12018580
657314	12	9.98454060296641e-07	12018580
657315	12	9.98454060296641e-07	12018580
657316	3	2.4961351507416e-07	12018580
657317	15	1.2480675753708e-06	12018580
657318	21	1.74729460551912e-06	12018580
657319	6	4.9922703014832e-07	12018580
657321	11	9.15249555271921e-07	12018580
657322	15	1.2480675753708e-06	12018580
657323	14	1.16486307034608e-06	12018580
662755	5	4.160225251236e-07	12018580
665571	2	1.6640901004944e-07	12018580
666681	2	1.6640901004944e-07	12018580
666685	1	8.32045050247201e-08	12018580
670307	1	8.32045050247201e-08	12018580
675635	1	8.32045050247201e-08	12018580
679935	6	4.9922703014832e-07	12018580
680646	2	1.6640901004944e-07	12018580
684738	4	3.3281802009888e-07	12018580
685727	2	1.6640901004944e-07	12018580
688245	4	3.3281802009888e-07	12018580
690566	2	1.6640901004944e-07	12018580
693979	1	8.32045050247201e-08	12018580
694427	3	2.4961351507416e-07	12018580
696281	1	8.32045050247201e-08	12018580
698737	1	8.32045050247201e-08	12018580
698962	3	2.4961351507416e-07	12018580
698965	1	8.32045050247201e-08	12018580
698972	1	8.32045050247201e-08	12018580
699032	1	8.32045050247201e-08	12018580
699033	1	8.32045050247201e-08	12018580
699037	1	8.32045050247201e-08	12018580
700508	1	8.32045050247201e-08	12018580
700598	2	1.6640901004944e-07	12018580
709991	6	4.9922703014832e-07	12018580
710421	1	8.32045050247201e-08	12018580
710685	1	8.32045050247201e-08	12018580
710696	2	1.6640901004944e-07	12018580
716541	3	2.4961351507416e-07	12018580
717605	2	1.6640901004944e-07	12018580
717608	3	2.4961351507416e-07	12018580
717959	5	4.160225251236e-07	12018580
717960	4	3.3281802009888e-07	12018580
717961	4	3.3281802009888e-07	12018580
717962	7	5.8243153517304e-07	12018580
718252	12	9.98454060296641e-07	12018580
718254	2	1.6640901004944e-07	12018580
718255	6	4.9922703014832e-07	12018580
718274	1	8.32045050247201e-08	12018580
722911	4	3.3281802009888e-07	12018580
741091	1	8.32045050247201e-08	12018580
742013	13	1.08165856532136e-06	12018580
743525	2	1.6640901004944e-07	12018580
743720	2	1.6640901004944e-07	12018580
743722	1	8.32045050247201e-08	12018580
744872	1	8.32045050247201e-08	12018580
745310	2	1.6640901004944e-07	12018580
746361	3	2.4961351507416e-07	12018580
748247	3	2.4961351507416e-07	12018580
748280	1	8.32045050247201e-08	12018580
751585	3	2.4961351507416e-07	12018580
754035	2	1.6640901004944e-07	12018580
754252	1	8.32045050247201e-08	12018580
757424	12	9.98454060296641e-07	12018580
758793	2	1.6640901004944e-07	12018580
760570	1	8.32045050247201e-08	12018580
762376	3	2.4961351507416e-07	12018580
762948	1	8.32045050247201e-08	12018580
765698	3	2.4961351507416e-07	12018580
765874	1	8.32045050247201e-08	12018580
767029	1	8.32045050247201e-08	12018580
767031	1	8.32045050247201e-08	12018580
767434	1	8.32045050247201e-08	12018580
767463	3	2.4961351507416e-07	12018580
768066	1	8.32045050247201e-08	12018580
768706	1	8.32045050247201e-08	12018580
857087	1	8.32045050247201e-08	12018580
858619	4	3.3281802009888e-07	12018580
859655	2	1.6640901004944e-07	12018580
859656	1	8.32045050247201e-08	12018580
859657	3	2.4961351507416e-07	12018580
861360	2	1.6640901004944e-07	12018580
862719	1	8.32045050247201e-08	12018580
862962	4	3.3281802009888e-07	12018580
862964	1	8.32045050247201e-08	12018580
862971	1	8.32045050247201e-08	12018580
866768	8	6.6563604019776e-07	12018580
866775	1	8.32045050247201e-08	12018580
866777	1	8.32045050247201e-08	12018580
868597	6	4.9922703014832e-07	12018580
869210	1	8.32045050247201e-08	12018580
869211	1	8.32045050247201e-08	12018580
869309	2	1.6640901004944e-07	12018580
869729	1	8.32045050247201e-08	12018580
871585	3	2.4961351507416e-07	12018580
880071	1	8.32045050247201e-08	12018580
880758	3	2.4961351507416e-07	12018580
882378	1	8.32045050247201e-08	12018580
882884	1	8.32045050247201e-08	12018580
884204	1	8.32045050247201e-08	12018580
889738	2	1.6640901004944e-07	12018580
889933	1	8.32045050247201e-08	12018580
890402	1	8.32045050247201e-08	12018580
908937	1	8.32045050247201e-08	12018580
909946	1	8.32045050247201e-08	12018580
909952	61	5.07547480650792e-06	12018580
910348	1	8.32045050247201e-08	12018580
926566	2	1.6640901004944e-07	12018580
927666	4	3.3281802009888e-07	12018580
929102	1	8.32045050247201e-08	12018580
929562	2	1.6640901004944e-07	12018580
930171	1	8.32045050247201e-08	12018580
931281	2	1.6640901004944e-07	12018580
931890	2	1.6640901004944e-07	12018580
936153	2	1.6640901004944e-07	12018580
937774	2	1.6640901004944e-07	12018580
941193	1	8.32045050247201e-08	12018580
944546	2	1.6640901004944e-07	12018580
946483	1	8.32045050247201e-08	12018580
956149	1	8.32045050247201e-08	12018580
977880	4	3.3281802009888e-07	12018580
979556	2	1.6640901004944e-07	12018580
981368	1	8.32045050247201e-08	12018580
983544	1	8.32045050247201e-08	12018580
983548	1	8.32045050247201e-08	12018580
983917	14	1.16486307034608e-06	12018580
985002	1	8.32045050247201e-08	12018580
985006	1	8.32045050247201e-08	12018580
990315	5	4.160225251236e-07	12018580
990316	1	8.32045050247201e-08	12018580
991905	1	8.32045050247201e-08	12018580
994484	15	1.2480675753708e-06	12018580
996285	3	2.4961351507416e-07	12018580
999541	3	2.4961351507416e-07	12018580
999552	3	2.4961351507416e-07	12018580
999953	1	8.32045050247201e-08	12018580
1001585	2	1.6640901004944e-07	12018580
1005041	1	8.32045050247201e-08	12018580
1005048	15	1.2480675753708e-06	12018580
1005090	1	8.32045050247201e-08	12018580
1009846	2	1.6640901004944e-07	12018580
1030843	2	1.6640901004944e-07	12018580
1031709	88	7.32199644217537e-06	12018580
1031711	1	8.32045050247201e-08	12018580
1033813	1	8.32045050247201e-08	12018580
1034807	2	1.6640901004944e-07	12018580
1035817	1	8.32045050247201e-08	12018580
1036172	2	1.6640901004944e-07	12018580
1037409	2	1.6640901004944e-07	12018580
1037911	41	3.41138470601352e-06	12018580
1041826	1	8.32045050247201e-08	12018580
1042156	3	2.4961351507416e-07	12018580
1042876	5	4.160225251236e-07	12018580
1042878	3	2.4961351507416e-07	12018580
1045855	2	1.6640901004944e-07	12018580
1046624	1	8.32045050247201e-08	12018580
1046629	1	8.32045050247201e-08	12018580
1049565	1	8.32045050247201e-08	12018580
1054460	2	1.6640901004944e-07	12018580
1064592	1	8.32045050247201e-08	12018580
1069533	2	1.6640901004944e-07	12018580
1071378	1	8.32045050247201e-08	12018580
1071382	2	1.6640901004944e-07	12018580
1072467	1	8.32045050247201e-08	12018580
1076934	1	8.32045050247201e-08	12018580
1082931	2	1.6640901004944e-07	12018580
1089456	2	1.6640901004944e-07	12018580
1091045	357	2.97040082938251e-05	12018580
1091497	1	8.32045050247201e-08	12018580
1093141	2	1.6640901004944e-07	12018580
1093787	1	8.32045050247201e-08	12018580
1094466	1	8.32045050247201e-08	12018580
1096996	1	8.32045050247201e-08	12018580
1097668	3	2.4961351507416e-07	12018580
1097677	1	8.32045050247201e-08	12018580
1104322	1	8.32045050247201e-08	12018580
1104326	1	8.32045050247201e-08	12018580
1111069	1	8.32045050247201e-08	12018580
1114965	1	8.32045050247201e-08	12018580
1114966	6	4.9922703014832e-07	12018580
1114967	77	6.40674688690344e-06	12018580
1114969	822	6.83941031303199e-05	12018580
1114970	10	8.32045050247201e-07	12018580
1117943	1	8.32045050247201e-08	12018580
1121362	2	1.6640901004944e-07	12018580
1123519	2	1.6640901004944e-07	12018580
1124983	14	1.16486307034608e-06	12018580
1125630	1	8.32045050247201e-08	12018580
1127134	1	8.32045050247201e-08	12018580
1134454	454	3.77748452812229e-05	12018580
1136179	19	1.58088559546968e-06	12018580
1138383	1	8.32045050247201e-08	12018580
1150469	1	8.32045050247201e-08	12018580
1151116	1	8.32045050247201e-08	12018580
1155766	1	8.32045050247201e-08	12018580
1156433	1	8.32045050247201e-08	12018580
1156913	1	8.32045050247201e-08	12018580
1163399	2	1.6640901004944e-07	12018580
1166018	1	8.32045050247201e-08	12018580
1166130	1	8.32045050247201e-08	12018580
1167634	7	5.8243153517304e-07	12018580
1170318	41	3.41138470601352e-06	12018580
1171373	5	4.160225251236e-07	12018580
1171376	1	8.32045050247201e-08	12018580
1173020	1	8.32045050247201e-08	12018580
1187956	2	1.6640901004944e-07	12018580
1193292	4	3.3281802009888e-07	12018580
1194526	2	1.6640901004944e-07	12018580
1196325	6	4.9922703014832e-07	12018580
1196835	1	8.32045050247201e-08	12018580
1199187	1	8.32045050247201e-08	12018580
1204414	1	8.32045050247201e-08	12018580
1205677	1	8.32045050247201e-08	12018580
1206105	2	1.6640901004944e-07	12018580
1207075	10	8.32045050247201e-07	12018580
1208920	2	1.6640901004944e-07	12018580
1211579	2	1.6640901004944e-07	12018580
1214101	1	8.32045050247201e-08	12018580
1215088	6	4.9922703014832e-07	12018580
1216976	1	8.32045050247201e-08	12018580
1229205	3	2.4961351507416e-07	12018580
1229756	1	8.32045050247201e-08	12018580
1231072	1	8.32045050247201e-08	12018580
1234380	9	7.48840545222481e-07	12018580
1245469	4	3.3281802009888e-07	12018580
1245471	7	5.8243153517304e-07	12018580
1246301	11	9.15249555271921e-07	12018580
1254432	2	1.6640901004944e-07	12018580
1255043	1	8.32045050247201e-08	12018580
1257118	2	1.6640901004944e-07	12018580
1260251	1	8.32045050247201e-08	12018580
1262456	2	1.6640901004944e-07	12018580
1267754	3	2.4961351507416e-07	12018580
1271863	1	8.32045050247201e-08	12018580
1273173	1	8.32045050247201e-08	12018580
1276282	2	1.6640901004944e-07	12018580
1282356	28	2.32972614069216e-06	12018580
1283331	2	1.6640901004944e-07	12018580
1288394	5	4.160225251236e-07	12018580
1302863	3	2.4961351507416e-07	12018580
1303692	1	8.32045050247201e-08	12018580
1305849	1	8.32045050247201e-08	12018580
1313172	1	8.32045050247201e-08	12018580
1314884	1	8.32045050247201e-08	12018580
1318615	1	8.32045050247201e-08	12018580
1331671	7	5.8243153517304e-07	12018580
1379702	1	8.32045050247201e-08	12018580
1380774	3	2.4961351507416e-07	12018580
1380908	4	3.3281802009888e-07	12018580
1384484	1	8.32045050247201e-08	12018580
1389489	1	8.32045050247201e-08	12018580
1399116	1	8.32045050247201e-08	12018580
1401659	2	1.6640901004944e-07	12018580
1415629	1	8.32045050247201e-08	12018580
1415630	57	4.74265678640904e-06	12018580
1416914	4	3.3281802009888e-07	12018580
1430440	1	8.32045050247201e-08	12018580
1435044	2	1.6640901004944e-07	12018580
1435058	1	8.32045050247201e-08	12018580
1436140	4	3.3281802009888e-07	12018580
