Tax.ID	Frequency	Proportion	Total
2762	2	1.23686962398483e-07	16169853
2769	2	1.23686962398483e-07	16169853
2787	2	1.23686962398483e-07	16169853
2839	2	1.23686962398483e-07	16169853
2850	5	3.09217405996208e-07	16169853
3039	1	6.18434811992416e-08	16169853
5911	1	6.18434811992416e-08	16169853
10798	1	6.18434811992416e-08	16169853
13035	1	6.18434811992416e-08	16169853
35128	2	1.23686962398483e-07	16169853
36809	1	6.18434811992416e-08	16169853
44058	1	6.18434811992416e-08	16169853
55529	1	6.18434811992416e-08	16169853
62928	2	1.23686962398483e-07	16169853
75379	1	6.18434811992416e-08	16169853
85643	2	1.23686962398483e-07	16169853
96563	1	6.18434811992416e-08	16169853
114615	1	6.18434811992416e-08	16169853
120807	1	6.18434811992416e-08	16169853
159087	2	1.23686962398483e-07	16169853
160619	2	1.23686962398483e-07	16169853
164756	1	6.18434811992416e-08	16169853
176279	4	2.47373924796966e-07	16169853
176280	3	1.85530443597725e-07	16169853
176299	1	6.18434811992416e-08	16169853
189918	1	6.18434811992416e-08	16169853
190485	1	6.18434811992416e-08	16169853
204773	1	6.18434811992416e-08	16169853
208963	1	6.18434811992416e-08	16169853
208964	2	1.23686962398483e-07	16169853
216595	3	1.85530443597725e-07	16169853
220341	9	5.56591330793174e-07	16169853
222523	2	1.23686962398483e-07	16169853
224308	1	6.18434811992416e-08	16169853
226185	2	1.23686962398483e-07	16169853
226186	1	6.18434811992416e-08	16169853
232721	6	3.71060887195449e-07	16169853
234621	11	6.80278293191657e-07	16169853
235909	1	6.18434811992416e-08	16169853
243243	1	6.18434811992416e-08	16169853
243365	1	6.18434811992416e-08	16169853
246196	1	6.18434811992416e-08	16169853
246198	2	1.23686962398483e-07	16169853
258594	1	6.18434811992416e-08	16169853
264198	1	6.18434811992416e-08	16169853
264731	1	6.18434811992416e-08	16169853
266264	3	1.85530443597725e-07	16169853
266835	1	6.18434811992416e-08	16169853
267747	4	2.47373924796966e-07	16169853
272620	1	6.18434811992416e-08	16169853
272942	3	1.85530443597725e-07	16169853
279808	3	1.85530443597725e-07	16169853
288705	2	1.23686962398483e-07	16169853
290340	4	2.47373924796966e-07	16169853
295405	1	6.18434811992416e-08	16169853
296591	6	3.71060887195449e-07	16169853
306537	7	4.32904368394691e-07	16169853
312153	9	5.56591330793174e-07	16169853
313598	4	2.47373924796966e-07	16169853
314565	1	6.18434811992416e-08	16169853
315730	1	6.18434811992416e-08	16169853
315750	1	6.18434811992416e-08	16169853
316058	1	6.18434811992416e-08	16169853
317655	1	6.18434811992416e-08	16169853
318586	1	6.18434811992416e-08	16169853
322159	1	6.18434811992416e-08	16169853
323097	1	6.18434811992416e-08	16169853
326423	1	6.18434811992416e-08	16169853
330879	1	6.18434811992416e-08	16169853
334413	1	6.18434811992416e-08	16169853
338969	2	1.23686962398483e-07	16169853
340100	2	1.23686962398483e-07	16169853
342108	1	6.18434811992416e-08	16169853
342451	1	6.18434811992416e-08	16169853
345219	2	1.23686962398483e-07	16169853
349747	1	6.18434811992416e-08	16169853
350688	1	6.18434811992416e-08	16169853
358220	22	1.36055658638331e-06	16169853
360104	1	6.18434811992416e-08	16169853
365044	7	4.32904368394691e-07	16169853
365046	5	3.09217405996208e-07	16169853
376686	41	2.5355827291689e-06	16169853
379731	1	6.18434811992416e-08	16169853
381754	3	1.85530443597725e-07	16169853
384676	1	6.18434811992416e-08	16169853
387344	4	2.47373924796966e-07	16169853
391008	4	2.47373924796966e-07	16169853
391735	3	1.85530443597725e-07	16169853
392499	1	6.18434811992416e-08	16169853
393305	3	1.85530443597725e-07	16169853
393595	1	6.18434811992416e-08	16169853
395019	4	2.47373924796966e-07	16169853
395495	1	6.18434811992416e-08	16169853
397945	3	1.85530443597725e-07	16169853
398578	18	1.11318266158635e-06	16169853
399726	1	6.18434811992416e-08	16169853
399739	3	1.85530443597725e-07	16169853
400756	2	1.23686962398483e-07	16169853
402612	26	1.60793051118028e-06	16169853
402626	1	6.18434811992416e-08	16169853
405534	1	6.18434811992416e-08	16169853
405948	1	6.18434811992416e-08	16169853
412133	1	6.18434811992416e-08	16169853
420662	2	1.23686962398483e-07	16169853
424182	1	6.18434811992416e-08	16169853
426355	1	6.18434811992416e-08	16169853
428406	1	6.18434811992416e-08	16169853
435590	6	3.71060887195449e-07	16169853
435591	2	1.23686962398483e-07	16169853
439843	9	5.56591330793174e-07	16169853
443218	1	6.18434811992416e-08	16169853
446465	1	6.18434811992416e-08	16169853
448385	4	2.47373924796966e-07	16169853
452638	4	2.47373924796966e-07	16169853
452662	2	1.23686962398483e-07	16169853
452863	1	6.18434811992416e-08	16169853
454169	9	5.56591330793174e-07	16169853
465515	3	1.85530443597725e-07	16169853
467705	1	6.18434811992416e-08	16169853
469383	1	6.18434811992416e-08	16169853
471854	1	6.18434811992416e-08	16169853
471856	2	1.23686962398483e-07	16169853
474186	1	6.18434811992416e-08	16169853
477641	1	6.18434811992416e-08	16169853
484021	1	6.18434811992416e-08	16169853
491915	1	6.18434811992416e-08	16169853
502800	1	6.18434811992416e-08	16169853
504832	2	1.23686962398483e-07	16169853
509169	1	6.18434811992416e-08	16169853
515619	2	1.23686962398483e-07	16169853
521097	2	1.23686962398483e-07	16169853
522373	16	9.89495699187865e-07	16169853
525284	1	6.18434811992416e-08	16169853
525919	2	1.23686962398483e-07	16169853
531844	2	1.23686962398483e-07	16169853
535289	3	1.85530443597725e-07	16169853
543728	3	1.85530443597725e-07	16169853
543913	34	2.10267836077421e-06	16169853
545693	1	6.18434811992416e-08	16169853
551895	1	6.18434811992416e-08	16169853
553199	62	3.83429583435298e-06	16169853
557598	1	6.18434811992416e-08	16169853
557722	1	6.18434811992416e-08	16169853
559292	4	2.47373924796966e-07	16169853
568706	1	6.18434811992416e-08	16169853
573062	1	6.18434811992416e-08	16169853
582899	1	6.18434811992416e-08	16169853
585396	9	5.56591330793174e-07	16169853
595537	5	3.09217405996208e-07	16169853
596153	4	2.47373924796966e-07	16169853
596154	5	3.09217405996208e-07	16169853
600809	1	6.18434811992416e-08	16169853
635013	1	6.18434811992416e-08	16169853
640131	1	6.18434811992416e-08	16169853
643561	2	1.23686962398483e-07	16169853
644801	1	6.18434811992416e-08	16169853
644966	1	6.18434811992416e-08	16169853
649349	1	6.18434811992416e-08	16169853
655815	1	6.18434811992416e-08	16169853
657309	1	6.18434811992416e-08	16169853
657310	1	6.18434811992416e-08	16169853
657317	2	1.23686962398483e-07	16169853
657318	2	1.23686962398483e-07	16169853
657322	1	6.18434811992416e-08	16169853
662755	2	1.23686962398483e-07	16169853
666685	1	6.18434811992416e-08	16169853
688245	2	1.23686962398483e-07	16169853
688270	2	1.23686962398483e-07	16169853
693978	2	1.23686962398483e-07	16169853
698737	1	6.18434811992416e-08	16169853
698962	1	6.18434811992416e-08	16169853
698965	1	6.18434811992416e-08	16169853
698972	1	6.18434811992416e-08	16169853
700508	1	6.18434811992416e-08	16169853
710421	2	1.23686962398483e-07	16169853
710696	1	6.18434811992416e-08	16169853
713604	1	6.18434811992416e-08	16169853
718252	1	6.18434811992416e-08	16169853
742013	8	4.94747849593933e-07	16169853
743718	1	6.18434811992416e-08	16169853
743721	1	6.18434811992416e-08	16169853
744533	4	2.47373924796966e-07	16169853
748671	5	3.09217405996208e-07	16169853
749927	1	6.18434811992416e-08	16169853
755732	3	1.85530443597725e-07	16169853
762903	1	6.18434811992416e-08	16169853
762948	2	1.23686962398483e-07	16169853
767463	1	6.18434811992416e-08	16169853
860228	1	6.18434811992416e-08	16169853
868597	3	1.85530443597725e-07	16169853
886377	1	6.18434811992416e-08	16169853
909952	4	2.47373924796966e-07	16169853
911045	2	1.23686962398483e-07	16169853
926562	1	6.18434811992416e-08	16169853
929556	1	6.18434811992416e-08	16169853
930944	2	1.23686962398483e-07	16169853
936153	1	6.18434811992416e-08	16169853
941639	1	6.18434811992416e-08	16169853
977880	1	6.18434811992416e-08	16169853
983544	2	1.23686962398483e-07	16169853
983548	1	6.18434811992416e-08	16169853
983917	1	6.18434811992416e-08	16169853
990315	1	6.18434811992416e-08	16169853
990316	3	1.85530443597725e-07	16169853
991905	1	6.18434811992416e-08	16169853
992406	1	6.18434811992416e-08	16169853
994476	3	1.85530443597725e-07	16169853
999552	1	6.18434811992416e-08	16169853
1001585	3	1.85530443597725e-07	16169853
1005048	1	6.18434811992416e-08	16169853
1009464	1	6.18434811992416e-08	16169853
1031709	5	3.09217405996208e-07	16169853
1031710	1	6.18434811992416e-08	16169853
1034807	21	1.29871310518407e-06	16169853
1034809	1	6.18434811992416e-08	16169853
1037409	2	1.23686962398483e-07	16169853
1037911	2	1.23686962398483e-07	16169853
1041826	2	1.23686962398483e-07	16169853
1042876	1	6.18434811992416e-08	16169853
1046629	1	6.18434811992416e-08	16169853
1091045	15	9.27652217988624e-07	16169853
1094466	9	5.56591330793174e-07	16169853
1096996	1	6.18434811992416e-08	16169853
1111678	1	6.18434811992416e-08	16169853
1114966	1	6.18434811992416e-08	16169853
1114967	6	3.71060887195449e-07	16169853
1114969	57	3.52507842835677e-06	16169853
1134454	20	1.23686962398483e-06	16169853
1136179	13	8.0396525559014e-07	16169853
1163399	1	6.18434811992416e-08	16169853
1170318	5	3.09217405996208e-07	16169853
1193292	1	6.18434811992416e-08	16169853
1198627	1	6.18434811992416e-08	16169853
1217984	2	1.23686962398483e-07	16169853
1218175	1	6.18434811992416e-08	16169853
1246301	4	2.47373924796966e-07	16169853
1254439	1	6.18434811992416e-08	16169853
1271752	1	6.18434811992416e-08	16169853
1279365	1	6.18434811992416e-08	16169853
1286170	1	6.18434811992416e-08	16169853
1294143	1	6.18434811992416e-08	16169853
1345697	1	6.18434811992416e-08	16169853
1415630	1	6.18434811992416e-08	16169853
