Tax.ID	Frequency	Proportion	Total
394	11	5.00181588652208e-07	21992013
882	5	2.27355267569185e-07	21992013
883	31	1.40960265892895e-06	21992013
1148	1	4.5471053513837e-08	21992013
1311	1	4.5471053513837e-08	21992013
1511	28	1.27318949838744e-06	21992013
1639	12	5.45652642166045e-07	21992013
2762	13	5.91123695679882e-07	21992013
2769	8	3.63768428110696e-07	21992013
2787	7	3.18297374596859e-07	21992013
2788	1	4.5471053513837e-08	21992013
2829	11	5.00181588652208e-07	21992013
2832	1	4.5471053513837e-08	21992013
2839	30	1.36413160541511e-06	21992013
2850	51	2.31902372920569e-06	21992013
2880	4	1.81884214055348e-07	21992013
2898	2	9.09421070276741e-08	21992013
2903	1	4.5471053513837e-08	21992013
2986	2	9.09421070276741e-08	21992013
3037	2	9.09421070276741e-08	21992013
4950	6	2.72826321083022e-07	21992013
5061	2	9.09421070276741e-08	21992013
5145	1	4.5471053513837e-08	21992013
5518	3	1.36413160541511e-07	21992013
5661	3	1.36413160541511e-07	21992013
5749	1	4.5471053513837e-08	21992013
5762	2	9.09421070276741e-08	21992013
5786	2	9.09421070276741e-08	21992013
5851	3	1.36413160541511e-07	21992013
5885	4	1.81884214055348e-07	21992013
5911	1	4.5471053513837e-08	21992013
5932	8	3.63768428110696e-07	21992013
10616	285	1.29592502514436e-05	21992013
10726	1	4.5471053513837e-08	21992013
12390	2	9.09421070276741e-08	21992013
12407	3	1.36413160541511e-07	21992013
13642	1	4.5471053513837e-08	21992013
28173	1	4.5471053513837e-08	21992013
31532	1	4.5471053513837e-08	21992013
31537	3	1.36413160541511e-07	21992013
31754	3	1.36413160541511e-07	21992013
31964	40	1.81884214055348e-06	21992013
32049	2	9.09421070276741e-08	21992013
32051	2	9.09421070276741e-08	21992013
33653	2	9.09421070276741e-08	21992013
33657	2	9.09421070276741e-08	21992013
33658	2	9.09421070276741e-08	21992013
35128	30	1.36413160541511e-06	21992013
35241	2	9.09421070276741e-08	21992013
36343	2	9.09421070276741e-08	21992013
36809	36	1.63695792649813e-06	21992013
36870	2	9.09421070276741e-08	21992013
40041	20	9.09421070276741e-07	21992013
41431	1	4.5471053513837e-08	21992013
43685	1	4.5471053513837e-08	21992013
43925	1	4.5471053513837e-08	21992013
43926	1	4.5471053513837e-08	21992013
44056	4	1.81884214055348e-07	21992013
44058	3	1.36413160541511e-07	21992013
46234	2	9.09421070276741e-08	21992013
49266	1	4.5471053513837e-08	21992013
51369	14	6.36594749193719e-07	21992013
52970	6	2.72826321083022e-07	21992013
55529	8	3.63768428110696e-07	21992013
56110	7	3.18297374596859e-07	21992013
56780	1	4.5471053513837e-08	21992013
59374	14	6.36594749193719e-07	21992013
59748	8	3.63768428110696e-07	21992013
59919	2	9.09421070276741e-08	21992013
59922	1	4.5471053513837e-08	21992013
60480	3	1.36413160541511e-07	21992013
60481	70	3.18297374596859e-06	21992013
62928	45	2.04619740812267e-06	21992013
62977	24	1.09130528433209e-06	21992013
63118	1	4.5471053513837e-08	21992013
63186	4	1.81884214055348e-07	21992013
63737	4	1.81884214055348e-07	21992013
64091	2	9.09421070276741e-08	21992013
64471	6	2.72826321083022e-07	21992013
65071	3	1.36413160541511e-07	21992013
65093	2	9.09421070276741e-08	21992013
66084	1	4.5471053513837e-08	21992013
66692	4	1.81884214055348e-07	21992013
69328	11	5.00181588652208e-07	21992013
71421	1	4.5471053513837e-08	21992013
74557	1	4.5471053513837e-08	21992013
75379	27	1.2277184448736e-06	21992013
76114	18	8.18478963249067e-07	21992013
76869	19	8.63950016762904e-07	21992013
78245	30	1.36413160541511e-06	21992013
83406	4	1.81884214055348e-07	21992013
84588	2	9.09421070276741e-08	21992013
85569	1	4.5471053513837e-08	21992013
85643	51	2.31902372920569e-06	21992013
86416	19	8.63950016762904e-07	21992013
90936	1	4.5471053513837e-08	21992013
91891	1	4.5471053513837e-08	21992013
94122	24	1.09130528433209e-06	21992013
96561	7	3.18297374596859e-07	21992013
96563	24	1.09130528433209e-06	21992013
99287	5	2.27355267569185e-07	21992013
99598	2	9.09421070276741e-08	21992013
100226	53	2.40996583623336e-06	21992013
101510	308	1.40050844822618e-05	21992013
102608	1	4.5471053513837e-08	21992013
103690	7	3.18297374596859e-07	21992013
105559	2	9.09421070276741e-08	21992013
106370	7	3.18297374596859e-07	21992013
109269	3	1.36413160541511e-07	21992013
111781	2	9.09421070276741e-08	21992013
114416	1	4.5471053513837e-08	21992013
114615	31	1.40960265892895e-06	21992013
118163	1	4.5471053513837e-08	21992013
120807	3	1.36413160541511e-07	21992013
122587	7	3.18297374596859e-07	21992013
126740	5	2.27355267569185e-07	21992013
126793	1	4.5471053513837e-08	21992013
130081	1	4.5471053513837e-08	21992013
134676	28	1.27318949838744e-06	21992013
136089	4	1.81884214055348e-07	21992013
137722	19	8.63950016762904e-07	21992013
138119	2	9.09421070276741e-08	21992013
145522	2	9.09421070276741e-08	21992013
146269	2	9.09421070276741e-08	21992013
146891	2	9.09421070276741e-08	21992013
151534	7	3.18297374596859e-07	21992013
151535	1	4.5471053513837e-08	21992013
151536	3	1.36413160541511e-07	21992013
151537	3	1.36413160541511e-07	21992013
151538	3	1.36413160541511e-07	21992013
151539	2	9.09421070276741e-08	21992013
153948	14	6.36594749193719e-07	21992013
155864	13	5.91123695679882e-07	21992013
156889	12	5.45652642166045e-07	21992013
158189	14	6.36594749193719e-07	21992013
158190	5	2.27355267569185e-07	21992013
158878	58	2.63732110380255e-06	21992013
158879	15	6.82065802707556e-07	21992013
159087	27	1.2277184448736e-06	21992013
160488	9	4.09239481624533e-07	21992013
160490	28	1.27318949838744e-06	21992013
160491	29	1.31866055190127e-06	21992013
160492	4	1.81884214055348e-07	21992013
160619	39	1.77337108703964e-06	21992013
163164	1	4.5471053513837e-08	21992013
164037	4	1.81884214055348e-07	21992013
164756	135	6.138592224368e-06	21992013
164757	5	2.27355267569185e-07	21992013
167539	1	4.5471053513837e-08	21992013
167542	3	1.36413160541511e-07	21992013
169963	3	1.36413160541511e-07	21992013
170187	24	1.09130528433209e-06	21992013
171101	216	9.8217475589888e-06	21992013
172968	1	4.5471053513837e-08	21992013
176279	319	1.4505266070914e-05	21992013
176280	359	1.63241082114675e-05	21992013
176299	3	1.36413160541511e-07	21992013
177437	3	1.36413160541511e-07	21992013
179408	59	2.68279215731639e-06	21992013
182217	2	9.09421070276741e-08	21992013
184922	50	2.27355267569185e-06	21992013
186103	20	9.09421070276741e-07	21992013
187272	26	1.18224739135976e-06	21992013
187303	10	4.5471053513837e-07	21992013
187420	3	1.36413160541511e-07	21992013
188937	1	4.5471053513837e-08	21992013
189423	76	3.45580006705162e-06	21992013
189918	38	1.72790003352581e-06	21992013
190304	2	9.09421070276741e-08	21992013
190485	23	1.04583423081825e-06	21992013
190486	8	3.63768428110696e-07	21992013
190650	29	1.31866055190127e-06	21992013
191026	2	9.09421070276741e-08	21992013
192222	4	1.81884214055348e-07	21992013
192952	3	1.36413160541511e-07	21992013
193567	4	1.81884214055348e-07	21992013
194439	8	3.63768428110696e-07	21992013
195102	3	1.36413160541511e-07	21992013
195103	161	7.32083961572776e-06	21992013
195253	1	4.5471053513837e-08	21992013
196162	70	3.18297374596859e-06	21992013
196164	480	2.18261056866418e-05	21992013
196600	1	4.5471053513837e-08	21992013
196620	37	1.68242898001197e-06	21992013
197221	2	9.09421070276741e-08	21992013
198466	5	2.27355267569185e-07	21992013
198628	7	3.18297374596859e-07	21992013
199310	1	4.5471053513837e-08	21992013
203119	121	5.50199747517428e-06	21992013
203120	30	1.36413160541511e-06	21992013
203122	1	4.5471053513837e-08	21992013
203123	42	1.90978424758116e-06	21992013
203124	13	5.91123695679882e-07	21992013
203267	3	1.36413160541511e-07	21992013
203275	1383	6.28864670096366e-05	21992013
204669	1	4.5471053513837e-08	21992013
204773	45	2.04619740812267e-06	21992013
205913	451	2.05074451347405e-05	21992013
205914	8	3.63768428110696e-07	21992013
205918	20	9.09421070276741e-07	21992013
205922	56	2.54637899677487e-06	21992013
206672	22	1.00036317730442e-06	21992013
207559	25	1.13677633784593e-06	21992013
208435	106	4.81993167246673e-06	21992013
208596	76	3.45580006705162e-06	21992013
208963	25	1.13677633784593e-06	21992013
208964	50	2.27355267569185e-06	21992013
210007	20	9.09421070276741e-07	21992013
211110	2	9.09421070276741e-08	21992013
212717	25	1.13677633784593e-06	21992013
213769	1	4.5471053513837e-08	21992013
213775	1	4.5471053513837e-08	21992013
213810	266	1.20953002346807e-05	21992013
214092	1	4.5471053513837e-08	21992013
214684	10	4.5471053513837e-07	21992013
215689	2	9.09421070276741e-08	21992013
216389	1	4.5471053513837e-08	21992013
216432	5	2.27355267569185e-07	21992013
216591	10	4.5471053513837e-07	21992013
216592	5	2.27355267569185e-07	21992013
216594	18	8.18478963249067e-07	21992013
216595	222	1.00945738800718e-05	21992013
216596	34	1.54601581947046e-06	21992013
216597	2	9.09421070276741e-08	21992013
216599	3	1.36413160541511e-07	21992013
216895	1	4.5471053513837e-08	21992013
218491	2	9.09421070276741e-08	21992013
218493	5	2.27355267569185e-07	21992013
218495	9	4.09239481624533e-07	21992013
218496	3	1.36413160541511e-07	21992013
220341	44	2.00072635460883e-06	21992013
220664	26	1.18224739135976e-06	21992013
220668	4	1.81884214055348e-07	21992013
221109	17	7.7300790973523e-07	21992013
221721	2	9.09421070276741e-08	21992013
222523	2	9.09421070276741e-08	21992013
223283	27	1.2277184448736e-06	21992013
223926	1	4.5471053513837e-08	21992013
224308	6	2.72826321083022e-07	21992013
224324	2	9.09421070276741e-08	21992013
224719	7	3.18297374596859e-07	21992013
224911	20	9.09421070276741e-07	21992013
224914	3	1.36413160541511e-07	21992013
224915	1	4.5471053513837e-08	21992013
225937	5	2.27355267569185e-07	21992013
226185	15352	0.000698071613544426	21992013
226186	15933	0.000724490295635966	21992013
227086	5	2.27355267569185e-07	21992013
227321	1	4.5471053513837e-08	21992013
227882	73	3.3193869065101e-06	21992013
228400	3	1.36413160541511e-07	21992013
228405	15	6.82065802707556e-07	21992013
228410	5	2.27355267569185e-07	21992013
231023	4	1.81884214055348e-07	21992013
232721	447	2.03255609206852e-05	21992013
234267	6	2.72826321083022e-07	21992013
234621	2326	0.000105765670473185	21992013
235909	3	1.36413160541511e-07	21992013
240015	2	9.09421070276741e-08	21992013
242231	1	4.5471053513837e-08	21992013
242507	1	4.5471053513837e-08	21992013
242527	1	4.5471053513837e-08	21992013
242619	20	9.09421070276741e-07	21992013
243090	1	4.5471053513837e-08	21992013
243159	4	1.81884214055348e-07	21992013
243164	1	4.5471053513837e-08	21992013
243230	5	2.27355267569185e-07	21992013
243231	4	1.81884214055348e-07	21992013
243232	2	9.09421070276741e-08	21992013
243233	11	5.00181588652208e-07	21992013
243243	98	4.45616324435603e-06	21992013
243265	6	2.72826321083022e-07	21992013
243275	12	5.45652642166045e-07	21992013
243276	2	9.09421070276741e-08	21992013
243277	2	9.09421070276741e-08	21992013
243365	53	2.40996583623336e-06	21992013
245014	3358	0.000152691797699465	21992013
245018	522	2.37358899342229e-05	21992013
246194	5	2.27355267569185e-07	21992013
246195	8	3.63768428110696e-07	21992013
246196	99	4.50163429786987e-06	21992013
246197	27	1.2277184448736e-06	21992013
246198	77	3.50127112056545e-06	21992013
246200	14	6.36594749193719e-07	21992013
247156	138	6.27500538490951e-06	21992013
251221	14	6.36594749193719e-07	21992013
251229	5	2.27355267569185e-07	21992013
257309	54	2.4554368897472e-06	21992013
257310	31	1.40960265892895e-06	21992013
257311	6	2.72826321083022e-07	21992013
257313	21	9.54892123790578e-07	21992013
257314	1	4.5471053513837e-08	21992013
258594	5	2.27355267569185e-07	21992013
259536	145	6.59330275950637e-06	21992013
261292	68	3.09203163894092e-06	21992013
261317	1	4.5471053513837e-08	21992013
261658	1	4.5471053513837e-08	21992013
262316	50	2.27355267569185e-06	21992013
262543	80	3.63768428110696e-06	21992013
262723	2	9.09421070276741e-08	21992013
262724	55	2.50090794326104e-06	21992013
262768	12	5.45652642166045e-07	21992013
263358	18	8.18478963249067e-07	21992013
264198	34	1.54601581947046e-06	21992013
264199	86	3.91051060218999e-06	21992013
264201	1	4.5471053513837e-08	21992013
264203	3	1.36413160541511e-07	21992013
264462	7	3.18297374596859e-07	21992013
264730	21	9.54892123790578e-07	21992013
264731	74	3.36485796002394e-06	21992013
264732	5	2.27355267569185e-07	21992013
265072	12	5.45652642166045e-07	21992013
265311	4	1.81884214055348e-07	21992013
266117	14	6.36594749193719e-07	21992013
266264	55	2.50090794326104e-06	21992013
266265	19	8.63950016762904e-07	21992013
266779	33	1.50054476595662e-06	21992013
266834	6	2.72826321083022e-07	21992013
266835	9	4.09239481624533e-07	21992013
266940	49	2.22808162217802e-06	21992013
267608	45	2.04619740812267e-06	21992013
267747	7	3.18297374596859e-07	21992013
267748	4	1.81884214055348e-07	21992013
268739	1	4.5471053513837e-08	21992013
269482	15	6.82065802707556e-07	21992013
269796	8	3.63768428110696e-07	21992013
269797	8	3.63768428110696e-07	21992013
269798	54	2.4554368897472e-06	21992013
269799	13	5.91123695679882e-07	21992013
269800	12	5.45652642166045e-07	21992013
271848	6	2.72826321083022e-07	21992013
272123	2	9.09421070276741e-08	21992013
272558	3	1.36413160541511e-07	21992013
272559	391	1.77791819239103e-05	21992013
272562	22	1.00036317730442e-06	21992013
272563	474	2.15532793655588e-05	21992013
272564	20	9.09421070276741e-07	21992013
272568	11	5.00181588652208e-07	21992013
272620	8386	0.000381320254767037	21992013
272621	28	1.27318949838744e-06	21992013
272622	428	1.94616109039223e-05	21992013
272623	485	2.2053460954211e-05	21992013
272624	1	4.5471053513837e-08	21992013
272626	51	2.31902372920569e-06	21992013
272630	14	6.36594749193719e-07	21992013
272631	4	1.81884214055348e-07	21992013
272632	6	2.72826321083022e-07	21992013
272635	1	4.5471053513837e-08	21992013
272831	24	1.09130528433209e-06	21992013
272942	5	2.27355267569185e-07	21992013
272943	4	1.81884214055348e-07	21992013
273036	6	2.72826321083022e-07	21992013
273068	9	4.09239481624533e-07	21992013
273119	3	1.36413160541511e-07	21992013
273121	2	9.09421070276741e-08	21992013
273123	1	4.5471053513837e-08	21992013
278137	47	2.13713951515034e-06	21992013
278197	98	4.45616324435603e-06	21992013
279010	8	3.63768428110696e-07	21992013
279238	25	1.13677633784593e-06	21992013
279281	2	9.09421070276741e-08	21992013
279808	4834	0.000219807072685888	21992013
280463	11	5.00181588652208e-07	21992013
280699	3	1.36413160541511e-07	21992013
281090	26	1.18224739135976e-06	21992013
281309	7	3.18297374596859e-07	21992013
282458	5	2.27355267569185e-07	21992013
282459	15	6.82065802707556e-07	21992013
284590	2	9.09421070276741e-08	21992013
284592	8	3.63768428110696e-07	21992013
284593	2	9.09421070276741e-08	21992013
284811	2	9.09421070276741e-08	21992013
284812	13	5.91123695679882e-07	21992013
286636	20	9.09421070276741e-07	21992013
288000	21	9.54892123790578e-07	21992013
288681	1	4.5471053513837e-08	21992013
288705	18	8.18478963249067e-07	21992013
289380	33	1.50054476595662e-06	21992013
289397	1	4.5471053513837e-08	21992013
290317	6	2.72826321083022e-07	21992013
290338	16	7.27536856221393e-07	21992013
290339	37	1.68242898001197e-06	21992013
290340	96	4.36522113732836e-06	21992013
290397	12	5.45652642166045e-07	21992013
290398	10	4.5471053513837e-07	21992013
290399	50	2.27355267569185e-06	21992013
290400	1	4.5471053513837e-08	21992013
290402	38	1.72790003352581e-06	21992013
290512	1	4.5471053513837e-08	21992013
290633	2	9.09421070276741e-08	21992013
291331	9	4.09239481624533e-07	21992013
292414	1	4.5471053513837e-08	21992013
292415	36	1.63695792649813e-06	21992013
292459	43	1.95525530109499e-06	21992013
292564	5	2.27355267569185e-07	21992013
293826	70	3.18297374596859e-06	21992013
295319	2	9.09421070276741e-08	21992013
295405	4380	0.000199163214390606	21992013
296543	27	1.2277184448736e-06	21992013
296591	185	8.41214490005985e-06	21992013
298386	6	2.72826321083022e-07	21992013
298653	11	5.00181588652208e-07	21992013
298654	18	8.18478963249067e-07	21992013
299768	52	2.36449478271953e-06	21992013
300267	5	2.27355267569185e-07	21992013
300268	3	1.36413160541511e-07	21992013
300269	4	1.81884214055348e-07	21992013
300852	35	1.5914868729843e-06	21992013
306263	3	1.36413160541511e-07	21992013
306537	8615	0.000391733126021706	21992013
309799	1	4.5471053513837e-08	21992013
309800	3	1.36413160541511e-07	21992013
309801	1	4.5471053513837e-08	21992013
309803	2	9.09421070276741e-08	21992013
309807	3	1.36413160541511e-07	21992013
311402	6	2.72826321083022e-07	21992013
311403	8	3.63768428110696e-07	21992013
311424	1	4.5471053513837e-08	21992013
312153	12	5.45652642166045e-07	21992013
313595	5	2.27355267569185e-07	21992013
313596	8	3.63768428110696e-07	21992013
313598	12	5.45652642166045e-07	21992013
313603	2	9.09421070276741e-08	21992013
314225	12	5.45652642166045e-07	21992013
314315	36	1.63695792649813e-06	21992013
314565	16	7.27536856221393e-07	21992013
314723	1	4.5471053513837e-08	21992013
314724	1	4.5471053513837e-08	21992013
315730	5	2.27355267569185e-07	21992013
315749	8	3.63768428110696e-07	21992013
315750	5	2.27355267569185e-07	21992013
316055	26	1.18224739135976e-06	21992013
316056	14	6.36594749193719e-07	21992013
316057	14	6.36594749193719e-07	21992013
316058	13	5.91123695679882e-07	21992013
316067	4	1.81884214055348e-07	21992013
316273	10	4.5471053513837e-07	21992013
316274	13	5.91123695679882e-07	21992013
316278	4	1.81884214055348e-07	21992013
316279	1	4.5471053513837e-08	21992013
316385	43	1.95525530109499e-06	21992013
316401	21	9.54892123790578e-07	21992013
316407	1	4.5471053513837e-08	21992013
317655	18	8.18478963249067e-07	21992013
318167	11	5.00181588652208e-07	21992013
318586	21	9.54892123790578e-07	21992013
319224	5	2.27355267569185e-07	21992013
319225	1	4.5471053513837e-08	21992013
319701	155	7.04801329464474e-06	21992013
319795	21	9.54892123790578e-07	21992013
320373	4	1.81884214055348e-07	21992013
320388	14	6.36594749193719e-07	21992013
320389	3	1.36413160541511e-07	21992013
321314	15	6.82065802707556e-07	21992013
321327	3	1.36413160541511e-07	21992013
321332	4	1.81884214055348e-07	21992013
321956	24	1.09130528433209e-06	21992013
321967	830	3.77409744164848e-05	21992013
322098	2	9.09421070276741e-08	21992013
322159	1005	4.56984087814062e-05	21992013
322710	16	7.27536856221393e-07	21992013
323097	5	2.27355267569185e-07	21992013
323098	4	1.81884214055348e-07	21992013
323261	1	4.5471053513837e-08	21992013
323848	1	4.5471053513837e-08	21992013
323850	2	9.09421070276741e-08	21992013
324057	10	4.5471053513837e-07	21992013
324602	2	9.09421070276741e-08	21992013
324831	28	1.27318949838744e-06	21992013
324925	2	9.09421070276741e-08	21992013
325240	5	2.27355267569185e-07	21992013
326297	5	2.27355267569185e-07	21992013
326298	4	1.81884214055348e-07	21992013
326423	12	5.45652642166045e-07	21992013
326424	46	2.0916684616365e-06	21992013
326425	16	7.27536856221393e-07	21992013
326426	22	1.00036317730442e-06	21992013
326442	1	4.5471053513837e-08	21992013
329726	2	9.09421070276741e-08	21992013
330214	9	4.09239481624533e-07	21992013
330879	2	9.09421070276741e-08	21992013
331104	1	4.5471053513837e-08	21992013
331111	100	4.5471053513837e-06	21992013
331112	87	3.95598165570382e-06	21992013
331113	2	9.09421070276741e-08	21992013
331271	16	7.27536856221393e-07	21992013
331272	10	4.5471053513837e-07	21992013
331635	1	4.5471053513837e-08	21992013
331678	4	1.81884214055348e-07	21992013
333849	103	4.68351851192522e-06	21992013
334380	1	4.5471053513837e-08	21992013
334390	2100	9.54892123790578e-05	21992013
334413	6656	0.000302655332188099	21992013
335283	17	7.7300790973523e-07	21992013
335284	196	8.91232648871206e-06	21992013
335541	19	8.63950016762904e-07	21992013
335543	12	5.45652642166045e-07	21992013
335659	17	7.7300790973523e-07	21992013
336407	2	9.09421070276741e-08	21992013
337191	81	3.6831553346208e-06	21992013
338963	1	4.5471053513837e-08	21992013
338966	36	1.63695792649813e-06	21992013
338969	117	5.32011326111893e-06	21992013
339670	230	1.04583423081825e-05	21992013
340099	10	4.5471053513837e-07	21992013
340100	81	3.6831553346208e-06	21992013
340322	395	1.79610661379656e-05	21992013
342108	20	9.09421070276741e-07	21992013
342109	6	2.72826321083022e-07	21992013
342451	25	1.13677633784593e-06	21992013
343509	1	4.5471053513837e-08	21992013
344609	32	1.45507371244279e-06	21992013
345219	2	9.09421070276741e-08	21992013
347253	2959	0.000134548847347444	21992013
347256	2	9.09421070276741e-08	21992013
347257	4	1.81884214055348e-07	21992013
347515	8	3.63768428110696e-07	21992013
347834	1	4.5471053513837e-08	21992013
348535	2	9.09421070276741e-08	21992013
349101	13	5.91123695679882e-07	21992013
349102	16	7.27536856221393e-07	21992013
349106	73	3.3193869065101e-06	21992013
349124	5	2.27355267569185e-07	21992013
349161	29	1.31866055190127e-06	21992013
349163	7	3.18297374596859e-07	21992013
349215	3	1.36413160541511e-07	21992013
349307	2	9.09421070276741e-08	21992013
349519	20	9.09421070276741e-07	21992013
349520	9	4.09239481624533e-07	21992013
349521	4	1.81884214055348e-07	21992013
349741	236	1.07311686292655e-05	21992013
349747	1	4.5471053513837e-08	21992013
350054	87	3.95598165570382e-06	21992013
350058	59	2.68279215731639e-06	21992013
350688	38	1.72790003352581e-06	21992013
351160	1	4.5471053513837e-08	21992013
351348	22	1.00036317730442e-06	21992013
351605	3	1.36413160541511e-07	21992013
351607	4	1.81884214055348e-07	21992013
351627	18	8.18478963249067e-07	21992013
351745	4	1.81884214055348e-07	21992013
351746	22	1.00036317730442e-06	21992013
352914	1	4.5471053513837e-08	21992013
353151	2	9.09421070276741e-08	21992013
353152	3	1.36413160541511e-07	21992013
353153	8	3.63768428110696e-07	21992013
353496	3	1.36413160541511e-07	21992013
354242	99	4.50163429786987e-06	21992013
354260	3	1.36413160541511e-07	21992013
355276	12	5.45652642166045e-07	21992013
355277	8	3.63768428110696e-07	21992013
355278	2	9.09421070276741e-08	21992013
357244	1	4.5471053513837e-08	21992013
357348	11	5.00181588652208e-07	21992013
357544	2	9.09421070276741e-08	21992013
357808	19	8.63950016762904e-07	21992013
357809	917	4.16969560721886e-05	21992013
358220	552	2.51000215396381e-05	21992013
358681	39	1.77337108703964e-06	21992013
359786	135	6.138592224368e-06	21992013
359787	42	1.90978424758116e-06	21992013
360094	8	3.63768428110696e-07	21992013
360095	23	1.04583423081825e-06	21992013
360102	14	6.36594749193719e-07	21992013
360104	23	1.04583423081825e-06	21992013
360105	20	9.09421070276741e-07	21992013
360106	43	1.95525530109499e-06	21992013
360107	200	9.09421070276741e-06	21992013
360109	37	1.68242898001197e-06	21992013
360115	3	1.36413160541511e-07	21992013
360910	12	5.45652642166045e-07	21992013
360911	40	1.81884214055348e-06	21992013
362242	23	1.04583423081825e-06	21992013
362663	118	5.36558431463277e-06	21992013
362948	9	4.09239481624533e-07	21992013
363253	21	9.54892123790578e-07	21992013
365044	681	3.0965787442923e-05	21992013
365046	148	6.72971592004788e-06	21992013
365659	322	1.46416792314555e-05	21992013
366394	5	2.27355267569185e-07	21992013
366602	25	1.13677633784593e-06	21992013
367737	76	3.45580006705162e-06	21992013
367775	9	4.09239481624533e-07	21992013
367928	156	7.09348434815858e-06	21992013
368407	7	3.18297374596859e-07	21992013
369723	37	1.68242898001197e-06	21992013
370438	14	6.36594749193719e-07	21992013
370551	1	4.5471053513837e-08	21992013
370552	2	9.09421070276741e-08	21992013
370553	8	3.63768428110696e-07	21992013
370554	522	2.37358899342229e-05	21992013
373153	364	1.65514634790367e-05	21992013
373384	191	8.68497122114288e-06	21992013
373903	1	4.5471053513837e-08	21992013
373994	1	4.5471053513837e-08	21992013
374463	1	4.5471053513837e-08	21992013
374833	8	3.63768428110696e-07	21992013
374930	5	2.27355267569185e-07	21992013
374931	2	9.09421070276741e-08	21992013
375286	32	1.45507371244279e-06	21992013
375451	1	4.5471053513837e-08	21992013
376686	379	1.72335292817442e-05	21992013
377628	8	3.63768428110696e-07	21992013
378753	359	1.63241082114675e-05	21992013
378806	13	5.91123695679882e-07	21992013
379066	5	2.27355267569185e-07	21992013
379731	38	1.72790003352581e-06	21992013
380358	3	1.36413160541511e-07	21992013
380394	5	2.27355267569185e-07	21992013
380703	45	2.04619740812267e-06	21992013
381666	86	3.91051060218999e-06	21992013
381754	412	1.87340740477009e-05	21992013
381764	4	1.81884214055348e-07	21992013
382245	92	4.18333692327301e-06	21992013
382638	4	1.81884214055348e-07	21992013
382640	1	4.5471053513837e-08	21992013
383372	5	2.27355267569185e-07	21992013
383379	2	9.09421070276741e-08	21992013
383407	7	3.18297374596859e-07	21992013
383629	3	1.36413160541511e-07	21992013
384676	48	2.18261056866418e-06	21992013
385025	3	1.36413160541511e-07	21992013
386043	64	2.91014742488557e-06	21992013
386415	44	2.00072635460883e-06	21992013
386585	20	9.09421070276741e-07	21992013
386656	4	1.81884214055348e-07	21992013
387092	5	2.27355267569185e-07	21992013
387093	8	3.63768428110696e-07	21992013
387344	69	3.13750269245476e-06	21992013
388919	192	8.73044227465671e-06	21992013
390235	31	1.40960265892895e-06	21992013
390236	7	3.18297374596859e-07	21992013
390333	124	5.63841063571579e-06	21992013
390874	1	4.5471053513837e-08	21992013
391008	30	1.36413160541511e-06	21992013
391009	2	9.09421070276741e-08	21992013
391037	23	1.04583423081825e-06	21992013
391038	12	5.45652642166045e-07	21992013
391165	16	7.27536856221393e-07	21992013
391295	330	1.50054476595662e-05	21992013
391296	305	1.38686713217203e-05	21992013
391595	1	4.5471053513837e-08	21992013
391616	1	4.5471053513837e-08	21992013
391619	2	9.09421070276741e-08	21992013
391626	2	9.09421070276741e-08	21992013
391735	118	5.36558431463277e-06	21992013
391774	16	7.27536856221393e-07	21992013
391896	2	9.09421070276741e-08	21992013
391904	127	5.7748237962573e-06	21992013
392499	224	1.01855159870995e-05	21992013
392500	1	4.5471053513837e-08	21992013
393011	13	5.91123695679882e-07	21992013
393115	4	1.81884214055348e-07	21992013
393127	1	4.5471053513837e-08	21992013
393305	15	6.82065802707556e-07	21992013
393595	12	5.45652642166045e-07	21992013
394221	15	6.82065802707556e-07	21992013
394503	151	6.86612908058939e-06	21992013
395019	71	3.22844479948243e-06	21992013
395491	4	1.81884214055348e-07	21992013
395492	8	3.63768428110696e-07	21992013
395494	19	8.63950016762904e-07	21992013
395495	190	8.63950016762904e-06	21992013
395960	21	9.54892123790578e-07	21992013
395962	1	4.5471053513837e-08	21992013
395963	7	3.18297374596859e-07	21992013
395965	8	3.63768428110696e-07	21992013
396513	36	1.63695792649813e-06	21992013
396588	38	1.72790003352581e-06	21992013
396595	15	6.82065802707556e-07	21992013
397945	166	7.54819488329695e-06	21992013
398511	8	3.63768428110696e-07	21992013
398527	25	1.13677633784593e-06	21992013
398577	1	4.5471053513837e-08	21992013
398578	399	1.8142950352021e-05	21992013
398580	3	1.36413160541511e-07	21992013
398767	6	2.72826321083022e-07	21992013
399185	1	4.5471053513837e-08	21992013
399599	1	4.5471053513837e-08	21992013
399726	8	3.63768428110696e-07	21992013
399739	52	2.36449478271953e-06	21992013
399741	12	5.45652642166045e-07	21992013
399742	17	7.7300790973523e-07	21992013
399781	1	4.5471053513837e-08	21992013
399804	2	9.09421070276741e-08	21992013
400667	111	5.04728694003591e-06	21992013
400668	11	5.00181588652208e-07	21992013
400673	4	1.81884214055348e-07	21992013
400756	37	1.68242898001197e-06	21992013
401053	2	9.09421070276741e-08	21992013
401473	10	4.5471053513837e-07	21992013
401614	2	9.09421070276741e-08	21992013
402612	193	8.77591332817055e-06	21992013
402626	28	1.27318949838744e-06	21992013
402881	10	4.5471053513837e-07	21992013
402882	2	9.09421070276741e-08	21992013
403677	30	1.36413160541511e-06	21992013
403833	12	5.45652642166045e-07	21992013
404380	9	4.09239481624533e-07	21992013
404589	15	6.82065802707556e-07	21992013
405416	73	3.3193869065101e-06	21992013
405440	6	2.72826321083022e-07	21992013
405531	5	2.27355267569185e-07	21992013
405532	7	3.18297374596859e-07	21992013
405534	1	4.5471053513837e-08	21992013
405566	37	1.68242898001197e-06	21992013
405948	108	4.9108737794944e-06	21992013
405955	93	4.22880797678685e-06	21992013
406425	6	2.72826321083022e-07	21992013
406552	2	9.09421070276741e-08	21992013
406817	1	4.5471053513837e-08	21992013
407148	5	2.27355267569185e-07	21992013
407976	5	2.27355267569185e-07	21992013
409438	10	4.5471053513837e-07	21992013
410289	34	1.54601581947046e-06	21992013
410358	3	1.36413160541511e-07	21992013
411154	13	5.91123695679882e-07	21992013
412022	9	4.09239481624533e-07	21992013
412030	2	9.09421070276741e-08	21992013
412133	49	2.22808162217802e-06	21992013
412418	1	4.5471053513837e-08	21992013
412419	1	4.5471053513837e-08	21992013
412694	71	3.22844479948243e-06	21992013
413997	9	4.09239481624533e-07	21992013
413999	40	1.81884214055348e-06	21992013
414684	22	1.00036317730442e-06	21992013
416269	9	4.09239481624533e-07	21992013
416344	7	3.18297374596859e-07	21992013
416870	178	8.09384752546299e-06	21992013
418127	13	5.91123695679882e-07	21992013
419610	32	1.45507371244279e-06	21992013
419665	2	9.09421070276741e-08	21992013
419947	14	6.36594749193719e-07	21992013
420245	4	1.81884214055348e-07	21992013
420246	22	1.00036317730442e-06	21992013
420247	586	2.66460373591085e-05	21992013
420662	136	6.18406327788184e-06	21992013
420889	18	8.18478963249067e-07	21992013
420890	7	3.18297374596859e-07	21992013
423211	49	2.22808162217802e-06	21992013
423368	74	3.36485796002394e-06	21992013
423536	6	2.72826321083022e-07	21992013
424182	5	2.27355267569185e-07	21992013
425011	16	7.27536856221393e-07	21992013
425104	5	2.27355267569185e-07	21992013
426114	17	7.7300790973523e-07	21992013
426117	28	1.27318949838744e-06	21992013
426355	53	2.40996583623336e-06	21992013
426430	196	8.91232648871206e-06	21992013
428406	38	1.72790003352581e-06	21992013
429009	3	1.36413160541511e-07	21992013
430066	1	4.5471053513837e-08	21992013
431895	8	3.63768428110696e-07	21992013
431943	98	4.45616324435603e-06	21992013
431946	1	4.5471053513837e-08	21992013
431947	100	4.5471053513837e-06	21992013
434249	1	4.5471053513837e-08	21992013
434271	2	9.09421070276741e-08	21992013
434922	4	1.81884214055348e-07	21992013
434923	2	9.09421070276741e-08	21992013
434924	1	4.5471053513837e-08	21992013
435258	12	5.45652642166045e-07	21992013
435590	4500	0.000204619740812267	21992013
435591	35652	0.00162113399987532	21992013
435998	5	2.27355267569185e-07	21992013
436114	1	4.5471053513837e-08	21992013
436308	5	2.27355267569185e-07	21992013
436717	38	1.72790003352581e-06	21992013
438753	11	5.00181588652208e-07	21992013
439235	5	2.27355267569185e-07	21992013
439292	16	7.27536856221393e-07	21992013
439375	29	1.31866055190127e-06	21992013
439843	37	1.68242898001197e-06	21992013
439851	1	4.5471053513837e-08	21992013
439855	32	1.45507371244279e-06	21992013
440085	18	8.18478963249067e-07	21992013
441375	6	2.72826321083022e-07	21992013
441620	38	1.72790003352581e-06	21992013
441768	50	2.27355267569185e-06	21992013
441771	5	2.27355267569185e-07	21992013
441772	1	4.5471053513837e-08	21992013
442563	128	5.82029484977114e-06	21992013
443143	12	5.45652642166045e-07	21992013
443144	9	4.09239481624533e-07	21992013
443218	11	5.00181588652208e-07	21992013
443906	56	2.54637899677487e-06	21992013
444177	32	1.45507371244279e-06	21992013
444178	3	1.36413160541511e-07	21992013
444179	1	4.5471053513837e-08	21992013
444450	2	9.09421070276741e-08	21992013
445932	1	4.5471053513837e-08	21992013
446462	97	4.41069219084219e-06	21992013
446465	57	2.59185005028871e-06	21992013
446466	31	1.40960265892895e-06	21992013
446468	36	1.63695792649813e-06	21992013
446469	44	2.00072635460883e-06	21992013
446470	39	1.77337108703964e-06	21992013
446471	37	1.68242898001197e-06	21992013
447217	11	5.00181588652208e-07	21992013
448385	15	6.82065802707556e-07	21992013
449447	2	9.09421070276741e-08	21992013
450851	35	1.5914868729843e-06	21992013
451515	4	1.81884214055348e-07	21992013
451516	77	3.50127112056545e-06	21992013
452471	1	4.5471053513837e-08	21992013
452637	13	5.91123695679882e-07	21992013
452638	9	4.09239481624533e-07	21992013
452652	66	3.00108953191324e-06	21992013
452662	31	1.40960265892895e-06	21992013
452863	46	2.0916684616365e-06	21992013
454169	22	1.00036317730442e-06	21992013
455488	11	5.00181588652208e-07	21992013
455632	51	2.31902372920569e-06	21992013
456481	6	2.72826321083022e-07	21992013
457425	34	1.54601581947046e-06	21992013
457570	5	2.27355267569185e-07	21992013
458233	35	1.5914868729843e-06	21992013
459349	56	2.54637899677487e-06	21992013
459424	9	4.09239481624533e-07	21992013
460265	16	7.27536856221393e-07	21992013
464988	4	1.81884214055348e-07	21992013
465515	136	6.18406327788184e-06	21992013
465817	1	4.5471053513837e-08	21992013
467705	286	1.30047213049574e-05	21992013
469008	2	9.09421070276741e-08	21992013
469371	17	7.7300790973523e-07	21992013
469378	21	9.54892123790578e-07	21992013
469383	18	8.18478963249067e-07	21992013
471223	9	4.09239481624533e-07	21992013
471821	1	4.5471053513837e-08	21992013
471852	42	1.90978424758116e-06	21992013
471853	27	1.2277184448736e-06	21992013
471854	12	5.45652642166045e-07	21992013
471855	96	4.36522113732836e-06	21992013
471856	111	5.04728694003591e-06	21992013
471857	16	7.27536856221393e-07	21992013
471876	6	2.72826321083022e-07	21992013
472759	2	9.09421070276741e-08	21992013
474186	3820	0.000173699424422858	21992013
477641	33	1.50054476595662e-06	21992013
477974	6	2.72826321083022e-07	21992013
478009	1	4.5471053513837e-08	21992013
478433	7	3.18297374596859e-07	21992013
478434	11	5.00181588652208e-07	21992013
478801	167	7.59366593681079e-06	21992013
479431	54	2.4554368897472e-06	21992013
479432	55	2.50090794326104e-06	21992013
479433	59	2.68279215731639e-06	21992013
479434	2	9.09421070276741e-08	21992013
479435	48	2.18261056866418e-06	21992013
479436	309	1.40505555357756e-05	21992013
479437	183	8.32120279303218e-06	21992013
480119	27	1.2277184448736e-06	21992013
481448	2	9.09421070276741e-08	21992013
481743	29	1.31866055190127e-06	21992013
481805	204	9.27609491682276e-06	21992013
481877	30	1.36413160541511e-06	21992013
482957	4	1.81884214055348e-07	21992013
483179	1	4.5471053513837e-08	21992013
483219	17	7.7300790973523e-07	21992013
484020	19	8.63950016762904e-07	21992013
484021	7052	0.000320661869379579	21992013
485914	2	9.09421070276741e-08	21992013
485915	20	9.09421070276741e-07	21992013
485916	24	1.09130528433209e-06	21992013
485917	53	2.40996583623336e-06	21992013
485918	10	4.5471053513837e-07	21992013
486410	23	1.04583423081825e-06	21992013
487213	127	5.7748237962573e-06	21992013
487214	126	5.72935274274347e-06	21992013
487215	2	9.09421070276741e-08	21992013
487521	8	3.63768428110696e-07	21992013
488221	14	6.36594749193719e-07	21992013
488222	17	7.7300790973523e-07	21992013
488223	17	7.7300790973523e-07	21992013
489653	7	3.18297374596859e-07	21992013
490759	3	1.36413160541511e-07	21992013
491077	13	5.91123695679882e-07	21992013
491915	24	1.09130528433209e-06	21992013
491916	8	3.63768428110696e-07	21992013
491952	1	4.5471053513837e-08	21992013
496874	18	8.18478963249067e-07	21992013
497965	1	4.5471053513837e-08	21992013
497978	26	1.18224739135976e-06	21992013
498211	9	4.09239481624533e-07	21992013
498213	6	2.72826321083022e-07	21992013
498214	1	4.5471053513837e-08	21992013
498216	285	1.29592502514436e-05	21992013
498217	5	2.27355267569185e-07	21992013
498761	14	6.36594749193719e-07	21992013
502025	22	1.00036317730442e-06	21992013
502558	127	5.7748237962573e-06	21992013
502800	3	1.36413160541511e-07	21992013
502801	2	9.09421070276741e-08	21992013
504472	8	3.63768428110696e-07	21992013
504474	171471	0.00779696701707115	21992013
504728	49	2.22808162217802e-06	21992013
504832	24	1.09130528433209e-06	21992013
505711	1	4.5471053513837e-08	21992013
507522	1790	8.13931857897683e-05	21992013
508765	10	4.5471053513837e-07	21992013
508767	9	4.09239481624533e-07	21992013
508771	4	1.81884214055348e-07	21992013
509169	34	1.54601581947046e-06	21992013
509170	39	1.77337108703964e-06	21992013
509173	394	1.79155950844518e-05	21992013
509190	28	1.27318949838744e-06	21992013
509193	1	4.5471053513837e-08	21992013
510516	9	4.09239481624533e-07	21992013
511051	1	4.5471053513837e-08	21992013
511062	11	5.00181588652208e-07	21992013
511437	14	6.36594749193719e-07	21992013
511691	27	1.2277184448736e-06	21992013
511995	9	4.09239481624533e-07	21992013
512565	27	1.2277184448736e-06	21992013
512566	117	5.32011326111893e-06	21992013
515618	2	9.09421070276741e-08	21992013
515619	5804	0.00026391399459431	21992013
515620	1276	5.80210642836561e-05	21992013
515621	1	4.5471053513837e-08	21992013
515622	100	4.5471053513837e-06	21992013
515635	1	4.5471053513837e-08	21992013
516950	603	2.74190452688437e-05	21992013
517417	3	1.36413160541511e-07	21992013
517418	4	1.81884214055348e-07	21992013
518766	9	4.09239481624533e-07	21992013
519441	7	3.18297374596859e-07	21992013
521006	8	3.63768428110696e-07	21992013
521008	2	9.09421070276741e-08	21992013
521095	48	2.18261056866418e-06	21992013
521096	95	4.31975008381452e-06	21992013
521097	21	9.54892123790578e-07	21992013
521098	20	9.09421070276741e-07	21992013
521460	9	4.09239481624533e-07	21992013
522306	33	1.50054476595662e-06	21992013
522373	26	1.18224739135976e-06	21992013
523791	8	3.63768428110696e-07	21992013
523794	5	2.27355267569185e-07	21992013
523796	23	1.04583423081825e-06	21992013
523841	1	4.5471053513837e-08	21992013
525146	29	1.31866055190127e-06	21992013
525284	19	8.63950016762904e-07	21992013
525381	259	1.17770028600838e-05	21992013
525897	14	6.36594749193719e-07	21992013
525898	3	1.36413160541511e-07	21992013
525903	29	1.31866055190127e-06	21992013
525909	8	3.63768428110696e-07	21992013
525919	4466	0.000203073724992796	21992013
526218	3	1.36413160541511e-07	21992013
526222	4	1.81884214055348e-07	21992013
526225	49	2.22808162217802e-06	21992013
526226	78	3.54674217407929e-06	21992013
526227	26	1.18224739135976e-06	21992013
529507	69	3.13750269245476e-06	21992013
531844	28	1.27318949838744e-06	21992013
535289	163	7.41178172275544e-06	21992013
536019	16	7.27536856221393e-07	21992013
536056	28	1.27318949838744e-06	21992013
536232	2	9.09421070276741e-08	21992013
537021	1	4.5471053513837e-08	21992013
537973	111	5.04728694003591e-06	21992013
541229	1	4.5471053513837e-08	21992013
543728	179	8.13931857897683e-06	21992013
543734	607	2.76009294828991e-05	21992013
543891	30	1.36413160541511e-06	21992013
543913	54	2.4554368897472e-06	21992013
544404	1	4.5471053513837e-08	21992013
544556	12	5.45652642166045e-07	21992013
545693	17	7.7300790973523e-07	21992013
545694	6	2.72826321083022e-07	21992013
545695	2	9.09421070276741e-08	21992013
546269	81	3.6831553346208e-06	21992013
546271	26	1.18224739135976e-06	21992013
546342	26	1.18224739135976e-06	21992013
546414	1	4.5471053513837e-08	21992013
547558	1	4.5471053513837e-08	21992013
548473	89	4.0469237627315e-06	21992013
548476	1350	6.138592224368e-05	21992013
548479	175	7.95743436492148e-06	21992013
550538	4	1.81884214055348e-07	21992013
550540	5	2.27355267569185e-07	21992013
550542	4	1.81884214055348e-07	21992013
552526	26	1.18224739135976e-06	21992013
552536	7	3.18297374596859e-07	21992013
552811	10	4.5471053513837e-07	21992013
553174	307	1.3959613428748e-05	21992013
553190	120	5.45652642166045e-06	21992013
553199	298	1.35503739471234e-05	21992013
553482	22	1.00036317730442e-06	21992013
554290	5	2.27355267569185e-07	21992013
555079	15	6.82065802707556e-07	21992013
555778	2	9.09421070276741e-08	21992013
555970	3	1.36413160541511e-07	21992013
556484	20	9.09421070276741e-07	21992013
557433	7	3.18297374596859e-07	21992013
557436	22	1.00036317730442e-06	21992013
557598	24	1.09130528433209e-06	21992013
557599	12	5.45652642166045e-07	21992013
557600	21	9.54892123790578e-07	21992013
557722	16	7.27536856221393e-07	21992013
557760	13	5.91123695679882e-07	21992013
559292	114	5.18370010057742e-06	21992013
559295	6	2.72826321083022e-07	21992013
559307	5	2.27355267569185e-07	21992013
561229	2	9.09421070276741e-08	21992013
561230	4	1.81884214055348e-07	21992013
561231	1	4.5471053513837e-08	21992013
561276	214	9.73080545196113e-06	21992013
561304	3	1.36413160541511e-07	21992013
562970	5	2.27355267569185e-07	21992013
563040	2	9.09421070276741e-08	21992013
565034	1	4.5471053513837e-08	21992013
565040	185	8.41214490005985e-06	21992013
565042	121	5.50199747517428e-06	21992013
565050	16	7.27536856221393e-07	21992013
565655	40	1.81884214055348e-06	21992013
566546	2	9.09421070276741e-08	21992013
567106	25	1.13677633784593e-06	21992013
568206	1	4.5471053513837e-08	21992013
568703	861	3.91505770754137e-05	21992013
568704	2586	0.000117588144386783	21992013
568706	7	3.18297374596859e-07	21992013
568707	13	5.91123695679882e-07	21992013
568708	1	4.5471053513837e-08	21992013
568813	1	4.5471053513837e-08	21992013
568814	83	3.77409744164847e-06	21992013
568815	1	4.5471053513837e-08	21992013
568816	2281	0.000103719473065062	21992013
568817	2	9.09421070276741e-08	21992013
568819	2	9.09421070276741e-08	21992013
571800	264	1.2004358127653e-05	21992013
572263	1	4.5471053513837e-08	21992013
572477	8	3.63768428110696e-07	21992013
572479	2	9.09421070276741e-08	21992013
572480	21	9.54892123790578e-07	21992013
572544	9	4.09239481624533e-07	21992013
572547	6	2.72826321083022e-07	21992013
573059	8	3.63768428110696e-07	21992013
573061	38	1.72790003352581e-06	21992013
573062	9	4.09239481624533e-07	21992013
573065	2	9.09421070276741e-08	21992013
573370	11	5.00181588652208e-07	21992013
573413	3	1.36413160541511e-07	21992013
573569	1	4.5471053513837e-08	21992013
573729	10	4.5471053513837e-07	21992013
574087	6	2.72826321083022e-07	21992013
574093	703	3.19661506202274e-05	21992013
574521	9	4.09239481624533e-07	21992013
575540	5	2.27355267569185e-07	21992013
575614	196	8.91232648871206e-06	21992013
577650	15	6.82065802707556e-07	21992013
578455	8	3.63768428110696e-07	21992013
578461	1	4.5471053513837e-08	21992013
579112	1	4.5471053513837e-08	21992013
579138	3	1.36413160541511e-07	21992013
580050	53	2.40996583623336e-06	21992013
580327	20	9.09421070276741e-07	21992013
580331	3	1.36413160541511e-07	21992013
580332	21	9.54892123790578e-07	21992013
580340	18	8.18478963249067e-07	21992013
581103	10	4.5471053513837e-07	21992013
582402	2	9.09421070276741e-08	21992013
582744	2	9.09421070276741e-08	21992013
582899	4	1.81884214055348e-07	21992013
583345	23	1.04583423081825e-06	21992013
583346	59	2.68279215731639e-06	21992013
583355	6	2.72826321083022e-07	21992013
583358	4	1.81884214055348e-07	21992013
585034	6	2.72826321083022e-07	21992013
585035	4	1.81884214055348e-07	21992013
585054	50	2.27355267569185e-06	21992013
585055	7	3.18297374596859e-07	21992013
585056	7	3.18297374596859e-07	21992013
585057	30	1.36413160541511e-06	21992013
585143	6	2.72826321083022e-07	21992013
585394	7009	0.000318706614078484	21992013
585395	5	2.27355267569185e-07	21992013
585396	25	1.13677633784593e-06	21992013
585397	2	9.09421070276741e-08	21992013
589865	10	4.5471053513837e-07	21992013
590409	1	4.5471053513837e-08	21992013
590739	1	4.5471053513837e-08	21992013
590998	33	1.50054476595662e-06	21992013
591001	215	9.77627650547496e-06	21992013
591020	2	9.09421070276741e-08	21992013
591167	51	2.31902372920569e-06	21992013
591365	72	3.27391585299627e-06	21992013
592316	2	9.09421070276741e-08	21992013
593588	3	1.36413160541511e-07	21992013
593750	1	4.5471053513837e-08	21992013
593907	20	9.09421070276741e-07	21992013
595494	18	8.18478963249067e-07	21992013
595495	25	1.13677633784593e-06	21992013
595496	5	2.27355267569185e-07	21992013
595499	1	4.5471053513837e-08	21992013
595528	3	1.36413160541511e-07	21992013
595537	151	6.86612908058939e-06	21992013
596153	188	8.54855806060137e-06	21992013
596154	139	6.32047643842335e-06	21992013
600809	2	9.09421070276741e-08	21992013
604162	8	3.63768428110696e-07	21992013
610130	4418	0.000200891114424132	21992013
617121	130	5.91123695679882e-06	21992013
622759	5	2.27355267569185e-07	21992013
626418	10	4.5471053513837e-07	21992013
627192	13	5.91123695679882e-07	21992013
627344	1	4.5471053513837e-08	21992013
630588	2	9.09421070276741e-08	21992013
630626	24	1.09130528433209e-06	21992013
632772	73	3.3193869065101e-06	21992013
633147	146	6.63877381302021e-06	21992013
633149	47	2.13713951515034e-06	21992013
633699	8	3.63768428110696e-07	21992013
634177	3	1.36413160541511e-07	21992013
634452	5	2.27355267569185e-07	21992013
634456	3	1.36413160541511e-07	21992013
634497	1	4.5471053513837e-08	21992013
634498	2	9.09421070276741e-08	21992013
634499	2	9.09421070276741e-08	21992013
634500	11	5.00181588652208e-07	21992013
634503	2	9.09421070276741e-08	21992013
635013	18	8.18478963249067e-07	21992013
637379	15	6.82065802707556e-07	21992013
637380	3	1.36413160541511e-07	21992013
637387	1	4.5471053513837e-08	21992013
637887	15	6.82065802707556e-07	21992013
637909	38	1.72790003352581e-06	21992013
637910	11	5.00181588652208e-07	21992013
639282	4	1.81884214055348e-07	21992013
639283	20	9.09421070276741e-07	21992013
640081	38	1.72790003352581e-06	21992013
640131	1308	5.94761379960989e-05	21992013
640132	29	1.31866055190127e-06	21992013
640510	12	5.45652642166045e-07	21992013
640511	12	5.45652642166045e-07	21992013
640512	9	4.09239481624533e-07	21992013
640513	18	8.18478963249067e-07	21992013
641491	18	8.18478963249067e-07	21992013
642492	66	3.00108953191324e-06	21992013
643561	122	5.54746852868812e-06	21992013
643562	20	9.09421070276741e-07	21992013
643648	3	1.36413160541511e-07	21992013
643867	4	1.81884214055348e-07	21992013
644007	1	4.5471053513837e-08	21992013
644042	27	1.2277184448736e-06	21992013
644223	1	4.5471053513837e-08	21992013
644282	19	8.63950016762904e-07	21992013
644283	55	2.50090794326104e-06	21992013
644284	27	1.2277184448736e-06	21992013
644651	1	4.5471053513837e-08	21992013
644801	4	1.81884214055348e-07	21992013
644966	34	1.54601581947046e-06	21992013
645127	318	1.44597950174002e-05	21992013
645462	23	1.04583423081825e-06	21992013
645463	1559	7.08893724280719e-05	21992013
645464	81	3.6831553346208e-06	21992013
645657	3	1.36413160541511e-07	21992013
645991	31	1.40960265892895e-06	21992013
646529	3	1.36413160541511e-07	21992013
648757	5	2.27355267569185e-07	21992013
648999	39	1.77337108703964e-06	21992013
649349	12	5.45652642166045e-07	21992013
649639	22	1.00036317730442e-06	21992013
649831	37	1.68242898001197e-06	21992013
650150	234	1.06402265222379e-05	21992013
651182	4	1.81884214055348e-07	21992013
651822	23	1.04583423081825e-06	21992013
652103	17	7.7300790973523e-07	21992013
653045	36	1.63695792649813e-06	21992013
653733	7	3.18297374596859e-07	21992013
653938	1	4.5471053513837e-08	21992013
655815	12	5.45652642166045e-07	21992013
655816	3	1.36413160541511e-07	21992013
656024	26	1.18224739135976e-06	21992013
656519	6	2.72826321083022e-07	21992013
657308	185	8.41214490005985e-06	21992013
657309	17471	0.000794424775940247	21992013
657310	4440	0.000201891477601436	21992013
657313	5108	0.00023226614134868	21992013
657314	4053	0.000184294179891582	21992013
657315	2443	0.000111085783734304	21992013
657316	61	2.77373426434406e-06	21992013
657317	971	4.41523929619358e-05	21992013
657318	2340	0.000106402265222379	21992013
657319	2555	0.000116178541727854	21992013
657321	4767	0.000216760512100461	21992013
657322	6225	0.000283057308123636	21992013
657323	2748	0.000124954455056024	21992013
657324	21	9.54892123790578e-07	21992013
661367	4	1.81884214055348e-07	21992013
661410	8	3.63768428110696e-07	21992013
662598	2	9.09421070276741e-08	21992013
662755	3384	0.000153874045090825	21992013
663241	1	4.5471053513837e-08	21992013
663278	234	1.06402265222379e-05	21992013
663917	6	2.72826321083022e-07	21992013
663951	13	5.91123695679882e-07	21992013
663954	42	1.90978424758116e-06	21992013
665029	1	4.5471053513837e-08	21992013
665571	3	1.36413160541511e-07	21992013
666681	53	2.40996583623336e-06	21992013
666685	13	5.91123695679882e-07	21992013
666686	6	2.72826321083022e-07	21992013
667014	2	9.09421070276741e-08	21992013
667015	3460	0.000157329845157876	21992013
670307	2	9.09421070276741e-08	21992013
670487	15	6.82065802707556e-07	21992013
671143	4	1.81884214055348e-07	21992013
673832	3	1.36413160541511e-07	21992013
673835	1	4.5471053513837e-08	21992013
673837	1	4.5471053513837e-08	21992013
673839	2	9.09421070276741e-08	21992013
673862	1	4.5471053513837e-08	21992013
674081	1	4.5471053513837e-08	21992013
675635	62	2.8192053178579e-06	21992013
679897	1	4.5471053513837e-08	21992013
679935	5823	0.000264777944611073	21992013
680198	37	1.68242898001197e-06	21992013
680646	1178	5.35649010393e-05	21992013
682795	5	2.27355267569185e-07	21992013
683837	4	1.81884214055348e-07	21992013
684738	315	1.43233818568587e-05	21992013
685038	2	9.09421070276741e-08	21992013
685039	5	2.27355267569185e-07	21992013
685727	109	4.95634483300824e-06	21992013
688245	107	4.86540272598056e-06	21992013
688270	19	8.63950016762904e-07	21992013
690566	21	9.54892123790578e-07	21992013
690850	9	4.09239481624533e-07	21992013
691437	8	3.63768428110696e-07	21992013
692420	1	4.5471053513837e-08	21992013
693216	22	1.00036317730442e-06	21992013
693444	4	1.81884214055348e-07	21992013
693745	1	4.5471053513837e-08	21992013
693746	1294	5.88395432469051e-05	21992013
693970	3	1.36413160541511e-07	21992013
693974	4	1.81884214055348e-07	21992013
693977	4	1.81884214055348e-07	21992013
693978	16	7.27536856221393e-07	21992013
693979	2143	9.74444676801528e-05	21992013
693982	8	3.63768428110696e-07	21992013
694427	63	2.86467637137173e-06	21992013
695560	6	2.72826321083022e-07	21992013
695562	5	2.27355267569185e-07	21992013
696127	2	9.09421070276741e-08	21992013
696216	202	9.18515280979508e-06	21992013
696281	17	7.7300790973523e-07	21992013
696406	14	6.36594749193719e-07	21992013
696747	2	9.09421070276741e-08	21992013
696748	2	9.09421070276741e-08	21992013
696749	4	1.81884214055348e-07	21992013
697281	21	9.54892123790578e-07	21992013
697283	21	9.54892123790578e-07	21992013
697284	8	3.63768428110696e-07	21992013
697303	2	9.09421070276741e-08	21992013
697329	405	1.8415776673104e-05	21992013
698737	116	5.2746422076051e-06	21992013
698758	12	5.45652642166045e-07	21992013
698761	3	1.36413160541511e-07	21992013
698936	1	4.5471053513837e-08	21992013
698948	1	4.5471053513837e-08	21992013
698962	190	8.63950016762904e-06	21992013
698963	9	4.09239481624533e-07	21992013
698964	285	1.29592502514436e-05	21992013
698965	249	1.13222923249454e-05	21992013
698966	87	3.95598165570382e-06	21992013
698967	170	7.7300790973523e-06	21992013
698968	177	8.04837647194916e-06	21992013
698969	10	4.5471053513837e-07	21992013
698970	119	5.41105536814661e-06	21992013
698971	9	4.09239481624533e-07	21992013
698972	329	1.49599766060524e-05	21992013
698973	238	1.08221107362932e-05	21992013
699032	37	1.68242898001197e-06	21992013
699033	28	1.27318949838744e-06	21992013
699037	254	1.15496475925146e-05	21992013
699246	105	4.77446061895289e-06	21992013
700015	45	2.04619740812267e-06	21992013
700508	48	2.18261056866418e-06	21992013
700598	28	1.27318949838744e-06	21992013
701177	1	4.5471053513837e-08	21992013
701347	10	4.5471053513837e-07	21992013
701521	13	5.91123695679882e-07	21992013
702113	20	9.09421070276741e-07	21992013
702459	65	2.95561847839941e-06	21992013
703613	5	2.27355267569185e-07	21992013
706191	4	1.81884214055348e-07	21992013
706587	1	4.5471053513837e-08	21992013
707241	3	1.36413160541511e-07	21992013
709032	7	3.18297374596859e-07	21992013
709986	6	2.72826321083022e-07	21992013
709991	3044	0.00013841388689612	21992013
710127	1	4.5471053513837e-08	21992013
710421	39	1.77337108703964e-06	21992013
710685	34	1.54601581947046e-06	21992013
710686	30	1.36413160541511e-06	21992013
710696	27	1.2277184448736e-06	21992013
712898	1	4.5471053513837e-08	21992013
712938	1804	8.2029780538962e-05	21992013
712961	17	7.7300790973523e-07	21992013
713604	21	9.54892123790578e-07	21992013
714313	26	1.18224739135976e-06	21992013
714962	2	9.09421070276741e-08	21992013
715451	3	1.36413160541511e-07	21992013
716541	112	5.09275799354975e-06	21992013
716544	4	1.81884214055348e-07	21992013
717605	9	4.09239481624533e-07	21992013
717608	5172	0.000235176288773565	21992013
717785	5	2.27355267569185e-07	21992013
717959	16874	0.000767278556992486	21992013
717960	18961	0.000862176645675864	21992013
717961	3699	0.000168197426947683	21992013
717962	2452	0.000111495023215928	21992013
718251	6	2.72826321083022e-07	21992013
718252	10508	0.0004778098303234	21992013
718254	60	2.72826321083022e-06	21992013
718255	2426	0.000110312775824569	21992013
718271	66	3.00108953191324e-06	21992013
718274	4	1.81884214055348e-07	21992013
720554	41	1.86431319406732e-06	21992013
720555	3	1.36413160541511e-07	21992013
722911	276	1.2550010769819e-05	21992013
741091	5	2.27355267569185e-07	21992013
742013	253	1.15041765390008e-05	21992013
743299	3	1.36413160541511e-07	21992013
743525	497	2.2599113596377e-05	21992013
743718	33	1.50054476595662e-06	21992013
743720	24	1.09130528433209e-06	21992013
743721	24	1.09130528433209e-06	21992013
743722	6	2.72826321083022e-07	21992013
744533	1	4.5471053513837e-08	21992013
744872	7	3.18297374596859e-07	21992013
744985	1	4.5471053513837e-08	21992013
745277	5	2.27355267569185e-07	21992013
745310	30	1.36413160541511e-06	21992013
745776	6	2.72826321083022e-07	21992013
746361	66	3.00108953191324e-06	21992013
746697	10	4.5471053513837e-07	21992013
747365	3	1.36413160541511e-07	21992013
748247	17	7.7300790973523e-07	21992013
748280	17	7.7300790973523e-07	21992013
748449	1	4.5471053513837e-08	21992013
748671	8	3.63768428110696e-07	21992013
748727	7	3.18297374596859e-07	21992013
749219	9	4.09239481624533e-07	21992013
749222	1	4.5471053513837e-08	21992013
749414	36	1.63695792649813e-06	21992013
749927	36	1.63695792649813e-06	21992013
751585	1881	8.55310516595275e-05	21992013
751945	47	2.13713951515034e-06	21992013
754035	5	2.27355267569185e-07	21992013
754252	33	1.50054476595662e-06	21992013
754477	3	1.36413160541511e-07	21992013
755731	16	7.27536856221393e-07	21992013
755732	19	8.63950016762904e-07	21992013
756272	2	9.09421070276741e-08	21992013
756499	1	4.5471053513837e-08	21992013
756883	1	4.5471053513837e-08	21992013
757424	85	3.86503954867615e-06	21992013
757425	19	8.63950016762904e-07	21992013
758793	9	4.09239481624533e-07	21992013
759350	351	1.59603397833568e-05	21992013
759362	7	3.18297374596859e-07	21992013
759913	27	1.2277184448736e-06	21992013
759914	54	2.4554368897472e-06	21992013
760011	2	9.09421070276741e-08	21992013
760142	3	1.36413160541511e-07	21992013
760154	11	5.00181588652208e-07	21992013
760192	10	4.5471053513837e-07	21992013
760568	16	7.27536856221393e-07	21992013
760570	6873	0.000312522550800602	21992013
761193	9	4.09239481624533e-07	21992013
761659	9	4.09239481624533e-07	21992013
762051	27	1.2277184448736e-06	21992013
762376	40	1.81884214055348e-06	21992013
762550	8	3.63768428110696e-07	21992013
762570	8	3.63768428110696e-07	21992013
762633	108	4.9108737794944e-06	21992013
762903	12	5.45652642166045e-07	21992013
762948	51	2.31902372920569e-06	21992013
765698	10	4.5471053513837e-07	21992013
765874	115	5.22917115409126e-06	21992013
765911	6	2.72826321083022e-07	21992013
765912	6	2.72826321083022e-07	21992013
765952	5	2.27355267569185e-07	21992013
766760	1	4.5471053513837e-08	21992013
767029	14	6.36594749193719e-07	21992013
767031	183	8.32120279303218e-06	21992013
767434	7	3.18297374596859e-07	21992013
767453	445	2.02346188136575e-05	21992013
767455	10	4.5471053513837e-07	21992013
767462	14	6.36594749193719e-07	21992013
767463	521	2.36904188807091e-05	21992013
767468	8	3.63768428110696e-07	21992013
767817	10	4.5471053513837e-07	21992013
768066	11	5.00181588652208e-07	21992013
768486	98	4.45616324435603e-06	21992013
768490	3	1.36413160541511e-07	21992013
768670	4	1.81884214055348e-07	21992013
768704	5	2.27355267569185e-07	21992013
768706	8	3.63768428110696e-07	21992013
795797	1	4.5471053513837e-08	21992013
797303	1	4.5471053513837e-08	21992013
797304	2	9.09421070276741e-08	21992013
798128	87	3.95598165570382e-06	21992013
798300	1	4.5471053513837e-08	21992013
856793	2	9.09421070276741e-08	21992013
857087	4	1.81884214055348e-07	21992013
858215	5	2.27355267569185e-07	21992013
858619	1692	7.69370225454123e-05	21992013
859654	2	9.09421070276741e-08	21992013
859655	17	7.7300790973523e-07	21992013
859656	28	1.27318949838744e-06	21992013
859657	38	1.72790003352581e-06	21992013
860228	4	1.81884214055348e-07	21992013
861208	5	2.27355267569185e-07	21992013
861360	64	2.91014742488557e-06	21992013
862259	2	9.09421070276741e-08	21992013
862719	17	7.7300790973523e-07	21992013
862751	26	1.18224739135976e-06	21992013
862908	4	1.81884214055348e-07	21992013
862962	2281	0.000103719473065062	21992013
862965	6	2.72826321083022e-07	21992013
862966	28	1.27318949838744e-06	21992013
862967	38	1.72790003352581e-06	21992013
862968	90	4.09239481624533e-06	21992013
862969	15	6.82065802707556e-07	21992013
862970	23	1.04583423081825e-06	21992013
862971	223	1.01400449335857e-05	21992013
865938	4	1.81884214055348e-07	21992013
866536	8	3.63768428110696e-07	21992013
866629	1	4.5471053513837e-08	21992013
866630	1	4.5471053513837e-08	21992013
866768	104	4.72898956543905e-06	21992013
866775	551	2.50545504861242e-05	21992013
866777	46	2.0916684616365e-06	21992013
866895	3	1.36413160541511e-07	21992013
866913	1	4.5471053513837e-08	21992013
867900	9	4.09239481624533e-07	21992013
867902	2	9.09421070276741e-08	21992013
867904	2	9.09421070276741e-08	21992013
868131	2	9.09421070276741e-08	21992013
868132	2	9.09421070276741e-08	21992013
868595	10	4.5471053513837e-07	21992013
868597	20	9.09421070276741e-07	21992013
868864	2	9.09421070276741e-08	21992013
869209	461	2.09621556698789e-05	21992013
869210	3	1.36413160541511e-07	21992013
869211	1	4.5471053513837e-08	21992013
869212	1	4.5471053513837e-08	21992013
869215	10	4.5471053513837e-07	21992013
869216	60	2.72826321083022e-06	21992013
869269	6	2.72826321083022e-07	21992013
869303	3	1.36413160541511e-07	21992013
869306	5	2.27355267569185e-07	21992013
869309	196	8.91232648871206e-06	21992013
869729	9	4.09239481624533e-07	21992013
869816	9	4.09239481624533e-07	21992013
871271	1	4.5471053513837e-08	21992013
871585	25	1.13677633784593e-06	21992013
871963	6	2.72826321083022e-07	21992013
875328	55	2.50090794326104e-06	21992013
877468	13	5.91123695679882e-07	21992013
879243	299	1.35958450006373e-05	21992013
880070	1	4.5471053513837e-08	21992013
880071	16	7.27536856221393e-07	21992013
880447	6	2.72826321083022e-07	21992013
880591	9	4.09239481624533e-07	21992013
880633	16	7.27536856221393e-07	21992013
880758	24	1.09130528433209e-06	21992013
881621	5	2.27355267569185e-07	21992013
882097	1	4.5471053513837e-08	21992013
882102	1	4.5471053513837e-08	21992013
882378	5	2.27355267569185e-07	21992013
882884	25	1.13677633784593e-06	21992013
883062	40	1.81884214055348e-06	21992013
884204	1	4.5471053513837e-08	21992013
886293	12	5.45652642166045e-07	21992013
886377	2	9.09421070276741e-08	21992013
886882	11	5.00181588652208e-07	21992013
887061	2	9.09421070276741e-08	21992013
889738	22	1.00036317730442e-06	21992013
889932	13	5.91123695679882e-07	21992013
889933	2	9.09421070276741e-08	21992013
890402	444	2.01891477601436e-05	21992013
891391	172	7.82102120437997e-06	21992013
891398	1	4.5471053513837e-08	21992013
891968	2	9.09421070276741e-08	21992013
903503	1	4.5471053513837e-08	21992013
903510	3	1.36413160541511e-07	21992013
903814	456	2.07348004023097e-05	21992013
905079	12	5.45652642166045e-07	21992013
906968	8	3.63768428110696e-07	21992013
907265	2	9.09421070276741e-08	21992013
907269	2	9.09421070276741e-08	21992013
907287	2	9.09421070276741e-08	21992013
908937	99	4.50163429786987e-06	21992013
909420	1	4.5471053513837e-08	21992013
909946	1	4.5471053513837e-08	21992013
909952	26	1.18224739135976e-06	21992013
909954	1	4.5471053513837e-08	21992013
910348	37	1.68242898001197e-06	21992013
914127	5	2.27355267569185e-07	21992013
926550	11	5.00181588652208e-07	21992013
926556	6	2.72826321083022e-07	21992013
926562	15	6.82065802707556e-07	21992013
926566	10	4.5471053513837e-07	21992013
926569	2	9.09421070276741e-08	21992013
926570	5	2.27355267569185e-07	21992013
927666	248	1.12768212714316e-05	21992013
927704	25	1.13677633784593e-06	21992013
929102	278	1.26409528768467e-05	21992013
929439	7	3.18297374596859e-07	21992013
929506	9	4.09239481624533e-07	21992013
929556	14	6.36594749193719e-07	21992013
929562	27	1.2277184448736e-06	21992013
930169	9	4.09239481624533e-07	21992013
930171	43	1.95525530109499e-06	21992013
930944	8	3.63768428110696e-07	21992013
931276	10	4.5471053513837e-07	21992013
931281	6	2.72826321083022e-07	21992013
931626	19	8.63950016762904e-07	21992013
931890	2	9.09421070276741e-08	21992013
932677	2	9.09421070276741e-08	21992013
932919	3	1.36413160541511e-07	21992013
935296	144	6.54783170599253e-06	21992013
935588	3	1.36413160541511e-07	21992013
935591	1	4.5471053513837e-08	21992013
935593	3	1.36413160541511e-07	21992013
935599	1	4.5471053513837e-08	21992013
935697	14	6.36594749193719e-07	21992013
936153	10927	0.000496862201745697	21992013
936154	25	1.13677633784593e-06	21992013
936155	2	9.09421070276741e-08	21992013
936156	3	1.36413160541511e-07	21992013
936157	3	1.36413160541511e-07	21992013
937773	57	2.59185005028871e-06	21992013
937774	3	1.36413160541511e-07	21992013
937777	2	9.09421070276741e-08	21992013
940190	63	2.86467637137173e-06	21992013
941193	1	4.5471053513837e-08	21992013
941639	57	2.59185005028871e-06	21992013
941640	1	4.5471053513837e-08	21992013
943945	1	4.5471053513837e-08	21992013
944546	21	9.54892123790578e-07	21992013
944547	54	2.4554368897472e-06	21992013
945021	37	1.68242898001197e-06	21992013
945556	8	3.63768428110696e-07	21992013
945704	135	6.138592224368e-06	21992013
945711	17	7.7300790973523e-07	21992013
945712	53	2.40996583623336e-06	21992013
945713	2	9.09421070276741e-08	21992013
946362	5	2.27355267569185e-07	21992013
946483	9	4.09239481624533e-07	21992013
953739	33	1.50054476595662e-06	21992013
956149	33	1.50054476595662e-06	21992013
977880	45	2.04619740812267e-06	21992013
979556	44	2.00072635460883e-06	21992013
979982	13	5.91123695679882e-07	21992013
980422	2	9.09421070276741e-08	21992013
980514	3	1.36413160541511e-07	21992013
981222	7	3.18297374596859e-07	21992013
981368	14	6.36594749193719e-07	21992013
981539	1	4.5471053513837e-08	21992013
981540	26	1.18224739135976e-06	21992013
983544	17	7.7300790973523e-07	21992013
983545	1	4.5471053513837e-08	21992013
983548	4	1.81884214055348e-07	21992013
983917	132	6.00217906382649e-06	21992013
984262	12	5.45652642166045e-07	21992013
984892	17	7.7300790973523e-07	21992013
985002	107	4.86540272598056e-06	21992013
985006	8	3.63768428110696e-07	21992013
985665	10	4.5471053513837e-07	21992013
990288	9	4.09239481624533e-07	21992013
990315	13	5.91123695679882e-07	21992013
990316	14	6.36594749193719e-07	21992013
990317	91	4.13786586975917e-06	21992013
991791	2	9.09421070276741e-08	21992013
991905	15	6.82065802707556e-07	21992013
992406	4	1.81884214055348e-07	21992013
994476	12	5.45652642166045e-07	21992013
994484	37	1.68242898001197e-06	21992013
996285	18	8.18478963249067e-07	21992013
996634	4	1.81884214055348e-07	21992013
997761	1	4.5471053513837e-08	21992013
998088	33	1.50054476595662e-06	21992013
998820	28	1.27318949838744e-06	21992013
999378	102	4.63804745841138e-06	21992013
999541	19	8.63950016762904e-07	21992013
999552	10	4.5471053513837e-07	21992013
1001583	12	5.45652642166045e-07	21992013
1001585	26	1.18224739135976e-06	21992013
1002672	1	4.5471053513837e-08	21992013
1002804	2	9.09421070276741e-08	21992013
1002809	17	7.7300790973523e-07	21992013
1003195	69	3.13750269245476e-06	21992013
1004951	1	4.5471053513837e-08	21992013
1004952	28	1.27318949838744e-06	21992013
1005041	126	5.72935274274347e-06	21992013
1005042	124	5.63841063571579e-06	21992013
1005048	67	3.04656058542708e-06	21992013
1005058	5	2.27355267569185e-07	21992013
1006543	5	2.27355267569185e-07	21992013
1006551	43	1.95525530109499e-06	21992013
1007064	7	3.18297374596859e-07	21992013
1007105	11	5.00181588652208e-07	21992013
1008459	2	9.09421070276741e-08	21992013
1009464	22	1.00036317730442e-06	21992013
1009846	6	2.72826321083022e-07	21992013
1016998	20	9.09421070276741e-07	21992013
1017264	6	2.72826321083022e-07	21992013
1028307	95	4.31975008381452e-06	21992013
1028799	5	2.27355267569185e-07	21992013
1029756	5	2.27355267569185e-07	21992013
1030843	25	1.13677633784593e-06	21992013
1031709	17	7.7300790973523e-07	21992013
1031710	9	4.09239481624533e-07	21992013
1031711	19	8.63950016762904e-07	21992013
1032480	19	8.63950016762904e-07	21992013
1033813	7	3.18297374596859e-07	21992013
1033837	6	2.72826321083022e-07	21992013
1034807	128	5.82029484977114e-06	21992013
1034809	8	3.63768428110696e-07	21992013
1035817	71	3.22844479948243e-06	21992013
1036172	22	1.00036317730442e-06	21992013
1036672	9	4.09239481624533e-07	21992013
1036673	12	5.45652642166045e-07	21992013
1036743	20	9.09421070276741e-07	21992013
1037409	22	1.00036317730442e-06	21992013
1037911	162	7.3663106692416e-06	21992013
1041826	75	3.41032901353778e-06	21992013
1042156	1375	6.25226985815259e-05	21992013
1042876	24	1.09130528433209e-06	21992013
1042877	3	1.36413160541511e-07	21992013
1042878	17	7.7300790973523e-07	21992013
1045854	19	8.63950016762904e-07	21992013
1045855	15	6.82065802707556e-07	21992013
1045856	4	1.81884214055348e-07	21992013
1045858	1	4.5471053513837e-08	21992013
1046624	42	1.90978424758116e-06	21992013
1046629	2875	0.000130729278852282	21992013
1046632	1	4.5471053513837e-08	21992013
1048260	1	4.5471053513837e-08	21992013
1048332	2779	0.000126364057714953	21992013
1048689	1	4.5471053513837e-08	21992013
1048834	2	9.09421070276741e-08	21992013
1049565	1144	5.20188852198296e-05	21992013
1051072	5	2.27355267569185e-07	21992013
1051074	210	9.54892123790578e-06	21992013
1052585	2	9.09421070276741e-08	21992013
1052684	3	1.36413160541511e-07	21992013
1054460	106	4.81993167246673e-06	21992013
1064535	43	1.95525530109499e-06	21992013
1064539	15	6.82065802707556e-07	21992013
1064551	2	9.09421070276741e-08	21992013
1064592	3	1.36413160541511e-07	21992013
1069533	95	4.31975008381452e-06	21992013
1069534	24	1.09130528433209e-06	21992013
1069642	1	4.5471053513837e-08	21992013
1071378	3	1.36413160541511e-07	21992013
1071381	3	1.36413160541511e-07	21992013
1071382	1	4.5471053513837e-08	21992013
1071400	5	2.27355267569185e-07	21992013
1072459	2	9.09421070276741e-08	21992013
1074252	3	1.36413160541511e-07	21992013
1074485	1	4.5471053513837e-08	21992013
1074889	1	4.5471053513837e-08	21992013
1074919	69	3.13750269245476e-06	21992013
1075089	8	3.63768428110696e-07	21992013
1076934	78	3.54674217407929e-06	21992013
1081093	1	4.5471053513837e-08	21992013
1082931	6	2.72826321083022e-07	21992013
1087448	8	3.63768428110696e-07	21992013
1087451	4	1.81884214055348e-07	21992013
1087452	9	4.09239481624533e-07	21992013
1088720	1839	8.36212674119463e-05	21992013
1089456	25	1.13677633784593e-06	21992013
1089553	10	4.5471053513837e-07	21992013
1090974	22	1.00036317730442e-06	21992013
1091041	5	2.27355267569185e-07	21992013
1091045	115	5.22917115409126e-06	21992013
1091494	4	1.81884214055348e-07	21992013
1091495	2	9.09421070276741e-08	21992013
1091497	2	9.09421070276741e-08	21992013
1093141	15	6.82065802707556e-07	21992013
1093787	5	2.27355267569185e-07	21992013
1094466	57	2.59185005028871e-06	21992013
1094497	1	4.5471053513837e-08	21992013
1095774	3	1.36413160541511e-07	21992013
1096995	1	4.5471053513837e-08	21992013
1096996	24	1.09130528433209e-06	21992013
1096997	1	4.5471053513837e-08	21992013
1097668	14	6.36594749193719e-07	21992013
1097677	30	1.36413160541511e-06	21992013
1100841	1	4.5471053513837e-08	21992013
1104320	1	4.5471053513837e-08	21992013
1104321	1	4.5471053513837e-08	21992013
1104322	215	9.77627650547496e-06	21992013
1104325	26	1.18224739135976e-06	21992013
1104326	15	6.82065802707556e-07	21992013
1107880	29	1.31866055190127e-06	21992013
1110502	6	2.72826321083022e-07	21992013
1110509	2	9.09421070276741e-08	21992013
1111068	6	2.72826321083022e-07	21992013
1111069	75	3.41032901353778e-06	21992013
1111678	97	4.41069219084219e-06	21992013
1112204	45	2.04619740812267e-06	21992013
1114958	5	2.27355267569185e-07	21992013
1114965	6586	0.000299472358442131	21992013
1114966	8	3.63768428110696e-07	21992013
1114967	40	1.81884214055348e-06	21992013
1114969	282	1.2822837090902e-05	21992013
1114970	44	2.00072635460883e-06	21992013
1116211	1	4.5471053513837e-08	21992013
1116231	97	4.41069219084219e-06	21992013
1116375	1	4.5471053513837e-08	21992013
1116391	11	5.00181588652208e-07	21992013
1117647	4	1.81884214055348e-07	21992013
1117943	14	6.36594749193719e-07	21992013
1118959	15	6.82065802707556e-07	21992013
1118963	22	1.00036317730442e-06	21992013
1120755	3	1.36413160541511e-07	21992013
1121335	61	2.77373426434406e-06	21992013
1121353	53	2.40996583623336e-06	21992013
1121362	742	3.37395217072671e-05	21992013
1121448	14	6.36594749193719e-07	21992013
1121451	2	9.09421070276741e-08	21992013
1123519	13	5.91123695679882e-07	21992013
1123523	12	5.45652642166045e-07	21992013
1123863	3	1.36413160541511e-07	21992013
1124983	36	1.63695792649813e-06	21992013
1124991	3	1.36413160541511e-07	21992013
1125630	2444	0.000111131254787818	21992013
1127134	105	4.77446061895289e-06	21992013
1128398	24	1.09130528433209e-06	21992013
1130804	7	3.18297374596859e-07	21992013
1131462	5	2.27355267569185e-07	21992013
1133568	1	4.5471053513837e-08	21992013
1133849	71	3.22844479948243e-06	21992013
1133850	51	2.31902372920569e-06	21992013
1133852	6	2.72826321083022e-07	21992013
1133853	11	5.00181588652208e-07	21992013
1134454	125	5.68388168922963e-06	21992013
1134782	2	9.09421070276741e-08	21992013
1136179	2239	0.000101809688817481	21992013
1137651	4	1.81884214055348e-07	21992013
1138308	1	4.5471053513837e-08	21992013
1138382	13	5.91123695679882e-07	21992013
1138383	32	1.45507371244279e-06	21992013
1138871	6	2.72826321083022e-07	21992013
1142394	4	1.81884214055348e-07	21992013
1144275	15	6.82065802707556e-07	21992013
1146883	48	2.18261056866418e-06	21992013
1147128	6	2.72826321083022e-07	21992013
1147129	22	1.00036317730442e-06	21992013
1150469	7	3.18297374596859e-07	21992013
1151116	2	9.09421070276741e-08	21992013
1155071	9	4.09239481624533e-07	21992013
1155084	26	1.18224739135976e-06	21992013
1155766	167	7.59366593681079e-06	21992013
1156431	677	3.07839032288677e-05	21992013
1156433	758	3.44670585634885e-05	21992013
1156913	24	1.09130528433209e-06	21992013
1157951	1	4.5471053513837e-08	21992013
1161911	1	4.5471053513837e-08	21992013
1161918	1	4.5471053513837e-08	21992013
1162668	2	9.09421070276741e-08	21992013
1163399	23	1.04583423081825e-06	21992013
1163617	14	6.36594749193719e-07	21992013
1163748	7	3.18297374596859e-07	21992013
1166016	4	1.81884214055348e-07	21992013
1166018	13	5.91123695679882e-07	21992013
1166130	7	3.18297374596859e-07	21992013
1167006	5	2.27355267569185e-07	21992013
1167629	1	4.5471053513837e-08	21992013
1167634	45	2.04619740812267e-06	21992013
1168287	6	2.72826321083022e-07	21992013
1170318	20	9.09421070276741e-07	21992013
1170562	1	4.5471053513837e-08	21992013
1171373	249	1.13222923249454e-05	21992013
1171376	1	4.5471053513837e-08	21992013
1171377	1	4.5471053513837e-08	21992013
1172562	1	4.5471053513837e-08	21992013
1173020	27	1.2277184448736e-06	21992013
1173022	2	9.09421070276741e-08	21992013
1173025	3	1.36413160541511e-07	21992013
1173026	3	1.36413160541511e-07	21992013
1173027	3	1.36413160541511e-07	21992013
1173263	2	9.09421070276741e-08	21992013
1173427	4	1.81884214055348e-07	21992013
1179773	82	3.72862638813464e-06	21992013
1183438	4	1.81884214055348e-07	21992013
1184267	7	3.18297374596859e-07	21992013
1185652	7	3.18297374596859e-07	21992013
1186051	1	4.5471053513837e-08	21992013
1187956	191	8.68497122114288e-06	21992013
1191061	161	7.32083961572776e-06	21992013
1191523	3	1.36413160541511e-07	21992013
1192196	3	1.36413160541511e-07	21992013
1193292	7672	0.000348853922558158	21992013
1193576	47	2.13713951515034e-06	21992013
1194085	2	9.09421070276741e-08	21992013
1194526	177	8.04837647194916e-06	21992013
1195464	2	9.09421070276741e-08	21992013
1196325	18	8.18478963249067e-07	21992013
1196835	12	5.45652642166045e-07	21992013
1198114	3	1.36413160541511e-07	21992013
1198627	29	1.31866055190127e-06	21992013
1198676	6	2.72826321083022e-07	21992013
1199187	37	1.68242898001197e-06	21992013
1200352	1138	5.17460588987466e-05	21992013
1201010	6	2.72826321083022e-07	21992013
1201294	1	4.5471053513837e-08	21992013
1203460	19	8.63950016762904e-07	21992013
1203670	4	1.81884214055348e-07	21992013
1204414	72	3.27391585299627e-06	21992013
1205674	9	4.09239481624533e-07	21992013
1205677	2	9.09421070276741e-08	21992013
1205910	25	1.13677633784593e-06	21992013
1206105	1795	8.16205410573375e-05	21992013
1206745	1	4.5471053513837e-08	21992013
1207075	54	2.4554368897472e-06	21992013
1207470	3	1.36413160541511e-07	21992013
1208658	7	3.18297374596859e-07	21992013
1208660	5	2.27355267569185e-07	21992013
1208918	1	4.5471053513837e-08	21992013
1208920	4	1.81884214055348e-07	21992013
1208923	5	2.27355267569185e-07	21992013
1209989	3	1.36413160541511e-07	21992013
1211025	13	5.91123695679882e-07	21992013
1211579	21	9.54892123790578e-07	21992013
1211705	1	4.5471053513837e-08	21992013
1212765	2	9.09421070276741e-08	21992013
1214101	35	1.5914868729843e-06	21992013
1214242	29	1.31866055190127e-06	21992013
1215088	22	1.00036317730442e-06	21992013
1215343	1	4.5471053513837e-08	21992013
1215914	20	9.09421070276741e-07	21992013
1216976	31	1.40960265892895e-06	21992013
1217984	1	4.5471053513837e-08	21992013
1218175	3	1.36413160541511e-07	21992013
1218933	3	1.36413160541511e-07	21992013
1224163	441	2.00527345996021e-05	21992013
1228997	7	3.18297374596859e-07	21992013
1229205	5	2.27355267569185e-07	21992013
1229492	5	2.27355267569185e-07	21992013
1229512	4	1.81884214055348e-07	21992013
1229758	4	1.81884214055348e-07	21992013
1229908	5	2.27355267569185e-07	21992013
1229909	3	1.36413160541511e-07	21992013
1230587	2	9.09421070276741e-08	21992013
1231072	142	6.45688959896486e-06	21992013
1231389	3	1.36413160541511e-07	21992013
1232381	130	5.91123695679882e-06	21992013
1232383	27	1.2277184448736e-06	21992013
1232724	7	3.18297374596859e-07	21992013
1233873	4	1.81884214055348e-07	21992013
1234367	1	4.5471053513837e-08	21992013
1234378	22	1.00036317730442e-06	21992013
1234380	3	1.36413160541511e-07	21992013
1234603	1	4.5471053513837e-08	21992013
1234679	62	2.8192053178579e-06	21992013
1235990	3	1.36413160541511e-07	21992013
1236903	3	1.36413160541511e-07	21992013
1244085	664	3.01927795331878e-05	21992013
1244528	10	4.5471053513837e-07	21992013
1245469	18	8.18478963249067e-07	21992013
1245471	66	3.00108953191324e-06	21992013
1246301	115	5.22917115409126e-06	21992013
1246365	18	8.18478963249067e-07	21992013
1246995	26	1.18224739135976e-06	21992013
1247189	3	1.36413160541511e-07	21992013
1249480	2	9.09421070276741e-08	21992013
1249526	1	4.5471053513837e-08	21992013
1249531	3	1.36413160541511e-07	21992013
1249634	6	2.72826321083022e-07	21992013
1249661	5	2.27355267569185e-07	21992013
1254432	10	4.5471053513837e-07	21992013
1254439	81	3.6831553346208e-06	21992013
1255043	6	2.72826321083022e-07	21992013
1257118	7	3.18297374596859e-07	21992013
1260251	2	9.09421070276741e-08	21992013
1260292	1	4.5471053513837e-08	21992013
1261557	1348	6.12949801366523e-05	21992013
1262456	21	9.54892123790578e-07	21992013
1265601	13	5.91123695679882e-07	21992013
1266738	70	3.18297374596859e-06	21992013
1266845	12	5.45652642166045e-07	21992013
1267577	4	1.81884214055348e-07	21992013
1267753	6	2.72826321083022e-07	21992013
1267754	154727	0.00703559969703546	21992013
1271752	1	4.5471053513837e-08	21992013
1271863	15	6.82065802707556e-07	21992013
1273173	13	5.91123695679882e-07	21992013
1274814	1	4.5471053513837e-08	21992013
1276220	3	1.36413160541511e-07	21992013
1276221	2	9.09421070276741e-08	21992013
1276227	4	1.81884214055348e-07	21992013
1276229	3	1.36413160541511e-07	21992013
1276282	102	4.63804745841138e-06	21992013
1276647	6	2.72826321083022e-07	21992013
1278073	11	5.00181588652208e-07	21992013
1280938	4	1.81884214055348e-07	21992013
1282356	74	3.36485796002394e-06	21992013
1283331	8	3.63768428110696e-07	21992013
1284663	6	2.72826321083022e-07	21992013
1286170	30	1.36413160541511e-06	21992013
1288122	4	1.81884214055348e-07	21992013
1288394	31	1.40960265892895e-06	21992013
1291379	2	9.09421070276741e-08	21992013
1294143	20	9.09421070276741e-07	21992013
1295009	80	3.63768428110696e-06	21992013
1295826	14	6.36594749193719e-07	21992013
1298593	1	4.5471053513837e-08	21992013
1298917	1	4.5471053513837e-08	21992013
1300150	18	8.18478963249067e-07	21992013
1300254	1	4.5471053513837e-08	21992013
1302863	147	6.68424486653405e-06	21992013
1303024	9	4.09239481624533e-07	21992013
1303518	2	9.09421070276741e-08	21992013
1303692	21	9.54892123790578e-07	21992013
1304892	1	4.5471053513837e-08	21992013
1305598	7	3.18297374596859e-07	21992013
1305849	123	5.59293958220196e-06	21992013
1309806	10	4.5471053513837e-07	21992013
1309807	1	4.5471053513837e-08	21992013
1310161	18	8.18478963249067e-07	21992013
1313172	8	3.63768428110696e-07	21992013
1314884	1	4.5471053513837e-08	21992013
1316933	38	1.72790003352581e-06	21992013
1318615	737	3.35121664396979e-05	21992013
1318633	13	5.91123695679882e-07	21992013
1318634	61	2.77373426434406e-06	21992013
1318635	156	7.09348434815858e-06	21992013
1321369	3	1.36413160541511e-07	21992013
1323661	5	2.27355267569185e-07	21992013
1327988	4	1.81884214055348e-07	21992013
1328306	6	2.72826321083022e-07	21992013
1331671	21	9.54892123790578e-07	21992013
1332188	9	4.09239481624533e-07	21992013
1333523	1	4.5471053513837e-08	21992013
1335307	5	2.27355267569185e-07	21992013
1335757	4	1.81884214055348e-07	21992013
1336746	1	4.5471053513837e-08	21992013
1338032	1	4.5471053513837e-08	21992013
1340495	11	5.00181588652208e-07	21992013
1340847	30	1.36413160541511e-06	21992013
1340851	1	4.5471053513837e-08	21992013
1341692	1	4.5471053513837e-08	21992013
1343740	25	1.13677633784593e-06	21992013
1345695	15	6.82065802707556e-07	21992013
1345697	1	4.5471053513837e-08	21992013
1346614	7	3.18297374596859e-07	21992013
1348662	238	1.08221107362932e-05	21992013
1355100	1	4.5471053513837e-08	21992013
1358027	7	3.18297374596859e-07	21992013
1358410	1	4.5471053513837e-08	21992013
1367477	33	1.50054476595662e-06	21992013
1367491	5	2.27355267569185e-07	21992013
1367847	8	3.63768428110696e-07	21992013
1379702	12	5.45652642166045e-07	21992013
1380774	16	7.27536856221393e-07	21992013
1380908	7663	0.000348444683076533	21992013
1382700	1	4.5471053513837e-08	21992013
1383068	6	2.72826321083022e-07	21992013
1384484	173	7.86649225789381e-06	21992013
1389489	22	1.00036317730442e-06	21992013
1392476	2	9.09421070276741e-08	21992013
1394709	2	9.09421070276741e-08	21992013
1394711	7	3.18297374596859e-07	21992013
1394889	3	1.36413160541511e-07	21992013
1399115	6	2.72826321083022e-07	21992013
1399116	81	3.6831553346208e-06	21992013
1400867	7	3.18297374596859e-07	21992013
1401659	32	1.45507371244279e-06	21992013
1406863	1	4.5471053513837e-08	21992013
1406864	3	1.36413160541511e-07	21992013
1408179	2	9.09421070276741e-08	21992013
1408206	5	2.27355267569185e-07	21992013
1415629	4	1.81884214055348e-07	21992013
1415630	203	9.23062386330892e-06	21992013
1416914	17	7.7300790973523e-07	21992013
1417673	1	4.5471053513837e-08	21992013
1423144	1	4.5471053513837e-08	21992013
1423891	1	4.5471053513837e-08	21992013
1427342	4	1.81884214055348e-07	21992013
1429244	5	2.27355267569185e-07	21992013
1430440	5	2.27355267569185e-07	21992013
1435044	6	2.72826321083022e-07	21992013
1435058	1	4.5471053513837e-08	21992013
1435356	82	3.72862638813464e-06	21992013
1436140	27	1.2277184448736e-06	21992013
