Tax.ID	Frequency	Proportion	Total
394	1	4.51124963554742e-08	22166807
1148	2	9.02249927109484e-08	22166807
2771	2	9.02249927109484e-08	22166807
2787	1	4.51124963554742e-08	22166807
5786	2	9.02249927109484e-08	22166807
5823	2	9.02249927109484e-08	22166807
5911	1	4.51124963554742e-08	22166807
10629	90	4.06012467199268e-06	22166807
10632	1	4.51124963554742e-08	22166807
10679	919	4.14583841506808e-05	22166807
10680	455	2.05261858417408e-05	22166807
10710	5	2.25562481777371e-07	22166807
10742	16	7.21799941687587e-07	22166807
10868	4	1.80449985421897e-07	22166807
13035	2	9.02249927109484e-08	22166807
28173	5	2.25562481777371e-07	22166807
31271	1492	6.73078445623675e-05	22166807
32049	6	2.70674978132845e-07	22166807
36870	6	2.70674978132845e-07	22166807
40041	2	9.02249927109484e-08	22166807
45406	42	1.89472484692992e-06	22166807
60480	11	4.96237459910216e-07	22166807
60481	5804	0.000261832928847172	22166807
62928	6	2.70674978132845e-07	22166807
62977	3	1.35337489066423e-07	22166807
64471	1	4.51124963554742e-08	22166807
65093	2	9.02249927109484e-08	22166807
67593	1	4.51124963554742e-08	22166807
69328	2	9.02249927109484e-08	22166807
74547	1	4.51124963554742e-08	22166807
75379	3	1.35337489066423e-07	22166807
76869	1	4.51124963554742e-08	22166807
83406	4	1.80449985421897e-07	22166807
85569	1	4.51124963554742e-08	22166807
85643	7	3.15787474488319e-07	22166807
85962	9	4.06012467199268e-07	22166807
91891	3	1.35337489066423e-07	22166807
94122	2466	0.000111247416012599	22166807
96563	3	1.35337489066423e-07	22166807
99287	852	3.8435846894864e-05	22166807
100226	2	9.02249927109484e-08	22166807
100901	1	4.51124963554742e-08	22166807
101510	4	1.80449985421897e-07	22166807
103807	73	3.29321223394962e-06	22166807
105559	2	9.02249927109484e-08	22166807
107806	15	6.76687445332113e-07	22166807
114615	2	9.02249927109484e-08	22166807
122587	2	9.02249927109484e-08	22166807
129861	1	4.51124963554742e-08	22166807
134287	8	3.60899970843794e-07	22166807
134676	1	4.51124963554742e-08	22166807
150340	10	4.51124963554742e-07	22166807
155864	64016	0.00288792156669204	22166807
156889	7	3.15787474488319e-07	22166807
158189	4	1.80449985421897e-07	22166807
158878	1	4.51124963554742e-08	22166807
159087	1	4.51124963554742e-08	22166807
160490	1	4.51124963554742e-08	22166807
160491	5	2.25562481777371e-07	22166807
164328	1	4.51124963554742e-08	22166807
164756	76	3.42854972301604e-06	22166807
167879	3	1.35337489066423e-07	22166807
170187	1	4.51124963554742e-08	22166807
171101	11	4.96237459910216e-07	22166807
176279	29	1.30826239430875e-06	22166807
176280	29	1.30826239430875e-06	22166807
180816	60	2.70674978132845e-06	22166807
187272	83	3.74433719750436e-06	22166807
187410	125	5.63906204443428e-06	22166807
189423	1	4.51124963554742e-08	22166807
189918	3	1.35337489066423e-07	22166807
190304	4	1.80449985421897e-07	22166807
190485	28	1.26314989795328e-06	22166807
190486	1	4.51124963554742e-08	22166807
190650	1	4.51124963554742e-08	22166807
193567	1	4.51124963554742e-08	22166807
194439	1	4.51124963554742e-08	22166807
195103	75	3.38343722666057e-06	22166807
196164	1	4.51124963554742e-08	22166807
196242	28	1.26314989795328e-06	22166807
196600	2	9.02249927109484e-08	22166807
198214	11373	0.000513064421050808	22166807
198215	49221	0.0022204821831128	22166807
198466	1	4.51124963554742e-08	22166807
198628	105	4.73681211732479e-06	22166807
198804	1	4.51124963554742e-08	22166807
199310	93741	0.00422889052085851	22166807
203119	3	1.35337489066423e-07	22166807
203123	2	9.02249927109484e-08	22166807
203124	5	2.25562481777371e-07	22166807
203275	4	1.80449985421897e-07	22166807
203907	6	2.70674978132845e-07	22166807
204536	3	1.35337489066423e-07	22166807
204773	5	2.25562481777371e-07	22166807
205914	2269	0.000102360254230571	22166807
205918	3	1.35337489066423e-07	22166807
205921	1	4.51124963554742e-08	22166807
205922	8	3.60899970843794e-07	22166807
208963	260	1.17292490524233e-05	22166807
208964	29	1.30826239430875e-06	22166807
209261	2521	0.00011372860331215	22166807
211586	1	4.51124963554742e-08	22166807
212717	1	4.51124963554742e-08	22166807
214092	6665	0.000300674788209236	22166807
215158	63	2.84208727039487e-06	22166807
215689	77	3.47366221937151e-06	22166807
216389	1	4.51124963554742e-08	22166807
216432	1	4.51124963554742e-08	22166807
216592	23359	0.00105378280236752	22166807
216595	12	5.4134995626569e-07	22166807
216596	36	1.62404986879707e-06	22166807
216597	59	2.66163728497298e-06	22166807
216599	40868	0.00184365750105552	22166807
216895	8	3.60899970843794e-07	22166807
218491	46	2.07517483235181e-06	22166807
218493	185	8.34581182576273e-06	22166807
218495	2	9.02249927109484e-08	22166807
220341	16110	0.000726762316286689	22166807
221724	1	4.51124963554742e-08	22166807
221988	8	3.60899970843794e-07	22166807
223283	6	2.70674978132845e-07	22166807
223926	4	1.80449985421897e-07	22166807
224911	2	9.02249927109484e-08	22166807
224914	1	4.51124963554742e-08	22166807
224915	7	3.15787474488319e-07	22166807
225937	4	1.80449985421897e-07	22166807
226185	1	4.51124963554742e-08	22166807
226186	1	4.51124963554742e-08	22166807
227086	2	9.02249927109484e-08	22166807
227882	4	1.80449985421897e-07	22166807
227940	5556	0.000250645029751015	22166807
227941	1	4.51124963554742e-08	22166807
228400	11	4.96237459910216e-07	22166807
228405	1	4.51124963554742e-08	22166807
228410	1	4.51124963554742e-08	22166807
232721	40	1.80449985421897e-06	22166807
233412	19	8.5713743075401e-07	22166807
234621	9	4.06012467199268e-07	22166807
234831	8	3.60899970843794e-07	22166807
235279	1	4.51124963554742e-08	22166807
242231	1	4.51124963554742e-08	22166807
242619	2	9.02249927109484e-08	22166807
243159	1	4.51124963554742e-08	22166807
243164	1	4.51124963554742e-08	22166807
243230	3	1.35337489066423e-07	22166807
243243	3	1.35337489066423e-07	22166807
243265	23	1.03758741617591e-06	22166807
243277	13	5.86462452621165e-07	22166807
243365	1	4.51124963554742e-08	22166807
245014	1	4.51124963554742e-08	22166807
246194	1	4.51124963554742e-08	22166807
246195	7	3.15787474488319e-07	22166807
246196	2	9.02249927109484e-08	22166807
246197	5	2.25562481777371e-07	22166807
246198	12	5.4134995626569e-07	22166807
247156	1	4.51124963554742e-08	22166807
258594	2	9.02249927109484e-08	22166807
259536	1	4.51124963554742e-08	22166807
261317	3	1.35337489066423e-07	22166807
262727	3	1.35337489066423e-07	22166807
263358	1	4.51124963554742e-08	22166807
264198	1	4.51124963554742e-08	22166807
264199	1	4.51124963554742e-08	22166807
264203	1	4.51124963554742e-08	22166807
264462	1	4.51124963554742e-08	22166807
264730	1	4.51124963554742e-08	22166807
264731	4	1.80449985421897e-07	22166807
265072	4	1.80449985421897e-07	22166807
266117	10	4.51124963554742e-07	22166807
266264	3	1.35337489066423e-07	22166807
266265	1	4.51124963554742e-08	22166807
266779	294	1.32630739285094e-05	22166807
267608	2	9.02249927109484e-08	22166807
267747	3	1.35337489066423e-07	22166807
269482	17	7.66912438043061e-07	22166807
269798	34	1.53382487608612e-06	22166807
269799	3	1.35337489066423e-07	22166807
272561	2	9.02249927109484e-08	22166807
272562	5	2.25562481777371e-07	22166807
272563	8	3.60899970843794e-07	22166807
272564	1	4.51124963554742e-08	22166807
272620	14544	0.000656116146994017	22166807
272622	8	3.60899970843794e-07	22166807
272630	1	4.51124963554742e-08	22166807
272631	1	4.51124963554742e-08	22166807
272831	17	7.66912438043061e-07	22166807
272843	16	7.21799941687587e-07	22166807
273119	2	9.02249927109484e-08	22166807
273123	17	7.66912438043061e-07	22166807
278197	10	4.51124963554742e-07	22166807
279808	36	1.62404986879707e-06	22166807
280699	1	4.51124963554742e-08	22166807
288000	5	2.25562481777371e-07	22166807
288705	1	4.51124963554742e-08	22166807
290318	2	9.02249927109484e-08	22166807
290338	18081	0.000815679046603329	22166807
290339	4378	0.000197502509044266	22166807
290340	3	1.35337489066423e-07	22166807
290398	1	4.51124963554742e-08	22166807
290399	2	9.02249927109484e-08	22166807
290402	3	1.35337489066423e-07	22166807
290633	1	4.51124963554742e-08	22166807
291112	264	1.19096990378452e-05	22166807
291272	2	9.02249927109484e-08	22166807
292793	1	4.51124963554742e-08	22166807
292794	1	4.51124963554742e-08	22166807
293826	1022	4.61049712752946e-05	22166807
295319	27	1.2180374015978e-06	22166807
295405	11	4.96237459910216e-07	22166807
296543	2	9.02249927109484e-08	22166807
296591	2	9.02249927109484e-08	22166807
298386	6	2.70674978132845e-07	22166807
300267	51368	0.002317338712788	22166807
300268	16933	0.000763889900787245	22166807
300269	22005	0.00099270048230221	22166807
306537	2	9.02249927109484e-08	22166807
309803	1	4.51124963554742e-08	22166807
312153	1	4.51124963554742e-08	22166807
312309	13	5.86462452621165e-07	22166807
313598	1	4.51124963554742e-08	22166807
313603	1	4.51124963554742e-08	22166807
314282	5	2.25562481777371e-07	22166807
314565	25	1.12781240888686e-06	22166807
315749	1	4.51124963554742e-08	22166807
316055	5	2.25562481777371e-07	22166807
316057	1	4.51124963554742e-08	22166807
316273	3	1.35337489066423e-07	22166807
316275	11	4.96237459910216e-07	22166807
316385	79012	0.00356442856203873	22166807
316401	16469	0.000742957702478305	22166807
316407	4515	0.000203682921044966	22166807
317025	68	3.06764975217225e-06	22166807
317655	6	2.70674978132845e-07	22166807
317936	1	4.51124963554742e-08	22166807
318161	5	2.25562481777371e-07	22166807
318167	35	1.5789373724416e-06	22166807
318586	2	9.02249927109484e-08	22166807
319224	16	7.21799941687587e-07	22166807
319701	2	9.02249927109484e-08	22166807
319795	12	5.4134995626569e-07	22166807
320388	5	2.25562481777371e-07	22166807
321314	379	1.70976361187247e-05	22166807
322159	4	1.80449985421897e-07	22166807
323097	1	4.51124963554742e-08	22166807
323261	1	4.51124963554742e-08	22166807
323850	18	8.12024934398536e-07	22166807
324602	3	1.35337489066423e-07	22166807
325240	6	2.70674978132845e-07	22166807
326297	28	1.26314989795328e-06	22166807
326423	2	9.02249927109484e-08	22166807
326424	18	8.12024934398536e-07	22166807
326427	3	1.35337489066423e-07	22166807
326442	3	1.35337489066423e-07	22166807
331111	193778	0.00874180931877108	22166807
331112	72277	0.00326059589908461	22166807
331271	20	9.02249927109484e-07	22166807
331272	4	1.80449985421897e-07	22166807
331636	1	4.51124963554742e-08	22166807
334380	1	4.51124963554742e-08	22166807
334406	2	9.02249927109484e-08	22166807
334413	16	7.21799941687587e-07	22166807
335283	23	1.03758741617591e-06	22166807
335284	1	4.51124963554742e-08	22166807
335541	1	4.51124963554742e-08	22166807
337191	1	4.51124963554742e-08	22166807
338187	28	1.26314989795328e-06	22166807
338966	6	2.70674978132845e-07	22166807
338969	2	9.02249927109484e-08	22166807
339670	95	4.28568715377005e-06	22166807
339671	16	7.21799941687587e-07	22166807
340100	3	1.35337489066423e-07	22166807
340322	3	1.35337489066423e-07	22166807
342108	2	9.02249927109484e-08	22166807
342451	1	4.51124963554742e-08	22166807
342610	390	1.75938735786349e-05	22166807
343509	22	9.92474919820433e-07	22166807
343516	11517	0.000519560620525996	22166807
344609	256452	0.0115691899153541	22166807
345073	66	2.9774247594613e-06	22166807
347253	1	4.51124963554742e-08	22166807
347324	1	4.51124963554742e-08	22166807
349101	2	9.02249927109484e-08	22166807
349102	1	4.51124963554742e-08	22166807
349106	7	3.15787474488319e-07	22166807
349124	3	1.35337489066423e-07	22166807
349163	4	1.80449985421897e-07	22166807
349521	14	6.31574948976639e-07	22166807
349746	354	1.59698237098379e-05	22166807
349747	169	7.62401188407514e-06	22166807
351348	33	1.48871237973065e-06	22166807
351745	24	1.08269991253138e-06	22166807
351746	16	7.21799941687587e-07	22166807
352914	4	1.80449985421897e-07	22166807
353151	173	7.80446186949704e-06	22166807
355276	2	9.02249927109484e-08	22166807
355277	2	9.02249927109484e-08	22166807
357244	1	4.51124963554742e-08	22166807
357544	7	3.15787474488319e-07	22166807
357804	21	9.47362423464958e-07	22166807
357809	1	4.51124963554742e-08	22166807
358220	8	3.60899970843794e-07	22166807
358681	1	4.51124963554742e-08	22166807
359786	2	9.02249927109484e-08	22166807
359787	1	4.51124963554742e-08	22166807
360094	3	1.35337489066423e-07	22166807
360095	2	9.02249927109484e-08	22166807
360102	27898	0.00125854842332502	22166807
360104	5	2.25562481777371e-07	22166807
360105	4	1.80449985421897e-07	22166807
360106	6	2.70674978132845e-07	22166807
360107	23	1.03758741617591e-06	22166807
360109	3	1.35337489066423e-07	22166807
360115	2	9.02249927109484e-08	22166807
360910	10	4.51124963554742e-07	22166807
360911	1	4.51124963554742e-08	22166807
362242	1	4.51124963554742e-08	22166807
362663	1733077	0.0781834298462562	22166807
364106	4805	0.000216765544988054	22166807
365044	7	3.15787474488319e-07	22166807
365046	2	9.02249927109484e-08	22166807
365659	13	5.86462452621165e-07	22166807
366602	1	4.51124963554742e-08	22166807
370354	2635	0.000118871427896675	22166807
370438	2	9.02249927109484e-08	22166807
370554	6	2.70674978132845e-07	22166807
372461	80	3.60899970843794e-06	22166807
373153	12	5.4134995626569e-07	22166807
373384	788452	0.0355690379764663	22166807
374463	8	3.60899970843794e-07	22166807
374833	7	3.15787474488319e-07	22166807
374930	6	2.70674978132845e-07	22166807
374931	9	4.06012467199268e-07	22166807
375286	3	1.35337489066423e-07	22166807
375451	4	1.80449985421897e-07	22166807
376686	27	1.2180374015978e-06	22166807
377628	4591	0.000207111470767982	22166807
377629	3	1.35337489066423e-07	22166807
378753	1	4.51124963554742e-08	22166807
378806	1	4.51124963554742e-08	22166807
379066	1	4.51124963554742e-08	22166807
379329	479	2.16088857542721e-05	22166807
379731	9	4.06012467199268e-07	22166807
380394	1	4.51124963554742e-08	22166807
380703	265	1.19548115342007e-05	22166807
381666	11	4.96237459910216e-07	22166807
381754	381	1.71878611114357e-05	22166807
382245	8965	0.000404433529826826	22166807
382638	9	4.06012467199268e-07	22166807
384676	569	2.56690104262648e-05	22166807
386415	3	1.35337489066423e-07	22166807
386585	121221	0.00546858192070694	22166807
386656	1432	6.46010947810391e-05	22166807
387093	1	4.51124963554742e-08	22166807
387344	1	4.51124963554742e-08	22166807
387662	6	2.70674978132845e-07	22166807
387905	1	4.51124963554742e-08	22166807
388919	11	4.96237459910216e-07	22166807
390235	5	2.25562481777371e-07	22166807
390333	112	5.05259959181311e-06	22166807
390874	1	4.51124963554742e-08	22166807
391008	4	1.80449985421897e-07	22166807
391009	3	1.35337489066423e-07	22166807
391037	3	1.35337489066423e-07	22166807
391165	4	1.80449985421897e-07	22166807
391295	2	9.02249927109484e-08	22166807
391296	1	4.51124963554742e-08	22166807
391595	1	4.51124963554742e-08	22166807
391735	5	2.25562481777371e-07	22166807
391774	1	4.51124963554742e-08	22166807
392300	1	4.51124963554742e-08	22166807
392499	160	7.21799941687587e-06	22166807
393011	459	2.07066358271627e-05	22166807
393115	2	9.02249927109484e-08	22166807
393305	1554	7.01048193364069e-05	22166807
393595	21	9.47362423464958e-07	22166807
394221	5	2.25562481777371e-07	22166807
395019	2	9.02249927109484e-08	22166807
395492	2	9.02249927109484e-08	22166807
395494	1	4.51124963554742e-08	22166807
395960	1	4.51124963554742e-08	22166807
396588	2	9.02249927109484e-08	22166807
396595	1	4.51124963554742e-08	22166807
397945	8	3.60899970843794e-07	22166807
398527	3	1.35337489066423e-07	22166807
398578	5	2.25562481777371e-07	22166807
398579	4	1.80449985421897e-07	22166807
398580	1	4.51124963554742e-08	22166807
399185	1	4.51124963554742e-08	22166807
399599	2	9.02249927109484e-08	22166807
399739	5	2.25562481777371e-07	22166807
399741	173	7.80446186949704e-06	22166807
399742	2017	9.09919051489915e-05	22166807
400667	528	2.38193980756904e-05	22166807
400668	7	3.15787474488319e-07	22166807
400673	1	4.51124963554742e-08	22166807
401614	99	4.46613713919195e-06	22166807
402612	8	3.60899970843794e-07	22166807
402626	2	9.02249927109484e-08	22166807
402881	2	9.02249927109484e-08	22166807
402882	5	2.25562481777371e-07	22166807
404380	1	4.51124963554742e-08	22166807
404589	4	1.80449985421897e-07	22166807
405416	359	1.61953861916152e-05	22166807
405440	2	9.02249927109484e-08	22166807
405955	1405949	0.0634258691384826	22166807
406817	30	1.35337489066423e-06	22166807
406818	35	1.5789373724416e-06	22166807
407976	5	2.25562481777371e-07	22166807
409438	27894	0.0012583679733396	22166807
412022	4	1.80449985421897e-07	22166807
412133	155	6.9924369350985e-06	22166807
412694	2	9.02249927109484e-08	22166807
413404	3	1.35337489066423e-07	22166807
413949	1	4.51124963554742e-08	22166807
413997	8175	0.000368794657706002	22166807
414970	399	1.79998860458342e-05	22166807
416269	40	1.80449985421897e-06	22166807
420245	31	1.3984873870197e-06	22166807
420246	3	1.35337489066423e-07	22166807
420662	5	2.25562481777371e-07	22166807
423368	11268	0.000508327608933483	22166807
423536	1350	6.09018700798902e-05	22166807
424182	1	4.51124963554742e-08	22166807
425011	715	3.22554348941641e-05	22166807
425104	7	3.15787474488319e-07	22166807
426430	3	1.35337489066423e-07	22166807
428406	5	2.25562481777371e-07	22166807
431894	1	4.51124963554742e-08	22166807
431943	4	1.80449985421897e-07	22166807
431946	52773	0.00238072177016744	22166807
431947	1	4.51124963554742e-08	22166807
434271	6	2.70674978132845e-07	22166807
434922	6	2.70674978132845e-07	22166807
434923	2	9.02249927109484e-08	22166807
434924	2	9.02249927109484e-08	22166807
435590	1	4.51124963554742e-08	22166807
435591	1	4.51124963554742e-08	22166807
435998	48	2.16539982506276e-06	22166807
436114	6	2.70674978132845e-07	22166807
436717	4	1.80449985421897e-07	22166807
439235	2	9.02249927109484e-08	22166807
439375	2	9.02249927109484e-08	22166807
439843	5640	0.000254434479444874	22166807
439851	639	2.8826885171148e-05	22166807
439855	308311	0.0139086788638526	22166807
440085	3	1.35337489066423e-07	22166807
441620	2	9.02249927109484e-08	22166807
441768	220	9.92474919820432e-06	22166807
442563	2	9.02249927109484e-08	22166807
444177	1	4.51124963554742e-08	22166807
444450	18952	0.000854972030928947	22166807
447217	1	4.51124963554742e-08	22166807
448385	6	2.70674978132845e-07	22166807
450851	1	4.51124963554742e-08	22166807
452471	2	9.02249927109484e-08	22166807
452637	2	9.02249927109484e-08	22166807
452638	3	1.35337489066423e-07	22166807
452662	1	4.51124963554742e-08	22166807
452863	1	4.51124963554742e-08	22166807
454166	324	1.46164488191736e-05	22166807
454169	4627	0.000208735520636779	22166807
455632	1	4.51124963554742e-08	22166807
458233	2	9.02249927109484e-08	22166807
459349	2	9.02249927109484e-08	22166807
465515	5	2.25562481777371e-07	22166807
465817	122	5.50372455536785e-06	22166807
467705	5	2.25562481777371e-07	22166807
469008	1135	5.12026833634632e-05	22166807
469378	3	1.35337489066423e-07	22166807
469383	1	4.51124963554742e-08	22166807
469604	10	4.51124963554742e-07	22166807
469607	13	5.86462452621165e-07	22166807
471852	2	9.02249927109484e-08	22166807
472759	10	4.51124963554742e-07	22166807
476213	67	3.02253725581677e-06	22166807
479432	1	4.51124963554742e-08	22166807
479433	5	2.25562481777371e-07	22166807
479436	1	4.51124963554742e-08	22166807
480119	700	3.15787474488319e-05	22166807
481805	1176665	0.0530822955241141	22166807
481877	113	5.09771208816858e-06	22166807
483219	1	4.51124963554742e-08	22166807
484021	129	5.81951202985617e-06	22166807
485914	1	4.51124963554742e-08	22166807
485915	2	9.02249927109484e-08	22166807
487213	3	1.35337489066423e-07	22166807
487214	1	4.51124963554742e-08	22166807
488221	1	4.51124963554742e-08	22166807
488222	3	1.35337489066423e-07	22166807
489653	1	4.51124963554742e-08	22166807
489779	74	3.33832473030509e-06	22166807
490759	4	1.80449985421897e-07	22166807
491077	1	4.51124963554742e-08	22166807
491916	3	1.35337489066423e-07	22166807
493803	1	4.51124963554742e-08	22166807
497978	8	3.60899970843794e-07	22166807
498211	13	5.86462452621165e-07	22166807
498217	191	8.61648680389557e-06	22166807
498761	2	9.02249927109484e-08	22166807
502025	2	9.02249927109484e-08	22166807
502800	25	1.12781240888686e-06	22166807
502801	111	5.00748709545764e-06	22166807
504474	4	1.80449985421897e-07	22166807
504832	3	1.35337489066423e-07	22166807
507522	2307	0.000104074529092079	22166807
508765	1	4.51124963554742e-08	22166807
508767	1	4.51124963554742e-08	22166807
509169	40	1.80449985421897e-06	22166807
509170	2	9.02249927109484e-08	22166807
509173	1145	5.1653808327018e-05	22166807
510516	2	9.02249927109484e-08	22166807
511062	11	4.96237459910216e-07	22166807
511145	5	2.25562481777371e-07	22166807
512566	1	4.51124963554742e-08	22166807
515618	10	4.51124963554742e-07	22166807
515619	3	1.35337489066423e-07	22166807
516950	4	1.80449985421897e-07	22166807
518766	3	1.35337489066423e-07	22166807
519441	1	4.51124963554742e-08	22166807
521006	2	9.02249927109484e-08	22166807
521045	1	4.51124963554742e-08	22166807
521095	1	4.51124963554742e-08	22166807
521674	1	4.51124963554742e-08	22166807
522306	14	6.31574948976639e-07	22166807
522373	7	3.15787474488319e-07	22166807
523794	2	9.02249927109484e-08	22166807
523796	1	4.51124963554742e-08	22166807
525284	10	4.51124963554742e-07	22166807
525381	5	2.25562481777371e-07	22166807
525897	2	9.02249927109484e-08	22166807
525904	2	9.02249927109484e-08	22166807
525909	1	4.51124963554742e-08	22166807
525919	27	1.2180374015978e-06	22166807
526222	1	4.51124963554742e-08	22166807
526226	1	4.51124963554742e-08	22166807
527001	259	1.16841365560678e-05	22166807
529120	6	2.70674978132845e-07	22166807
529507	51	2.30073731412918e-06	22166807
531844	4	1.80449985421897e-07	22166807
535289	3114	0.000140480313650947	22166807
536056	121925	0.00550034111814119	22166807
537457	3231	0.000145758475724537	22166807
543728	5	2.25562481777371e-07	22166807
543891	1	4.51124963554742e-08	22166807
543913	14	6.31574948976639e-07	22166807
544404	3144	0.000141833688541611	22166807
546271	1	4.51124963554742e-08	22166807
546342	1	4.51124963554742e-08	22166807
548473	1	4.51124963554742e-08	22166807
548476	7	3.15787474488319e-07	22166807
550537	26	1.17292490524233e-06	22166807
550538	1361	6.13981075398004e-05	22166807
550540	2	9.02249927109484e-08	22166807
552526	1	4.51124963554742e-08	22166807
552536	1	4.51124963554742e-08	22166807
553174	26	1.17292490524233e-06	22166807
553190	29	1.30826239430875e-06	22166807
553199	85	3.83456219021531e-06	22166807
554290	370	1.66916236515255e-05	22166807
555778	11	4.96237459910216e-07	22166807
557598	2	9.02249927109484e-08	22166807
557600	1	4.51124963554742e-08	22166807
557722	7	3.15787474488319e-07	22166807
557723	5	2.25562481777371e-07	22166807
559292	1	4.51124963554742e-08	22166807
559307	1	4.51124963554742e-08	22166807
561229	132	5.95484951892259e-06	22166807
561230	79	3.56388721208246e-06	22166807
561231	78	3.51877471572699e-06	22166807
561276	4	1.80449985421897e-07	22166807
563178	12	5.4134995626569e-07	22166807
563769	445	2.0075060878186e-05	22166807
564886	479	2.16088857542721e-05	22166807
565575	3	1.35337489066423e-07	22166807
566546	10166	0.000458613637949751	22166807
568708	16	7.21799941687587e-07	22166807
568709	13	5.86462452621165e-07	22166807
568816	15	6.76687445332113e-07	22166807
568817	3	1.35337489066423e-07	22166807
571800	8	3.60899970843794e-07	22166807
572265	7	3.15787474488319e-07	22166807
572477	4	1.80449985421897e-07	22166807
572480	1	4.51124963554742e-08	22166807
573061	2	9.02249927109484e-08	22166807
573234	1	4.51124963554742e-08	22166807
573235	43270	0.00195201771730137	22166807
573370	3	1.35337489066423e-07	22166807
574093	11	4.96237459910216e-07	22166807
574521	207785	0.00937370005522221	22166807
575614	21	9.47362423464958e-07	22166807
575788	3	1.35337489066423e-07	22166807
579112	2	9.02249927109484e-08	22166807
579405	171	7.71423687678609e-06	22166807
580050	1	4.51124963554742e-08	22166807
580332	1	4.51124963554742e-08	22166807
582744	4	1.80449985421897e-07	22166807
583345	3	1.35337489066423e-07	22166807
583355	3	1.35337489066423e-07	22166807
584721	1	4.51124963554742e-08	22166807
585034	4448	0.000200660383789149	22166807
585035	113742	0.00513118556046435	22166807
585054	109917	0.00495863026190466	22166807
585055	27176	0.00122597720095637	22166807
585056	81092	0.00365826255445811	22166807
585057	295510	0.0133311937980062	22166807
585395	37553	0.00169410957563712	22166807
585396	22397	0.00101038458087356	22166807
585397	116381	0.00525023743834644	22166807
588858	103	4.64658712461384e-06	22166807
590409	92	4.15034966470363e-06	22166807
591020	8950	0.000403756842381494	22166807
591365	1	4.51124963554742e-08	22166807
591946	167880	0.00757348588815701	22166807
592316	128	5.7743995335007e-06	22166807
593588	6	2.70674978132845e-07	22166807
595494	31	1.3984873870197e-06	22166807
595495	237319	0.0107060525225848	22166807
595496	14371	0.00064831168512452	22166807
595528	2	9.02249927109484e-08	22166807
595537	7	3.15787474488319e-07	22166807
596153	5	2.25562481777371e-07	22166807
596154	3	1.35337489066423e-07	22166807
604162	1	4.51124963554742e-08	22166807
617121	4	1.80449985421897e-07	22166807
622759	1	4.51124963554742e-08	22166807
627192	2	9.02249927109484e-08	22166807
630626	727	3.27967848504297e-05	22166807
634176	1	4.51124963554742e-08	22166807
634499	92	4.15034966470363e-06	22166807
634500	48	2.16539982506276e-06	22166807
634503	55	2.48118729955108e-06	22166807
634956	1	4.51124963554742e-08	22166807
637382	2	9.02249927109484e-08	22166807
637385	1	4.51124963554742e-08	22166807
637386	3	1.35337489066423e-07	22166807
637909	1	4.51124963554742e-08	22166807
637910	15027	0.000677905482733711	22166807
640081	4	1.80449985421897e-07	22166807
640131	573	2.58494604116867e-05	22166807
640132	1	4.51124963554742e-08	22166807
640511	5	2.25562481777371e-07	22166807
640512	3	1.35337489066423e-07	22166807
640513	253	1.1413461577935e-05	22166807
641491	1	4.51124963554742e-08	22166807
643561	3	1.35337489066423e-07	22166807
643562	2	9.02249927109484e-08	22166807
644284	1	4.51124963554742e-08	22166807
644651	21	9.47362423464958e-07	22166807
644801	3	1.35337489066423e-07	22166807
645127	3	1.35337489066423e-07	22166807
645463	2	9.02249927109484e-08	22166807
648999	1	4.51124963554742e-08	22166807
649831	1	4.51124963554742e-08	22166807
655815	3	1.35337489066423e-07	22166807
655817	16101	0.00072635630381949	22166807
656024	1	4.51124963554742e-08	22166807
656519	2	9.02249927109484e-08	22166807
657309	4	1.80449985421897e-07	22166807
657313	1	4.51124963554742e-08	22166807
657315	1	4.51124963554742e-08	22166807
657317	1	4.51124963554742e-08	22166807
657318	2	9.02249927109484e-08	22166807
657321	2	9.02249927109484e-08	22166807
657322	1	4.51124963554742e-08	22166807
657323	1	4.51124963554742e-08	22166807
658172	1	4.51124963554742e-08	22166807
661367	5	2.25562481777371e-07	22166807
662598	3	1.35337489066423e-07	22166807
662755	3	1.35337489066423e-07	22166807
665029	51	2.30073731412918e-06	22166807
665033	20	9.02249927109484e-07	22166807
666681	1	4.51124963554742e-08	22166807
667015	11	4.96237459910216e-07	22166807
668336	4	1.80449985421897e-07	22166807
679935	1	4.51124963554742e-08	22166807
682634	20	9.02249927109484e-07	22166807
685038	26946	0.00121560132679461	22166807
688245	1	4.51124963554742e-08	22166807
688270	1	4.51124963554742e-08	22166807
693216	155	6.9924369350985e-06	22166807
693444	5411	0.000244103717779471	22166807
693745	7	3.15787474488319e-07	22166807
693970	1	4.51124963554742e-08	22166807
693974	5	2.25562481777371e-07	22166807
693979	1	4.51124963554742e-08	22166807
694569	1	4.51124963554742e-08	22166807
696216	1	4.51124963554742e-08	22166807
696281	1	4.51124963554742e-08	22166807
696406	13188	0.000594943601935994	22166807
696748	7	3.15787474488319e-07	22166807
696749	31	1.3984873870197e-06	22166807
697283	2	9.02249927109484e-08	22166807
698737	6	2.70674978132845e-07	22166807
698948	1	4.51124963554742e-08	22166807
698962	3	1.35337489066423e-07	22166807
698964	3	1.35337489066423e-07	22166807
698968	1	4.51124963554742e-08	22166807
698973	1	4.51124963554742e-08	22166807
699033	2	9.02249927109484e-08	22166807
699037	1	4.51124963554742e-08	22166807
699246	1	4.51124963554742e-08	22166807
701177	6634	0.000299276300822216	22166807
701347	1008	4.5473396326318e-05	22166807
706191	105	4.73681211732479e-06	22166807
706587	2	9.02249927109484e-08	22166807
709991	2	9.02249927109484e-08	22166807
710696	1	4.51124963554742e-08	22166807
712898	88	3.96989967928173e-06	22166807
713600	3	1.35337489066423e-07	22166807
714962	15568	0.000702311343262022	22166807
715451	19	8.5713743075401e-07	22166807
716540	18	8.12024934398536e-07	22166807
716541	1019	4.59696337862282e-05	22166807
716544	4	1.80449985421897e-07	22166807
717608	1	4.51124963554742e-08	22166807
717773	6	2.70674978132845e-07	22166807
717774	6	2.70674978132845e-07	22166807
717959	2	9.02249927109484e-08	22166807
717961	2	9.02249927109484e-08	22166807
718251	27	1.2180374015978e-06	22166807
718252	1	4.51124963554742e-08	22166807
718254	233	1.05112116508255e-05	22166807
718255	1	4.51124963554742e-08	22166807
718274	9702	0.000437681439640811	22166807
741091	183	8.25558683305178e-06	22166807
741093	53	2.39096230684013e-06	22166807
742013	1	4.51124963554742e-08	22166807
743525	2	9.02249927109484e-08	22166807
743720	3	1.35337489066423e-07	22166807
743721	2	9.02249927109484e-08	22166807
745277	121	5.45861205901238e-06	22166807
745310	2	9.02249927109484e-08	22166807
747365	3	1.35337489066423e-07	22166807
748247	2	9.02249927109484e-08	22166807
748280	4	1.80449985421897e-07	22166807
748727	3	1.35337489066423e-07	22166807
749219	1	4.51124963554742e-08	22166807
749927	1	4.51124963554742e-08	22166807
751945	1	4.51124963554742e-08	22166807
754476	5	2.25562481777371e-07	22166807
754477	5	2.25562481777371e-07	22166807
754507	1	4.51124963554742e-08	22166807
757424	3	1.35337489066423e-07	22166807
758793	2	9.02249927109484e-08	22166807
759362	1	4.51124963554742e-08	22166807
760142	2	9.02249927109484e-08	22166807
760192	1	4.51124963554742e-08	22166807
760570	1	4.51124963554742e-08	22166807
762376	1	4.51124963554742e-08	22166807
762570	3	1.35337489066423e-07	22166807
762948	2	9.02249927109484e-08	22166807
765698	2	9.02249927109484e-08	22166807
765911	2	9.02249927109484e-08	22166807
765912	1	4.51124963554742e-08	22166807
765962	6	2.70674978132845e-07	22166807
767031	15	6.76687445332113e-07	22166807
767455	1	4.51124963554742e-08	22166807
768066	10	4.51124963554742e-07	22166807
768490	46	2.07517483235181e-06	22166807
768492	20	9.02249927109484e-07	22166807
856793	2	9.02249927109484e-08	22166807
857087	10	4.51124963554742e-07	22166807
859654	8	3.60899970843794e-07	22166807
859656	1	4.51124963554742e-08	22166807
859657	3	1.35337489066423e-07	22166807
861208	1	4.51124963554742e-08	22166807
861360	1	4.51124963554742e-08	22166807
862962	3	1.35337489066423e-07	22166807
862965	598	2.69772728205736e-05	22166807
862966	1	4.51124963554742e-08	22166807
862971	7	3.15787474488319e-07	22166807
866630	9	4.06012467199268e-07	22166807
866768	575085	0.0259435199665879	22166807
866775	12	5.4134995626569e-07	22166807
866913	49	2.21051232141824e-06	22166807
867900	4	1.80449985421897e-07	22166807
869209	10	4.51124963554742e-07	22166807
869210	2	9.02249927109484e-08	22166807
869309	6	2.70674978132845e-07	22166807
869729	661510	0.0298423674641097	22166807
871271	1	4.51124963554742e-08	22166807
875863	1	4.51124963554742e-08	22166807
877468	1233	5.56237080062997e-05	22166807
879243	5	2.25562481777371e-07	22166807
880591	2	9.02249927109484e-08	22166807
881621	1	4.51124963554742e-08	22166807
882097	1	4.51124963554742e-08	22166807
882378	7	3.15787474488319e-07	22166807
882884	10521	0.000474628574155944	22166807
882944	3	1.35337489066423e-07	22166807
885275	3604	0.000162585436865129	22166807
885276	21659	0.000977091558563216	22166807
886377	1	4.51124963554742e-08	22166807
889738	3	1.35337489066423e-07	22166807
891398	2	9.02249927109484e-08	22166807
903503	31	1.3984873870197e-06	22166807
903510	4	1.80449985421897e-07	22166807
908937	13	5.86462452621165e-07	22166807
909946	1331	6.00447326491362e-05	22166807
909952	6	2.70674978132845e-07	22166807
910348	12313	0.000555470167624954	22166807
911045	6	2.70674978132845e-07	22166807
914127	8	3.60899970843794e-07	22166807
914149	3	1.35337489066423e-07	22166807
927666	10	4.51124963554742e-07	22166807
927704	4	1.80449985421897e-07	22166807
930169	4	1.80449985421897e-07	22166807
930171	1	4.51124963554742e-08	22166807
930944	22	9.92474919820433e-07	22166807
931281	3	1.35337489066423e-07	22166807
932677	54	2.43607480319561e-06	22166807
935296	1451	6.54582322117931e-05	22166807
935297	7	3.15787474488319e-07	22166807
935593	1	4.51124963554742e-08	22166807
935897	3	1.35337489066423e-07	22166807
936153	1	4.51124963554742e-08	22166807
936154	1	4.51124963554742e-08	22166807
936157	67	3.02253725581677e-06	22166807
937774	1	4.51124963554742e-08	22166807
940296	1	4.51124963554742e-08	22166807
944547	2	9.02249927109484e-08	22166807
945556	1	4.51124963554742e-08	22166807
953739	2	9.02249927109484e-08	22166807
956149	132	5.95484951892259e-06	22166807
977880	3	1.35337489066423e-07	22166807
980514	9	4.06012467199268e-07	22166807
981368	1	4.51124963554742e-08	22166807
983544	4	1.80449985421897e-07	22166807
983545	4	1.80449985421897e-07	22166807
983548	2	9.02249927109484e-08	22166807
983917	3	1.35337489066423e-07	22166807
985002	2	9.02249927109484e-08	22166807
990282	1	4.51124963554742e-08	22166807
990315	21	9.47362423464958e-07	22166807
991905	1	4.51124963554742e-08	22166807
992406	1	4.51124963554742e-08	22166807
994476	45	2.03006233599634e-06	22166807
994484	2	9.02249927109484e-08	22166807
998088	7	3.15787474488319e-07	22166807
1001585	7	3.15787474488319e-07	22166807
1004785	8	3.60899970843794e-07	22166807
1004786	266	1.19999240305561e-05	22166807
1004787	1	4.51124963554742e-08	22166807
1005057	1	4.51124963554742e-08	22166807
1005058	8	3.60899970843794e-07	22166807
1005090	1	4.51124963554742e-08	22166807
1006551	153	6.90221194238755e-06	22166807
1007105	3	1.35337489066423e-07	22166807
1008297	9	4.06012467199268e-07	22166807
1009464	11	4.96237459910216e-07	22166807
1016998	3071	0.000138540476307661	22166807
1028307	109	4.91726210274669e-06	22166807
1030843	1	4.51124963554742e-08	22166807
1031709	4	1.80449985421897e-07	22166807
1031710	3	1.35337489066423e-07	22166807
1031711	6	2.70674978132845e-07	22166807
1032480	1	4.51124963554742e-08	22166807
1033813	91847	0.00414344745276124	22166807
1034807	11	4.96237459910216e-07	22166807
1034809	4	1.80449985421897e-07	22166807
1035377	16	7.21799941687587e-07	22166807
1036672	1	4.51124963554742e-08	22166807
1037409	1	4.51124963554742e-08	22166807
1037911	13	5.86462452621165e-07	22166807
1041826	2	9.02249927109484e-08	22166807
1042876	5	2.25562481777371e-07	22166807
1042878	1	4.51124963554742e-08	22166807
1045856	402	1.81352235349006e-05	22166807
1046629	1	4.51124963554742e-08	22166807
1048332	1	4.51124963554742e-08	22166807
1048689	19658	0.000886821453355912	22166807
1049565	111	5.00748709545764e-06	22166807
1051074	2	9.02249927109484e-08	22166807
1052585	1	4.51124963554742e-08	22166807
1053648	2	9.02249927109484e-08	22166807
1054460	3	1.35337489066423e-07	22166807
1055530	6	2.70674978132845e-07	22166807
1064551	132	5.95484951892259e-06	22166807
1069533	2	9.02249927109484e-08	22166807
1069642	1	4.51124963554742e-08	22166807
1072459	75837	0.0034211963861101	22166807
1074919	1	4.51124963554742e-08	22166807
1075089	11	4.96237459910216e-07	22166807
1081093	1114	5.02553209399983e-05	22166807
1082931	4	1.80449985421897e-07	22166807
1085623	5	2.25562481777371e-07	22166807
1089456	60	2.70674978132845e-06	22166807
1091045	33	1.48871237973065e-06	22166807
1091494	9	4.06012467199268e-07	22166807
1094466	6	2.70674978132845e-07	22166807
1095774	78	3.51877471572699e-06	22166807
1096995	1	4.51124963554742e-08	22166807
1096996	1	4.51124963554742e-08	22166807
1097668	1	4.51124963554742e-08	22166807
1100841	1	4.51124963554742e-08	22166807
1104326	163	7.35333690594229e-06	22166807
1105111	1	4.51124963554742e-08	22166807
1110693	8	3.60899970843794e-07	22166807
1114965	2	9.02249927109484e-08	22166807
1114966	1	4.51124963554742e-08	22166807
1114967	4	1.80449985421897e-07	22166807
1114969	80	3.60899970843794e-06	22166807
1114970	3	1.35337489066423e-07	22166807
1116375	9	4.06012467199268e-07	22166807
1117647	5	2.25562481777371e-07	22166807
1117943	1	4.51124963554742e-08	22166807
1121353	2	9.02249927109484e-08	22166807
1121362	1	4.51124963554742e-08	22166807
1123519	5	2.25562481777371e-07	22166807
1123523	1	4.51124963554742e-08	22166807
1123863	125	5.63906204443428e-06	22166807
1124936	1638	7.38942690302667e-05	22166807
1124983	1	4.51124963554742e-08	22166807
1124991	96	4.33079965012552e-06	22166807
1125630	13170	0.000594131577001595	22166807
1129794	3	1.35337489066423e-07	22166807
1132496	1	4.51124963554742e-08	22166807
1132507	179	8.07513684762988e-06	22166807
1133850	1	4.51124963554742e-08	22166807
1133852	9247	0.00041715525379907	22166807
1133853	77462	0.00349450419268774	22166807
1134454	36	1.62404986879707e-06	22166807
1134456	3	1.35337489066423e-07	22166807
1134782	18686	0.000842972106898391	22166807
1136179	10	4.51124963554742e-07	22166807
1137651	2	9.02249927109484e-08	22166807
1138308	255	1.15036865706459e-05	22166807
1142511	7	3.15787474488319e-07	22166807
1144275	2	9.02249927109484e-08	22166807
1151116	73	3.29321223394962e-06	22166807
1155084	1	4.51124963554742e-08	22166807
1156913	2	9.02249927109484e-08	22166807
1157951	21	9.47362423464958e-07	22166807
1160717	64	2.88719976675035e-06	22166807
1163389	1	4.51124963554742e-08	22166807
1163399	1	4.51124963554742e-08	22166807
1163617	1	4.51124963554742e-08	22166807
1163748	3	1.35337489066423e-07	22166807
1166016	27	1.2180374015978e-06	22166807
1166130	99	4.46613713919195e-06	22166807
1167634	4	1.80449985421897e-07	22166807
1170318	2	9.02249927109484e-08	22166807
1171373	1	4.51124963554742e-08	22166807
1171376	1177	5.30974082103931e-05	22166807
1171377	3	1.35337489066423e-07	22166807
1173427	230	1.03758741617591e-05	22166807
1174529	1	4.51124963554742e-08	22166807
1179773	2	9.02249927109484e-08	22166807
1191061	1010	4.55636213190289e-05	22166807
1193292	590	2.66163728497298e-05	22166807
1194526	7	3.15787474488319e-07	22166807
1196325	4	1.80449985421897e-07	22166807
1196835	4	1.80449985421897e-07	22166807
1197325	1	4.51124963554742e-08	22166807
1197719	110	4.96237459910216e-06	22166807
1198232	1	4.51124963554742e-08	22166807
1199245	3	1.35337489066423e-07	22166807
1202536	1	4.51124963554742e-08	22166807
1202537	2	9.02249927109484e-08	22166807
1202540	1	4.51124963554742e-08	22166807
1203460	1	4.51124963554742e-08	22166807
1204414	1	4.51124963554742e-08	22166807
1205910	1	4.51124963554742e-08	22166807
1206109	1	4.51124963554742e-08	22166807
1206745	2	9.02249927109484e-08	22166807
1207075	3	1.35337489066423e-07	22166807
1208658	1	4.51124963554742e-08	22166807
1211025	188	8.48114931482915e-06	22166807
1211579	4	1.80449985421897e-07	22166807
1211705	2	9.02249927109484e-08	22166807
1212765	1	4.51124963554742e-08	22166807
1215088	7	3.15787474488319e-07	22166807
1216976	1	4.51124963554742e-08	22166807
1218933	115	5.18793708087953e-06	22166807
1219084	2	9.02249927109484e-08	22166807
1225522	26	1.17292490524233e-06	22166807
1228997	1	4.51124963554742e-08	22166807
1232381	2	9.02249927109484e-08	22166807
1234378	1	4.51124963554742e-08	22166807
1234600	2	9.02249927109484e-08	22166807
1234603	23	1.03758741617591e-06	22166807
1234679	1	4.51124963554742e-08	22166807
1235990	63	2.84208727039487e-06	22166807
1239881	1	4.51124963554742e-08	22166807
1240471	8	3.60899970843794e-07	22166807
1244085	16	7.21799941687587e-07	22166807
1244528	1	4.51124963554742e-08	22166807
1245469	1	4.51124963554742e-08	22166807
1246301	1	4.51124963554742e-08	22166807
1246365	1	4.51124963554742e-08	22166807
1247189	1	4.51124963554742e-08	22166807
1249531	1	4.51124963554742e-08	22166807
1249634	70	3.15787474488319e-06	22166807
1255043	1	4.51124963554742e-08	22166807
1260251	2	9.02249927109484e-08	22166807
1262456	5	2.25562481777371e-07	22166807
1266738	8	3.60899970843794e-07	22166807
1267753	1107	4.99395334655099e-05	22166807
1267754	3	1.35337489066423e-07	22166807
1271862	1342	6.05409701090464e-05	22166807
1271863	30	1.35337489066423e-06	22166807
1271864	323	1.45713363228182e-05	22166807
1274814	1894	8.54430680972681e-05	22166807
1276282	3	1.35337489066423e-07	22166807
1278073	1	4.51124963554742e-08	22166807
1280938	1	4.51124963554742e-08	22166807
1282356	13	5.86462452621165e-07	22166807
1286170	607	2.73832852877728e-05	22166807
1288122	5	2.25562481777371e-07	22166807
1288394	3	1.35337489066423e-07	22166807
1294143	1	4.51124963554742e-08	22166807
1297582	2	9.02249927109484e-08	22166807
1298917	497	2.24209106886707e-05	22166807
1302650	1	4.51124963554742e-08	22166807
1302863	3	1.35337489066423e-07	22166807
1309807	2	9.02249927109484e-08	22166807
1310114	3	1.35337489066423e-07	22166807
1311759	1	4.51124963554742e-08	22166807
1311760	1	4.51124963554742e-08	22166807
1316932	2	9.02249927109484e-08	22166807
1318615	10	4.51124963554742e-07	22166807
1318633	1	4.51124963554742e-08	22166807
1322346	4	1.80449985421897e-07	22166807
1328306	1	4.51124963554742e-08	22166807
1331671	5	2.25562481777371e-07	22166807
1332188	1	4.51124963554742e-08	22166807
1335916	469	2.11577607907174e-05	22166807
1338032	7	3.15787474488319e-07	22166807
1338034	1	4.51124963554742e-08	22166807
1340851	3	1.35337489066423e-07	22166807
1346614	30	1.35337489066423e-06	22166807
1348660	18	8.12024934398536e-07	22166807
1355100	65279	0.002944898649589	22166807
1356861	2	9.02249927109484e-08	22166807
1366053	2	9.02249927109484e-08	22166807
1380774	2	9.02249927109484e-08	22166807
1380908	246	1.10976741034467e-05	22166807
1382700	5923	0.000267201315913474	22166807
1400867	1	4.51124963554742e-08	22166807
1401659	304	1.37141988920642e-05	22166807
1406860	185	8.34581182576273e-06	22166807
1408272	1	4.51124963554742e-08	22166807
1415630	6	2.70674978132845e-07	22166807
1415773	1	4.51124963554742e-08	22166807
