Tax.ID	Frequency	Proportion	Total
394	1	5.27813780542208e-08	18946076
882	1	5.27813780542208e-08	18946076
1639	2	1.05562756108442e-07	18946076
2771	1	5.27813780542208e-08	18946076
2787	2	1.05562756108442e-07	18946076
2839	3	1.58344134162663e-07	18946076
2850	6	3.16688268325325e-07	18946076
2880	2	1.05562756108442e-07	18946076
2898	1	5.27813780542208e-08	18946076
3040	1	5.27813780542208e-08	18946076
4770	2	1.05562756108442e-07	18946076
4952	2	1.05562756108442e-07	18946076
5762	1	5.27813780542208e-08	18946076
5763	1	5.27813780542208e-08	18946076
5778	1	5.27813780542208e-08	18946076
5786	3	1.58344134162663e-07	18946076
5851	1	5.27813780542208e-08	18946076
5885	1	5.27813780542208e-08	18946076
5889	1	5.27813780542208e-08	18946076
5907	1	5.27813780542208e-08	18946076
5911	2	1.05562756108442e-07	18946076
5932	3	1.58344134162663e-07	18946076
10629	156	8.23389497645845e-06	18946076
10632	5	2.63906890271104e-07	18946076
10678	1	5.27813780542208e-08	18946076
10710	4	2.11125512216883e-07	18946076
10730	1	5.27813780542208e-08	18946076
10742	8	4.22251024433767e-07	18946076
10754	2	1.05562756108442e-07	18946076
10761	5	2.63906890271104e-07	18946076
12402	6	3.16688268325325e-07	18946076
28173	1	5.27813780542208e-08	18946076
31271	73	3.85304059795812e-06	18946076
35128	3	1.58344134162663e-07	18946076
36329	3	1.58344134162663e-07	18946076
36870	2	1.05562756108442e-07	18946076
37554	13	6.86157914704871e-07	18946076
40041	3	1.58344134162663e-07	18946076
43925	1	5.27813780542208e-08	18946076
43926	1	5.27813780542208e-08	18946076
49266	1	5.27813780542208e-08	18946076
52970	5	2.63906890271104e-07	18946076
55529	6	3.16688268325325e-07	18946076
55884	1820	9.60621080586819e-05	18946076
60480	1	5.27813780542208e-08	18946076
60481	153	8.07555084229579e-06	18946076
62928	11	5.80595158596429e-07	18946076
62977	4	2.11125512216883e-07	18946076
63186	1	5.27813780542208e-08	18946076
65071	1	5.27813780542208e-08	18946076
67593	1	5.27813780542208e-08	18946076
74381	1	5.27813780542208e-08	18946076
74557	1	5.27813780542208e-08	18946076
75379	7	3.69469646379546e-07	18946076
76114	3	1.58344134162663e-07	18946076
76869	2	1.05562756108442e-07	18946076
78245	8	4.22251024433767e-07	18946076
85569	194	1.02395873425188e-05	18946076
85643	6	3.16688268325325e-07	18946076
94122	4	2.11125512216883e-07	18946076
96563	9	4.75032402487988e-07	18946076
99287	83	4.38085437850033e-06	18946076
99598	1	5.27813780542208e-08	18946076
100226	4	2.11125512216883e-07	18946076
101510	2	1.05562756108442e-07	18946076
103807	5	2.63906890271104e-07	18946076
106370	2	1.05562756108442e-07	18946076
114615	14	7.38939292759092e-07	18946076
115991	1	5.27813780542208e-08	18946076
120807	4	2.11125512216883e-07	18946076
122587	3	1.58344134162663e-07	18946076
126793	2	1.05562756108442e-07	18946076
134676	1	5.27813780542208e-08	18946076
137722	3	1.58344134162663e-07	18946076
153948	1	5.27813780542208e-08	18946076
155148	14	7.38939292759092e-07	18946076
155864	6140	0.000324077661252916	18946076
158878	3	1.58344134162663e-07	18946076
159087	4	2.11125512216883e-07	18946076
160488	3	1.58344134162663e-07	18946076
160490	36	1.90012960995195e-06	18946076
160491	21	1.10840893913864e-06	18946076
160619	5	2.63906890271104e-07	18946076
164328	1	5.27813780542208e-08	18946076
164756	8	4.22251024433767e-07	18946076
169963	2	1.05562756108442e-07	18946076
170187	316	1.66789154651338e-05	18946076
171101	3049	0.000160930421687319	18946076
173443	3	1.58344134162663e-07	18946076
175950	22	1.16119031719286e-06	18946076
176279	296	1.56232879040494e-05	18946076
176280	299	1.5781632038212e-05	18946076
176299	2	1.05562756108442e-07	18946076
177437	2	1.05562756108442e-07	18946076
179408	1	5.27813780542208e-08	18946076
180816	8	4.22251024433767e-07	18946076
186103	8	4.22251024433767e-07	18946076
187272	1	5.27813780542208e-08	18946076
187303	1	5.27813780542208e-08	18946076
189423	598	3.15632640764241e-05	18946076
190485	8	4.22251024433767e-07	18946076
190486	2	1.05562756108442e-07	18946076
190650	4	2.11125512216883e-07	18946076
191218	2	1.05562756108442e-07	18946076
193567	1	5.27813780542208e-08	18946076
194701	8	4.22251024433767e-07	18946076
195103	25	1.31953445135552e-06	18946076
196162	6	3.16688268325325e-07	18946076
196620	1	5.27813780542208e-08	18946076
198214	588	3.10354502958819e-05	18946076
198215	2036	0.000107462885718394	18946076
198628	1	5.27813780542208e-08	18946076
199310	6223	0.000328458515631416	18946076
203124	2	1.05562756108442e-07	18946076
203267	1	5.27813780542208e-08	18946076
203275	2	1.05562756108442e-07	18946076
204536	1	5.27813780542208e-08	18946076
204773	6	3.16688268325325e-07	18946076
205913	6	3.16688268325325e-07	18946076
205914	81	4.27529162239189e-06	18946076
205918	4	2.11125512216883e-07	18946076
205922	7	3.69469646379546e-07	18946076
207559	1	5.27813780542208e-08	18946076
208435	6	3.16688268325325e-07	18946076
208963	9	4.75032402487988e-07	18946076
208964	10	5.27813780542208e-07	18946076
209261	24	1.2667530733013e-06	18946076
211110	4	2.11125512216883e-07	18946076
214092	120	6.3337653665065e-06	18946076
214684	6	3.16688268325325e-07	18946076
215158	25	1.31953445135552e-06	18946076
215689	25	1.31953445135552e-06	18946076
216432	4	2.11125512216883e-07	18946076
216591	1	5.27813780542208e-08	18946076
216592	6610	0.0003488849089384	18946076
216595	29	1.5306599635724e-06	18946076
216596	11	5.80595158596429e-07	18946076
216599	3048	0.000160877640309265	18946076
218491	7	3.69469646379546e-07	18946076
218493	59	3.11410130519903e-06	18946076
218494	2	1.05562756108442e-07	18946076
218495	4	2.11125512216883e-07	18946076
218496	1	5.27813780542208e-08	18946076
220341	493	2.60212193807309e-05	18946076
220664	3	1.58344134162663e-07	18946076
220668	2	1.05562756108442e-07	18946076
221029	1	5.27813780542208e-08	18946076
223283	3	1.58344134162663e-07	18946076
223926	1	5.27813780542208e-08	18946076
224308	2	1.05562756108442e-07	18946076
224911	3	1.58344134162663e-07	18946076
224914	1	5.27813780542208e-08	18946076
226185	92	4.85588678098832e-06	18946076
226186	3	1.58344134162663e-07	18946076
227882	6	3.16688268325325e-07	18946076
228400	1	5.27813780542208e-08	18946076
228410	1	5.27813780542208e-08	18946076
232721	207	1.09257452572237e-05	18946076
234267	2	1.05562756108442e-07	18946076
234621	71	3.74747784184968e-06	18946076
234831	1	5.27813780542208e-08	18946076
242231	2	1.05562756108442e-07	18946076
242619	1	5.27813780542208e-08	18946076
243233	1	5.27813780542208e-08	18946076
243243	5	2.63906890271104e-07	18946076
243276	2	1.05562756108442e-07	18946076
243365	2	1.05562756108442e-07	18946076
245018	1	5.27813780542208e-08	18946076
246197	2	1.05562756108442e-07	18946076
246198	21	1.10840893913864e-06	18946076
246200	4	2.11125512216883e-07	18946076
247156	4	2.11125512216883e-07	18946076
257309	2	1.05562756108442e-07	18946076
257310	4	2.11125512216883e-07	18946076
257311	2	1.05562756108442e-07	18946076
257313	2	1.05562756108442e-07	18946076
258594	3	1.58344134162663e-07	18946076
261292	2	1.05562756108442e-07	18946076
262728	1	5.27813780542208e-08	18946076
263358	1	5.27813780542208e-08	18946076
264198	28	1.47787858551818e-06	18946076
264462	2	1.05562756108442e-07	18946076
264730	2	1.05562756108442e-07	18946076
264731	4	2.11125512216883e-07	18946076
264732	1	5.27813780542208e-08	18946076
265072	1	5.27813780542208e-08	18946076
266264	42	2.21681787827727e-06	18946076
266265	6	3.16688268325325e-07	18946076
266779	16	8.44502048867533e-07	18946076
266834	1	5.27813780542208e-08	18946076
267608	12	6.3337653665065e-07	18946076
267747	15	7.91720670813312e-07	18946076
269084	2	1.05562756108442e-07	18946076
269482	11	5.80595158596429e-07	18946076
269798	3	1.58344134162663e-07	18946076
272563	71	3.74747784184968e-06	18946076
272620	1254	6.61878480799929e-05	18946076
272621	1	5.27813780542208e-08	18946076
272622	69	3.64191508574124e-06	18946076
272623	4	2.11125512216883e-07	18946076
272624	1	5.27813780542208e-08	18946076
272626	3	1.58344134162663e-07	18946076
272630	15	7.91720670813312e-07	18946076
272633	1	5.27813780542208e-08	18946076
272831	4	2.11125512216883e-07	18946076
272942	5	2.63906890271104e-07	18946076
272943	1	5.27813780542208e-08	18946076
273121	1	5.27813780542208e-08	18946076
278197	7	3.69469646379546e-07	18946076
279238	1	5.27813780542208e-08	18946076
279808	39	2.05847374411461e-06	18946076
280463	1	5.27813780542208e-08	18946076
281090	2	1.05562756108442e-07	18946076
281310	23	1.21397169524708e-06	18946076
284591	3	1.58344134162663e-07	18946076
284592	1	5.27813780542208e-08	18946076
284812	5	2.63906890271104e-07	18946076
285951	1	5.27813780542208e-08	18946076
288000	6	3.16688268325325e-07	18946076
289380	6	3.16688268325325e-07	18946076
290318	1	5.27813780542208e-08	18946076
290338	771	4.06944424798043e-05	18946076
290339	171	9.02561564727176e-06	18946076
290340	1	5.27813780542208e-08	18946076
290397	1	5.27813780542208e-08	18946076
290399	5	2.63906890271104e-07	18946076
291331	1	5.27813780542208e-08	18946076
292414	1	5.27813780542208e-08	18946076
292564	1	5.27813780542208e-08	18946076
295319	3	1.58344134162663e-07	18946076
295405	2	1.05562756108442e-07	18946076
296543	3	1.58344134162663e-07	18946076
296591	27	1.42509720746396e-06	18946076
298386	1	5.27813780542208e-08	18946076
298653	3	1.58344134162663e-07	18946076
298654	4	2.11125512216883e-07	18946076
300267	2218	0.000117069096524262	18946076
300268	724	3.82137177112559e-05	18946076
300269	2467	0.000130211659659763	18946076
304863	1	5.27813780542208e-08	18946076
306537	10	5.27813780542208e-07	18946076
312153	35	1.84734823189773e-06	18946076
312309	4	2.11125512216883e-07	18946076
313595	4	2.11125512216883e-07	18946076
313596	3	1.58344134162663e-07	18946076
313598	10	5.27813780542208e-07	18946076
313603	2	1.05562756108442e-07	18946076
314225	1	5.27813780542208e-08	18946076
314282	2	1.05562756108442e-07	18946076
314315	1	5.27813780542208e-08	18946076
314565	3	1.58344134162663e-07	18946076
314723	1	5.27813780542208e-08	18946076
314724	1	5.27813780542208e-08	18946076
315749	2	1.05562756108442e-07	18946076
316055	4	2.11125512216883e-07	18946076
316056	1	5.27813780542208e-08	18946076
316058	4	2.11125512216883e-07	18946076
316385	4817	0.000254247898087182	18946076
316401	3392	0.000179034434359917	18946076
316407	118	6.22820261039806e-06	18946076
317655	8	4.22251024433767e-07	18946076
318167	2	1.05562756108442e-07	18946076
318586	5	2.63906890271104e-07	18946076
319795	1	5.27813780542208e-08	18946076
320373	1	5.27813780542208e-08	18946076
320388	6	3.16688268325325e-07	18946076
320389	2	1.05562756108442e-07	18946076
321314	7	3.69469646379546e-07	18946076
321327	2	1.05562756108442e-07	18946076
321956	1	5.27813780542208e-08	18946076
321967	10	5.27813780542208e-07	18946076
322159	175	9.23674115948864e-06	18946076
322710	5	2.63906890271104e-07	18946076
323097	3	1.58344134162663e-07	18946076
323848	1	5.27813780542208e-08	18946076
323850	1	5.27813780542208e-08	18946076
324831	7	3.69469646379546e-07	18946076
325240	5	2.63906890271104e-07	18946076
326297	2	1.05562756108442e-07	18946076
326424	5	2.63906890271104e-07	18946076
329864	8	4.22251024433767e-07	18946076
330879	1	5.27813780542208e-08	18946076
331111	23229	0.0012260586308215	18946076
331112	9400	0.000496144953709676	18946076
331271	19	1.0028461830302e-06	18946076
331272	1	5.27813780542208e-08	18946076
333849	1	5.27813780542208e-08	18946076
334390	3	1.58344134162663e-07	18946076
334413	101	5.3309191834763e-06	18946076
335283	2	1.05562756108442e-07	18946076
335659	5	2.63906890271104e-07	18946076
337191	6	3.16688268325325e-07	18946076
338187	5	2.63906890271104e-07	18946076
338969	12	6.3337653665065e-07	18946076
339670	49	2.58628752465682e-06	18946076
340100	30	1.58344134162662e-06	18946076
340322	1	5.27813780542208e-08	18946076
342108	1	5.27813780542208e-08	18946076
342451	4	2.11125512216883e-07	18946076
342610	3	1.58344134162663e-07	18946076
343509	4	2.11125512216883e-07	18946076
343516	2421	0.000127783716269269	18946076
344609	13070	0.000689852611168666	18946076
345073	2	1.05562756108442e-07	18946076
347253	24	1.2667530733013e-06	18946076
347834	1	5.27813780542208e-08	18946076
348058	5	2.63906890271104e-07	18946076
349101	4	2.11125512216883e-07	18946076
349102	6	3.16688268325325e-07	18946076
349124	1	5.27813780542208e-08	18946076
349161	4	2.11125512216883e-07	18946076
349741	3	1.58344134162663e-07	18946076
349746	36	1.90012960995195e-06	18946076
349747	3	1.58344134162663e-07	18946076
350058	2	1.05562756108442e-07	18946076
350688	2	1.05562756108442e-07	18946076
351605	3	1.58344134162663e-07	18946076
351745	7	3.69469646379546e-07	18946076
351746	6	3.16688268325325e-07	18946076
353151	6	3.16688268325325e-07	18946076
353152	1	5.27813780542208e-08	18946076
353153	3	1.58344134162663e-07	18946076
355278	1	5.27813780542208e-08	18946076
357348	2	1.05562756108442e-07	18946076
358220	965	5.09340298223231e-05	18946076
359786	8	4.22251024433767e-07	18946076
359787	5	2.63906890271104e-07	18946076
360094	3	1.58344134162663e-07	18946076
360102	948	5.00367463954014e-05	18946076
360910	4	2.11125512216883e-07	18946076
361100	1	5.27813780542208e-08	18946076
362663	42689	0.00225318424775663	18946076
364106	906	4.78199285171241e-05	18946076
365044	45	2.37516201243994e-06	18946076
365046	46	2.42794339049416e-06	18946076
365659	5553	0.000293094992335088	18946076
366394	1	5.27813780542208e-08	18946076
366602	4	2.11125512216883e-07	18946076
367775	12	6.3337653665065e-07	18946076
367928	2	1.05562756108442e-07	18946076
370354	77	4.064166110175e-06	18946076
370554	2	1.05562756108442e-07	18946076
372461	2	1.05562756108442e-07	18946076
373153	4272	0.000225482047047631	18946076
373384	36911	0.00194821344535935	18946076
374930	1	5.27813780542208e-08	18946076
374931	1	5.27813780542208e-08	18946076
376686	236	1.24564052207961e-05	18946076
376758	1	5.27813780542208e-08	18946076
377628	210	1.10840893913864e-05	18946076
378806	2	1.05562756108442e-07	18946076
379066	1	5.27813780542208e-08	18946076
379329	50	2.63906890271104e-06	18946076
379731	9	4.75032402487988e-07	18946076
380358	2	1.05562756108442e-07	18946076
380703	24	1.2667530733013e-06	18946076
381666	16	8.44502048867533e-07	18946076
381754	112	5.91151434207273e-06	18946076
382245	137	7.23104879342825e-06	18946076
384676	38	2.00569236606039e-06	18946076
386043	4	2.11125512216883e-07	18946076
386585	11266	0.000594635005158852	18946076
386656	48	2.5335061466026e-06	18946076
387092	2	1.05562756108442e-07	18946076
387344	6	3.16688268325325e-07	18946076
388919	127	6.70323501288605e-06	18946076
390235	3	1.58344134162663e-07	18946076
390236	1	5.27813780542208e-08	18946076
390333	33	1.74178547578929e-06	18946076
391008	16	8.44502048867533e-07	18946076
391038	2	1.05562756108442e-07	18946076
391295	132	6.96714190315715e-06	18946076
391296	93	4.90866815904254e-06	18946076
391619	1	5.27813780542208e-08	18946076
391735	48	2.5335061466026e-06	18946076
391904	4	2.11125512216883e-07	18946076
392499	41	2.16403650022305e-06	18946076
393011	19	1.0028461830302e-06	18946076
393305	28	1.47787858551818e-06	18946076
394221	1	5.27813780542208e-08	18946076
395019	19	1.0028461830302e-06	18946076
395492	1	5.27813780542208e-08	18946076
395495	35	1.84734823189773e-06	18946076
395960	3	1.58344134162663e-07	18946076
395963	4	2.11125512216883e-07	18946076
396513	2	1.05562756108442e-07	18946076
396588	5	2.63906890271104e-07	18946076
396595	1	5.27813780542208e-08	18946076
397945	72	3.8002592199039e-06	18946076
398527	3	1.58344134162663e-07	18946076
398577	2	1.05562756108442e-07	18946076
398578	117	6.17542123234384e-06	18946076
398580	1	5.27813780542208e-08	18946076
398767	1	5.27813780542208e-08	18946076
399739	8	4.22251024433767e-07	18946076
399741	10	5.27813780542208e-07	18946076
399742	95	5.01423091515098e-06	18946076
399781	3	1.58344134162663e-07	18946076
399804	1	5.27813780542208e-08	18946076
400667	212	1.11896521474948e-05	18946076
400756	2	1.05562756108442e-07	18946076
401053	1	5.27813780542208e-08	18946076
401473	1	5.27813780542208e-08	18946076
401614	1	5.27813780542208e-08	18946076
402612	107	5.64760745180163e-06	18946076
402626	14	7.38939292759092e-07	18946076
402881	5	2.63906890271104e-07	18946076
402882	1	5.27813780542208e-08	18946076
403677	4	2.11125512216883e-07	18946076
404589	2	1.05562756108442e-07	18946076
405416	14	7.38939292759092e-07	18946076
405534	1	5.27813780542208e-08	18946076
405948	3	1.58344134162663e-07	18946076
405955	44887	0.00236919771671981	18946076
406425	2	1.05562756108442e-07	18946076
406817	5	2.63906890271104e-07	18946076
406818	2	1.05562756108442e-07	18946076
407976	2	1.05562756108442e-07	18946076
409438	5551	0.00029298942957898	18946076
410289	2	1.05562756108442e-07	18946076
411154	7	3.69469646379546e-07	18946076
412022	4	2.11125512216883e-07	18946076
413997	2450	0.000129314376232841	18946076
414684	1	5.27813780542208e-08	18946076
414970	4781	0.00025234776847723	18946076
416269	3	1.58344134162663e-07	18946076
416344	1	5.27813780542208e-08	18946076
416870	9	4.75032402487988e-07	18946076
418127	1	5.27813780542208e-08	18946076
419610	5	2.63906890271104e-07	18946076
420246	2	1.05562756108442e-07	18946076
420247	2	1.05562756108442e-07	18946076
420662	29	1.5306599635724e-06	18946076
420889	1	5.27813780542208e-08	18946076
420890	2	1.05562756108442e-07	18946076
423212	1	5.27813780542208e-08	18946076
423368	1207	6.37071233114445e-05	18946076
424182	1	5.27813780542208e-08	18946076
425011	6	3.16688268325325e-07	18946076
425104	1	5.27813780542208e-08	18946076
426114	2	1.05562756108442e-07	18946076
426117	4	2.11125512216883e-07	18946076
426355	4	2.11125512216883e-07	18946076
426430	2	1.05562756108442e-07	18946076
428406	12	6.3337653665065e-07	18946076
431895	1	5.27813780542208e-08	18946076
431943	1	5.27813780542208e-08	18946076
431946	2853	0.000150585271588692	18946076
431947	3	1.58344134162663e-07	18946076
435590	11	5.80595158596429e-07	18946076
435591	4	2.11125512216883e-07	18946076
435998	3	1.58344134162663e-07	18946076
436114	2	1.05562756108442e-07	18946076
436308	1	5.27813780542208e-08	18946076
436717	11	5.80595158596429e-07	18946076
438753	8	4.22251024433767e-07	18946076
439375	1	5.27813780542208e-08	18946076
439843	1350	7.12548603731981e-05	18946076
439851	511	2.69712841857068e-05	18946076
439855	34381	0.00181467655888217	18946076
440085	9	4.75032402487988e-07	18946076
441620	12	6.3337653665065e-07	18946076
441952	1	5.27813780542208e-08	18946076
442563	1	5.27813780542208e-08	18946076
443218	1	5.27813780542208e-08	18946076
443906	1	5.27813780542208e-08	18946076
444177	2	1.05562756108442e-07	18946076
444178	1	5.27813780542208e-08	18946076
444179	1	5.27813780542208e-08	18946076
444450	2831	0.000149424081271499	18946076
446462	2	1.05562756108442e-07	18946076
446465	1	5.27813780542208e-08	18946076
446466	1	5.27813780542208e-08	18946076
446469	6	3.16688268325325e-07	18946076
447217	2	1.05562756108442e-07	18946076
448385	1	5.27813780542208e-08	18946076
450851	4	2.11125512216883e-07	18946076
451515	11	5.80595158596429e-07	18946076
451516	9	4.75032402487988e-07	18946076
452637	2	1.05562756108442e-07	18946076
452638	15	7.91720670813312e-07	18946076
452652	3	1.58344134162663e-07	18946076
452662	12	6.3337653665065e-07	18946076
452863	1	5.27813780542208e-08	18946076
454166	18	9.50064804975975e-07	18946076
454169	239	1.26147493549588e-05	18946076
455632	3	1.58344134162663e-07	18946076
456481	1	5.27813780542208e-08	18946076
457425	1	5.27813780542208e-08	18946076
458233	29	1.5306599635724e-06	18946076
460265	1	5.27813780542208e-08	18946076
463136	1	5.27813780542208e-08	18946076
463137	1	5.27813780542208e-08	18946076
464988	2	1.05562756108442e-07	18946076
465515	19	1.0028461830302e-06	18946076
465817	5	2.63906890271104e-07	18946076
467705	209	1.10313080133322e-05	18946076
469008	770	4.064166110175e-05	18946076
469383	3	1.58344134162663e-07	18946076
471223	2	1.05562756108442e-07	18946076
471821	1	5.27813780542208e-08	18946076
471852	2	1.05562756108442e-07	18946076
471853	1	5.27813780542208e-08	18946076
471854	1	5.27813780542208e-08	18946076
471856	1	5.27813780542208e-08	18946076
471876	2	1.05562756108442e-07	18946076
474186	23	1.21397169524708e-06	18946076
476213	14	7.38939292759092e-07	18946076
478801	5	2.63906890271104e-07	18946076
479431	3	1.58344134162663e-07	18946076
479434	1	5.27813780542208e-08	18946076
479436	2	1.05562756108442e-07	18946076
480119	11	5.80595158596429e-07	18946076
481805	50051	0.00264176075299181	18946076
481877	6	3.16688268325325e-07	18946076
482957	2	1.05562756108442e-07	18946076
483219	2	1.05562756108442e-07	18946076
484021	178	9.39508529365131e-06	18946076
485916	4	2.11125512216883e-07	18946076
485918	1	5.27813780542208e-08	18946076
486410	6	3.16688268325325e-07	18946076
487213	1187	6.26514957503601e-05	18946076
487214	1287	6.79296335557822e-05	18946076
487521	1	5.27813780542208e-08	18946076
488221	190	1.0028461830302e-05	18946076
488222	262	1.38287210502059e-05	18946076
488223	301	1.58871947943205e-05	18946076
489653	2	1.05562756108442e-07	18946076
491915	2	1.05562756108442e-07	18946076
491916	4	2.11125512216883e-07	18946076
497978	5	2.63906890271104e-07	18946076
498211	2	1.05562756108442e-07	18946076
498217	9	4.75032402487988e-07	18946076
502025	1	5.27813780542208e-08	18946076
502800	1	5.27813780542208e-08	18946076
502801	1	5.27813780542208e-08	18946076
504474	21	1.10840893913864e-06	18946076
504728	2	1.05562756108442e-07	18946076
507522	142	7.49495568369936e-06	18946076
509169	11	5.80595158596429e-07	18946076
509170	1	5.27813780542208e-08	18946076
509173	367	1.9370765745899e-05	18946076
509190	1	5.27813780542208e-08	18946076
511062	3	1.58344134162663e-07	18946076
511995	1	5.27813780542208e-08	18946076
512566	623	3.28827985277796e-05	18946076
515619	6	3.16688268325325e-07	18946076
515620	1	5.27813780542208e-08	18946076
516950	1294	6.82991032021618e-05	18946076
521006	3	1.58344134162663e-07	18946076
521096	2	1.05562756108442e-07	18946076
521097	7	3.69469646379546e-07	18946076
521674	2	1.05562756108442e-07	18946076
522306	3	1.58344134162663e-07	18946076
522373	63	3.32522681741591e-06	18946076
523796	1	5.27813780542208e-08	18946076
525284	2639	0.000139290056685089	18946076
525381	911	4.80838354073952e-05	18946076
525903	2	1.05562756108442e-07	18946076
525909	1	5.27813780542208e-08	18946076
525919	23	1.21397169524708e-06	18946076
526225	6	3.16688268325325e-07	18946076
526226	2	1.05562756108442e-07	18946076
529120	1	5.27813780542208e-08	18946076
529507	15	7.91720670813312e-07	18946076
535289	92	4.85588678098832e-06	18946076
536019	2	1.05562756108442e-07	18946076
536056	5213	0.000275149323796653	18946076
536230	2	1.05562756108442e-07	18946076
536232	1	5.27813780542208e-08	18946076
543728	55	2.90297579298215e-06	18946076
543891	106	5.59482607374741e-06	18946076
543913	143	7.54773706175358e-06	18946076
544404	293	1.54649437698867e-05	18946076
544556	1	5.27813780542208e-08	18946076
545694	1	5.27813780542208e-08	18946076
545695	2	1.05562756108442e-07	18946076
546269	1	5.27813780542208e-08	18946076
546271	1	5.27813780542208e-08	18946076
546414	1	5.27813780542208e-08	18946076
548473	4	2.11125512216883e-07	18946076
548476	49	2.58628752465682e-06	18946076
548479	1	5.27813780542208e-08	18946076
550537	6	3.16688268325325e-07	18946076
550538	45	2.37516201243994e-06	18946076
550540	3	1.58344134162663e-07	18946076
551895	1	5.27813780542208e-08	18946076
552526	9	4.75032402487988e-07	18946076
552536	1	5.27813780542208e-08	18946076
553174	46	2.42794339049416e-06	18946076
553190	276	1.45676603429649e-05	18946076
553199	256	1.35120327818805e-05	18946076
553482	4	2.11125512216883e-07	18946076
554290	11	5.80595158596429e-07	18946076
555778	1	5.27813780542208e-08	18946076
557433	1	5.27813780542208e-08	18946076
557436	1	5.27813780542208e-08	18946076
557600	1	5.27813780542208e-08	18946076
557722	7	3.69469646379546e-07	18946076
557760	1	5.27813780542208e-08	18946076
559292	1	5.27813780542208e-08	18946076
559295	1	5.27813780542208e-08	18946076
559307	1	5.27813780542208e-08	18946076
561229	7	3.69469646379546e-07	18946076
561230	6	3.16688268325325e-07	18946076
561231	4	2.11125512216883e-07	18946076
561276	376	1.9845798148387e-05	18946076
563769	82	4.32807300044611e-06	18946076
564886	56	2.95575717103637e-06	18946076
565050	2	1.05562756108442e-07	18946076
566546	2306	0.000121713857793033	18946076
568707	1	5.27813780542208e-08	18946076
568708	3	1.58344134162663e-07	18946076
568813	3	1.58344134162663e-07	18946076
568814	13	6.86157914704871e-07	18946076
568816	2	1.05562756108442e-07	18946076
572264	2	1.05562756108442e-07	18946076
572307	2	1.05562756108442e-07	18946076
572477	1	5.27813780542208e-08	18946076
573059	1	5.27813780542208e-08	18946076
573065	1	5.27813780542208e-08	18946076
573235	8592	0.000453497600241865	18946076
573370	2	1.05562756108442e-07	18946076
574093	182	9.60621080586819e-06	18946076
574521	5368	0.000283330437395057	18946076
575614	9	4.75032402487988e-07	18946076
577650	1	5.27813780542208e-08	18946076
578455	2	1.05562756108442e-07	18946076
579405	6	3.16688268325325e-07	18946076
580327	1	5.27813780542208e-08	18946076
580332	3	1.58344134162663e-07	18946076
582402	1	5.27813780542208e-08	18946076
583345	2	1.05562756108442e-07	18946076
583346	1	5.27813780542208e-08	18946076
583355	1	5.27813780542208e-08	18946076
585034	3648	0.000192546467141798	18946076
585035	6148	0.00032449991227735	18946076
585054	7048	0.000372003152526148	18946076
585055	6019	0.000317691114508355	18946076
585056	11167	0.000589409648731484	18946076
585057	30820	0.00162672207163109	18946076
585394	1	5.27813780542208e-08	18946076
585395	3497	0.00018457647905561	18946076
585396	2031	0.000107198978828123	18946076
585397	4065	0.000214556301790408	18946076
588858	94	4.96144953709676e-06	18946076
590409	6	3.16688268325325e-07	18946076
590998	1	5.27813780542208e-08	18946076
591001	2	1.05562756108442e-07	18946076
591020	1503	7.93304112154939e-05	18946076
591365	23	1.21397169524708e-06	18946076
591946	3149	0.000166208559492741	18946076
592029	2	1.05562756108442e-07	18946076
592316	1	5.27813780542208e-08	18946076
593588	2	1.05562756108442e-07	18946076
593907	1	5.27813780542208e-08	18946076
595494	2	1.05562756108442e-07	18946076
595495	11702	0.000617647685990492	18946076
595496	1277	6.740181977524e-05	18946076
595528	2	1.05562756108442e-07	18946076
595537	42	2.21681787827727e-06	18946076
596153	100	5.27813780542208e-06	18946076
596154	66	3.48357095157857e-06	18946076
600809	1	5.27813780542208e-08	18946076
604162	2	1.05562756108442e-07	18946076
617121	2	1.05562756108442e-07	18946076
622759	2	1.05562756108442e-07	18946076
626418	4	2.11125512216883e-07	18946076
627192	11	5.80595158596429e-07	18946076
630588	1	5.27813780542208e-08	18946076
630626	15	7.91720670813312e-07	18946076
632772	5	2.63906890271104e-07	18946076
633147	1	5.27813780542208e-08	18946076
633149	2	1.05562756108442e-07	18946076
633699	1	5.27813780542208e-08	18946076
634176	1	5.27813780542208e-08	18946076
634452	1	5.27813780542208e-08	18946076
634499	42	2.21681787827727e-06	18946076
634500	11	5.80595158596429e-07	18946076
634503	1	5.27813780542208e-08	18946076
634956	1	5.27813780542208e-08	18946076
637379	3	1.58344134162663e-07	18946076
637909	7	3.69469646379546e-07	18946076
637910	390	2.05847374411461e-05	18946076
639283	2	1.05562756108442e-07	18946076
640081	6	3.16688268325325e-07	18946076
640131	69	3.64191508574124e-06	18946076
640510	3	1.58344134162663e-07	18946076
640511	3	1.58344134162663e-07	18946076
640512	2	1.05562756108442e-07	18946076
640513	23	1.21397169524708e-06	18946076
642492	3	1.58344134162663e-07	18946076
643561	65	3.43078957352435e-06	18946076
643867	1	5.27813780542208e-08	18946076
644042	6	3.16688268325325e-07	18946076
644283	2	1.05562756108442e-07	18946076
644284	1	5.27813780542208e-08	18946076
644651	29	1.5306599635724e-06	18946076
644801	5	2.63906890271104e-07	18946076
645127	7	3.69469646379546e-07	18946076
646529	1	5.27813780542208e-08	18946076
648999	2	1.05562756108442e-07	18946076
649831	1	5.27813780542208e-08	18946076
652103	4	2.11125512216883e-07	18946076
653045	3	1.58344134162663e-07	18946076
655815	4	2.11125512216883e-07	18946076
655817	1255	6.62406294580471e-05	18946076
657309	3	1.58344134162663e-07	18946076
657310	39	2.05847374411461e-06	18946076
657314	2	1.05562756108442e-07	18946076
657317	3	1.58344134162663e-07	18946076
657318	4	2.11125512216883e-07	18946076
657319	1	5.27813780542208e-08	18946076
657322	2	1.05562756108442e-07	18946076
657323	1	5.27813780542208e-08	18946076
661410	2	1.05562756108442e-07	18946076
662755	4	2.11125512216883e-07	18946076
663951	13	6.86157914704871e-07	18946076
663954	4	2.11125512216883e-07	18946076
665029	12	6.3337653665065e-07	18946076
666681	4	2.11125512216883e-07	18946076
666685	4	2.11125512216883e-07	18946076
667015	3	1.58344134162663e-07	18946076
670307	1	5.27813780542208e-08	18946076
670487	1	5.27813780542208e-08	18946076
673837	1	5.27813780542208e-08	18946076
675635	2	1.05562756108442e-07	18946076
679897	2	1.05562756108442e-07	18946076
679935	2	1.05562756108442e-07	18946076
680646	5	2.63906890271104e-07	18946076
684738	4	2.11125512216883e-07	18946076
685038	1248	6.58711598116676e-05	18946076
685727	4	2.11125512216883e-07	18946076
688245	28	1.47787858551818e-06	18946076
688270	10	5.27813780542208e-07	18946076
690566	9	4.75032402487988e-07	18946076
691437	1	5.27813780542208e-08	18946076
693216	5	2.63906890271104e-07	18946076
693444	231	1.2192498330525e-05	18946076
693982	2	1.05562756108442e-07	18946076
696216	25	1.31953445135552e-06	18946076
696406	2852	0.000150532490210638	18946076
696749	5	2.63906890271104e-07	18946076
697283	73	3.85304059795812e-06	18946076
698737	2	1.05562756108442e-07	18946076
698948	1	5.27813780542208e-08	18946076
698962	2	1.05562756108442e-07	18946076
698963	1	5.27813780542208e-08	18946076
698964	2	1.05562756108442e-07	18946076
698967	1	5.27813780542208e-08	18946076
698973	2	1.05562756108442e-07	18946076
699033	21	1.10840893913864e-06	18946076
699246	10	5.27813780542208e-07	18946076
700508	4	2.11125512216883e-07	18946076
700598	1	5.27813780542208e-08	18946076
701177	2252	0.000118863663378105	18946076
701347	48	2.5335061466026e-06	18946076
702113	3	1.58344134162663e-07	18946076
702459	1	5.27813780542208e-08	18946076
706191	4	2.11125512216883e-07	18946076
707241	1	5.27813780542208e-08	18946076
709991	8	4.22251024433767e-07	18946076
710421	3	1.58344134162663e-07	18946076
710685	1	5.27813780542208e-08	18946076
710686	1	5.27813780542208e-08	18946076
710696	1	5.27813780542208e-08	18946076
712898	6	3.16688268325325e-07	18946076
713604	1	5.27813780542208e-08	18946076
714313	4	2.11125512216883e-07	18946076
714962	5686	0.0003001149156163	18946076
716540	12	6.3337653665065e-07	18946076
716541	60	3.16688268325325e-06	18946076
717605	1	5.27813780542208e-08	18946076
717608	1	5.27813780542208e-08	18946076
717785	2	1.05562756108442e-07	18946076
717959	2	1.05562756108442e-07	18946076
717962	3	1.58344134162663e-07	18946076
718251	8	4.22251024433767e-07	18946076
718252	3	1.58344134162663e-07	18946076
718254	10	5.27813780542208e-07	18946076
718274	13	6.86157914704871e-07	18946076
741091	6	3.16688268325325e-07	18946076
741093	34	1.79456685384351e-06	18946076
742013	80	4.22251024433767e-06	18946076
743525	4	2.11125512216883e-07	18946076
743718	1	5.27813780542208e-08	18946076
743720	1	5.27813780542208e-08	18946076
743721	1	5.27813780542208e-08	18946076
744533	15	7.91720670813312e-07	18946076
745277	3	1.58344134162663e-07	18946076
745310	11	5.80595158596429e-07	18946076
745776	2	1.05562756108442e-07	18946076
746361	1	5.27813780542208e-08	18946076
746697	4	2.11125512216883e-07	18946076
747365	1	5.27813780542208e-08	18946076
748247	3	1.58344134162663e-07	18946076
748280	1	5.27813780542208e-08	18946076
748671	2	1.05562756108442e-07	18946076
749414	1	5.27813780542208e-08	18946076
749927	2	1.05562756108442e-07	18946076
754035	2	1.05562756108442e-07	18946076
754252	1	5.27813780542208e-08	18946076
754477	1	5.27813780542208e-08	18946076
755732	12	6.3337653665065e-07	18946076
757424	3	1.58344134162663e-07	18946076
759362	1	5.27813780542208e-08	18946076
760192	2	1.05562756108442e-07	18946076
760570	69	3.64191508574124e-06	18946076
761193	1	5.27813780542208e-08	18946076
762376	6	3.16688268325325e-07	18946076
762903	1	5.27813780542208e-08	18946076
762948	1	5.27813780542208e-08	18946076
765911	1	5.27813780542208e-08	18946076
767029	1	5.27813780542208e-08	18946076
767031	12	6.3337653665065e-07	18946076
767463	22	1.16119031719286e-06	18946076
768486	3	1.58344134162663e-07	18946076
768490	3	1.58344134162663e-07	18946076
768492	2	1.05562756108442e-07	18946076
859655	10	5.27813780542208e-07	18946076
859656	5	2.63906890271104e-07	18946076
859657	5	2.63906890271104e-07	18946076
860228	4	2.11125512216883e-07	18946076
861360	1	5.27813780542208e-08	18946076
862719	4	2.11125512216883e-07	18946076
862962	2	1.05562756108442e-07	18946076
862965	8	4.22251024433767e-07	18946076
862966	104	5.48926331763897e-06	18946076
862967	14	7.38939292759092e-07	18946076
862969	10	5.27813780542208e-07	18946076
862970	5	2.63906890271104e-07	18946076
862971	5	2.63906890271104e-07	18946076
866630	2	1.05562756108442e-07	18946076
866768	27647	0.00145924675906504	18946076
866775	8	4.22251024433767e-07	18946076
866777	1	5.27813780542208e-08	18946076
866913	20	1.05562756108442e-06	18946076
867900	2	1.05562756108442e-07	18946076
867902	1	5.27813780542208e-08	18946076
868597	12	6.3337653665065e-07	18946076
869212	2	1.05562756108442e-07	18946076
869215	110	5.80595158596429e-06	18946076
869216	103	5.43648193958475e-06	18946076
869269	102	5.38370056153053e-06	18946076
869303	17	8.97283426921754e-07	18946076
869304	4	2.11125512216883e-07	18946076
869306	46	2.42794339049416e-06	18946076
869309	3404	0.000179667810896568	18946076
869729	12010	0.000633904350431192	18946076
871271	1	5.27813780542208e-08	18946076
871585	7	3.69469646379546e-07	18946076
875328	1	5.27813780542208e-08	18946076
877468	135	7.12548603731981e-06	18946076
879243	2	1.05562756108442e-07	18946076
880071	1	5.27813780542208e-08	18946076
880591	1	5.27813780542208e-08	18946076
880758	1	5.27813780542208e-08	18946076
882378	1	5.27813780542208e-08	18946076
882884	477	2.51767173318633e-05	18946076
884204	2	1.05562756108442e-07	18946076
885275	11	5.80595158596429e-07	18946076
885276	491	2.59156566246224e-05	18946076
886377	1	5.27813780542208e-08	18946076
889738	2	1.05562756108442e-07	18946076
889932	4	2.11125512216883e-07	18946076
891391	17	8.97283426921754e-07	18946076
891398	1	5.27813780542208e-08	18946076
903503	4	2.11125512216883e-07	18946076
905079	13	6.86157914704871e-07	18946076
908937	9	4.75032402487988e-07	18946076
909946	10	5.27813780542208e-07	18946076
909952	17	8.97283426921754e-07	18946076
910348	661	3.488849089384e-05	18946076
926550	1	5.27813780542208e-08	18946076
926562	1	5.27813780542208e-08	18946076
927666	1135	5.99068640915406e-05	18946076
929439	1	5.27813780542208e-08	18946076
929562	4	2.11125512216883e-07	18946076
930169	2	1.05562756108442e-07	18946076
930171	1	5.27813780542208e-08	18946076
930944	5	2.63906890271104e-07	18946076
931281	1	5.27813780542208e-08	18946076
932677	3	1.58344134162663e-07	18946076
933093	1	5.27813780542208e-08	18946076
935296	192	1.01340245864104e-05	18946076
935588	1	5.27813780542208e-08	18946076
935897	2	1.05562756108442e-07	18946076
936153	91	4.8031054029341e-06	18946076
936154	4	2.11125512216883e-07	18946076
936155	1	5.27813780542208e-08	18946076
936156	2	1.05562756108442e-07	18946076
936157	182	9.60621080586819e-06	18946076
937773	1	5.27813780542208e-08	18946076
940296	1	5.27813780542208e-08	18946076
941193	1	5.27813780542208e-08	18946076
942513	1	5.27813780542208e-08	18946076
945021	2	1.05562756108442e-07	18946076
945704	27	1.42509720746396e-06	18946076
945711	1	5.27813780542208e-08	18946076
953739	1	5.27813780542208e-08	18946076
956149	56	2.95575717103637e-06	18946076
977880	8	4.22251024433767e-07	18946076
979556	7	3.69469646379546e-07	18946076
981368	1	5.27813780542208e-08	18946076
981540	6	3.16688268325325e-07	18946076
983544	19	1.0028461830302e-06	18946076
983548	9	4.75032402487988e-07	18946076
983917	20	1.05562756108442e-06	18946076
984892	2	1.05562756108442e-07	18946076
985002	1	5.27813780542208e-08	18946076
990315	6	3.16688268325325e-07	18946076
990317	4	2.11125512216883e-07	18946076
991905	3	1.58344134162663e-07	18946076
993512	1	5.27813780542208e-08	18946076
994476	5	2.63906890271104e-07	18946076
994484	4	2.11125512216883e-07	18946076
996285	1	5.27813780542208e-08	18946076
999541	4	2.11125512216883e-07	18946076
999552	2	1.05562756108442e-07	18946076
1001583	1	5.27813780542208e-08	18946076
1001585	3	1.58344134162663e-07	18946076
1002672	1	5.27813780542208e-08	18946076
1002804	1	5.27813780542208e-08	18946076
1003195	2	1.05562756108442e-07	18946076
1004785	1	5.27813780542208e-08	18946076
1004787	1	5.27813780542208e-08	18946076
1004951	5	2.63906890271104e-07	18946076
1004952	13	6.86157914704871e-07	18946076
1005042	20	1.05562756108442e-06	18946076
1005048	7	3.69469646379546e-07	18946076
1006543	6	3.16688268325325e-07	18946076
1006551	30	1.58344134162662e-06	18946076
1007064	5	2.63906890271104e-07	18946076
1007105	1	5.27813780542208e-08	18946076
1009464	2731	0.000144145943466077	18946076
1009846	4	2.11125512216883e-07	18946076
1016998	217	1.14535590377659e-05	18946076
1028307	13	6.86157914704871e-07	18946076
1029756	1	5.27813780542208e-08	18946076
1030009	1	5.27813780542208e-08	18946076
1030843	2	1.05562756108442e-07	18946076
1031709	17	8.97283426921754e-07	18946076
1031711	4	2.11125512216883e-07	18946076
1033813	6698	0.000353529670207171	18946076
1034807	122	6.43932812261494e-06	18946076
1034809	1	5.27813780542208e-08	18946076
1035377	2	1.05562756108442e-07	18946076
1036672	2	1.05562756108442e-07	18946076
1037409	7	3.69469646379546e-07	18946076
1037911	15	7.91720670813312e-07	18946076
1041826	54	2.85019441492793e-06	18946076
1042156	1	5.27813780542208e-08	18946076
1042876	2	1.05562756108442e-07	18946076
1042878	10	5.27813780542208e-07	18946076
1045855	3	1.58344134162663e-07	18946076
1045856	12	6.3337653665065e-07	18946076
1046624	1	5.27813780542208e-08	18946076
1046629	37	1.95291098800617e-06	18946076
1048332	26	1.37231582940974e-06	18946076
1048689	2481	0.000130950598952522	18946076
1049565	20	1.05562756108442e-06	18946076
1051072	4	2.11125512216883e-07	18946076
1051074	6	3.16688268325325e-07	18946076
1053648	1	5.27813780542208e-08	18946076
1054460	3048	0.000160877640309265	18946076
1064539	3	1.58344134162663e-07	18946076
1064551	1	5.27813780542208e-08	18946076
1069533	7	3.69469646379546e-07	18946076
1071381	1	5.27813780542208e-08	18946076
1072459	14203	0.000749653912504099	18946076
1074919	9	4.75032402487988e-07	18946076
1075089	1	5.27813780542208e-08	18946076
1076934	4	2.11125512216883e-07	18946076
1081093	10	5.27813780542208e-07	18946076
1082931	2	1.05562756108442e-07	18946076
1089456	7	3.69469646379546e-07	18946076
1090974	1	5.27813780542208e-08	18946076
1091045	88	4.64476126877143e-06	18946076
1093141	1	5.27813780542208e-08	18946076
1093787	1	5.27813780542208e-08	18946076
1094466	60	3.16688268325325e-06	18946076
1095774	9	4.75032402487988e-07	18946076
1096995	1	5.27813780542208e-08	18946076
1097668	2	1.05562756108442e-07	18946076
1097677	2	1.05562756108442e-07	18946076
1104322	11	5.80595158596429e-07	18946076
1104326	11	5.80595158596429e-07	18946076
1110502	2	1.05562756108442e-07	18946076
1111068	1	5.27813780542208e-08	18946076
1111069	2	1.05562756108442e-07	18946076
1111678	5	2.63906890271104e-07	18946076
1114965	66	3.48357095157857e-06	18946076
1114966	6	3.16688268325325e-07	18946076
1114967	18	9.50064804975975e-07	18946076
1114969	254	1.34064700257721e-05	18946076
1114970	4	2.11125512216883e-07	18946076
1116231	7	3.69469646379546e-07	18946076
1117943	4	2.11125512216883e-07	18946076
1118959	10	5.27813780542208e-07	18946076
1120755	2	1.05562756108442e-07	18946076
1121362	6	3.16688268325325e-07	18946076
1123519	4	2.11125512216883e-07	18946076
1123523	2	1.05562756108442e-07	18946076
1123863	5	2.63906890271104e-07	18946076
1124936	1214	6.40765929578241e-05	18946076
1124983	4	2.11125512216883e-07	18946076
1124991	7	3.69469646379546e-07	18946076
1125630	584	3.0824324783665e-05	18946076
1127134	2	1.05562756108442e-07	18946076
1128398	1	5.27813780542208e-08	18946076
1130804	118	6.22820261039806e-06	18946076
1133852	3896	0.000205636248899244	18946076
1133853	7267	0.000383562274320023	18946076
1134454	117	6.17542123234384e-06	18946076
1134782	1618	8.54002696917293e-05	18946076
1136179	64	3.37800819547013e-06	18946076
1137651	1	5.27813780542208e-08	18946076
1138308	11	5.80595158596429e-07	18946076
1138383	1	5.27813780542208e-08	18946076
1144275	1	5.27813780542208e-08	18946076
1146883	3	1.58344134162663e-07	18946076
1150469	1	5.27813780542208e-08	18946076
1151116	5	2.63906890271104e-07	18946076
1155071	2	1.05562756108442e-07	18946076
1155766	4	2.11125512216883e-07	18946076
1156431	81	4.27529162239189e-06	18946076
1156433	83	4.38085437850033e-06	18946076
1156913	5	2.63906890271104e-07	18946076
1160717	14	7.38939292759092e-07	18946076
1163399	21	1.10840893913864e-06	18946076
1163617	1	5.27813780542208e-08	18946076
1163745	1	5.27813780542208e-08	18946076
1166016	3	1.58344134162663e-07	18946076
1166018	1	5.27813780542208e-08	18946076
1166130	15	7.91720670813312e-07	18946076
1167634	12	6.3337653665065e-07	18946076
1170318	12	6.3337653665065e-07	18946076
1171373	1	5.27813780542208e-08	18946076
1171376	138	7.28383017148247e-06	18946076
1173020	1	5.27813780542208e-08	18946076
1173025	1	5.27813780542208e-08	18946076
1173427	14	7.38939292759092e-07	18946076
1179773	2	1.05562756108442e-07	18946076
1185652	1	5.27813780542208e-08	18946076
1187956	6	3.16688268325325e-07	18946076
1191061	515	2.71824096979237e-05	18946076
1192196	1	5.27813780542208e-08	18946076
1193292	179	9.44786667170553e-06	18946076
1194526	10	5.27813780542208e-07	18946076
1196325	2	1.05562756108442e-07	18946076
1196835	7	3.69469646379546e-07	18946076
1197719	10	5.27813780542208e-07	18946076
1198627	1	5.27813780542208e-08	18946076
1200352	1	5.27813780542208e-08	18946076
1201010	2	1.05562756108442e-07	18946076
1202772	1	5.27813780542208e-08	18946076
1203670	1	5.27813780542208e-08	18946076
1205910	1	5.27813780542208e-08	18946076
1206105	17	8.97283426921754e-07	18946076
1207075	4	2.11125512216883e-07	18946076
1208660	1	5.27813780542208e-08	18946076
1211025	10	5.27813780542208e-07	18946076
1211705	1	5.27813780542208e-08	18946076
1214242	1	5.27813780542208e-08	18946076
1215088	5	2.63906890271104e-07	18946076
1216976	8	4.22251024433767e-07	18946076
1217984	3	1.58344134162663e-07	18946076
1218933	1	5.27813780542208e-08	18946076
1219076	2	1.05562756108442e-07	18946076
1224163	2	1.05562756108442e-07	18946076
1228997	1	5.27813780542208e-08	18946076
1232381	1	5.27813780542208e-08	18946076
1234603	3	1.58344134162663e-07	18946076
1234679	1	5.27813780542208e-08	18946076
1241583	1	5.27813780542208e-08	18946076
1244085	7	3.69469646379546e-07	18946076
1245469	6	3.16688268325325e-07	18946076
1245471	4	2.11125512216883e-07	18946076
1246301	42	2.21681787827727e-06	18946076
1246365	2	1.05562756108442e-07	18946076
1246995	3	1.58344134162663e-07	18946076
1249634	7	3.69469646379546e-07	18946076
1249661	3	1.58344134162663e-07	18946076
1254432	2	1.05562756108442e-07	18946076
1254439	3	1.58344134162663e-07	18946076
1261557	5	2.63906890271104e-07	18946076
1262456	5	2.63906890271104e-07	18946076
1265601	1	5.27813780542208e-08	18946076
1266738	1	5.27813780542208e-08	18946076
1267753	43	2.2695992563315e-06	18946076
1267754	2	1.05562756108442e-07	18946076
1271752	1	5.27813780542208e-08	18946076
1271862	292	1.54121623918325e-05	18946076
1271863	5	2.63906890271104e-07	18946076
1271864	1	5.27813780542208e-08	18946076
1274814	2940	0.000155177251479409	18946076
1276282	5	2.63906890271104e-07	18946076
1276647	2	1.05562756108442e-07	18946076
1278073	2	1.05562756108442e-07	18946076
1282356	8	4.22251024433767e-07	18946076
1283331	4	2.11125512216883e-07	18946076
1286170	149	7.8644253300789e-06	18946076
1288122	2	1.05562756108442e-07	18946076
1288394	1	5.27813780542208e-08	18946076
1294143	7	3.69469646379546e-07	18946076
1298917	46	2.42794339049416e-06	18946076
1302863	136	7.17826741537403e-06	18946076
1303024	1	5.27813780542208e-08	18946076
1303692	2	1.05562756108442e-07	18946076
1304892	2	1.05562756108442e-07	18946076
1305849	1	5.27813780542208e-08	18946076
1309806	1	5.27813780542208e-08	18946076
1313172	2	1.05562756108442e-07	18946076
1314884	1	5.27813780542208e-08	18946076
1318615	6	3.16688268325325e-07	18946076
1318633	7	3.69469646379546e-07	18946076
1322346	1	5.27813780542208e-08	18946076
1328306	1	5.27813780542208e-08	18946076
1331671	2	1.05562756108442e-07	18946076
1332188	1	5.27813780542208e-08	18946076
1335916	450	2.37516201243994e-05	18946076
1340847	8	4.22251024433767e-07	18946076
1343740	3	1.58344134162663e-07	18946076
1346614	2	1.05562756108442e-07	18946076
1348660	12	6.3337653665065e-07	18946076
1348662	2	1.05562756108442e-07	18946076
1355100	8754	0.000462048183486649	18946076
1367847	3	1.58344134162663e-07	18946076
1380774	3	1.58344134162663e-07	18946076
1380908	428	2.25904298072065e-05	18946076
1382700	770	4.064166110175e-05	18946076
1401659	32	1.68900409773507e-06	18946076
1406860	1	5.27813780542208e-08	18946076
1406863	5	2.63906890271104e-07	18946076
1408179	21	1.10840893913864e-06	18946076
1415630	23	1.21397169524708e-06	18946076
1416914	3	1.58344134162663e-07	18946076
1427342	3	1.58344134162663e-07	18946076
1435356	3	1.58344134162663e-07	18946076
1436140	1	5.27813780542208e-08	18946076
