Tax.ID	Frequency	Proportion	Total
394	4	1.64758149452941e-07	24278010
882	1	4.11895373632353e-08	24278010
1140	1	4.11895373632353e-08	24278010
1639	3	1.23568612089706e-07	24278010
2762	6	2.47137224179412e-07	24278010
2769	2	8.23790747264706e-08	24278010
2787	4	1.64758149452941e-07	24278010
2839	17	7.00222135175e-07	24278010
2850	25	1.02973843408088e-06	24278010
2880	3	1.23568612089706e-07	24278010
2903	1	4.11895373632353e-08	24278010
2986	1	4.11895373632353e-08	24278010
4770	7	2.88326761542647e-07	24278010
5061	2	8.23790747264706e-08	24278010
5518	1	4.11895373632353e-08	24278010
5661	1	4.11895373632353e-08	24278010
5762	4	1.64758149452941e-07	24278010
5786	2	8.23790747264706e-08	24278010
5911	7	2.88326761542647e-07	24278010
5932	6	2.47137224179412e-07	24278010
10359	1	4.11895373632353e-08	24278010
10629	143	5.89010384294265e-06	24278010
10632	7	2.88326761542647e-07	24278010
12402	1	4.11895373632353e-08	24278010
28072	1	4.11895373632353e-08	24278010
31964	8	3.29516298905882e-07	24278010
32603	80	3.29516298905882e-06	24278010
32604	172	7.08460042647647e-06	24278010
33653	1	4.11895373632353e-08	24278010
33657	1	4.11895373632353e-08	24278010
33658	4	1.64758149452941e-07	24278010
35128	13	5.35463985722059e-07	24278010
36329	4	1.64758149452941e-07	24278010
36809	6	2.47137224179412e-07	24278010
40041	1	4.11895373632353e-08	24278010
43685	1	4.11895373632353e-08	24278010
43925	6	2.47137224179412e-07	24278010
43926	2	8.23790747264706e-08	24278010
43989	3	1.23568612089706e-07	24278010
44056	2	8.23790747264706e-08	24278010
44058	4	1.64758149452941e-07	24278010
46234	3	1.23568612089706e-07	24278010
48942	2	8.23790747264706e-08	24278010
52970	20	8.23790747264706e-07	24278010
55529	28	1.15330704617059e-06	24278010
55884	1	4.11895373632353e-08	24278010
56107	1	4.11895373632353e-08	24278010
56110	1	4.11895373632353e-08	24278010
60480	2	8.23790747264706e-08	24278010
60481	12	4.94274448358824e-07	24278010
62928	14	5.76653523085294e-07	24278010
62977	2	8.23790747264706e-08	24278010
63186	2	8.23790747264706e-08	24278010
64471	5	2.05947686816176e-07	24278010
65071	5	2.05947686816176e-07	24278010
65393	1	4.11895373632353e-08	24278010
67571	1	4.11895373632353e-08	24278010
67593	1	4.11895373632353e-08	24278010
69328	9	3.70705836269118e-07	24278010
71421	2	8.23790747264706e-08	24278010
72520	3	1.23568612089706e-07	24278010
74546	1	4.11895373632353e-08	24278010
74557	1	4.11895373632353e-08	24278010
75379	8	3.29516298905882e-07	24278010
76114	2	8.23790747264706e-08	24278010
76869	11	4.53084910995588e-07	24278010
78245	17	7.00222135175e-07	24278010
83406	2	8.23790747264706e-08	24278010
84588	1	4.11895373632353e-08	24278010
85643	16	6.59032597811765e-07	24278010
93062	1	4.11895373632353e-08	24278010
94122	3	1.23568612089706e-07	24278010
96561	1	4.11895373632353e-08	24278010
96563	29	1.19449658353382e-06	24278010
99287	2	8.23790747264706e-08	24278010
99598	3	1.23568612089706e-07	24278010
100226	3	1.23568612089706e-07	24278010
101510	34	1.40044427035e-06	24278010
103690	1	4.11895373632353e-08	24278010
106370	7	2.88326761542647e-07	24278010
110662	1	4.11895373632353e-08	24278010
114615	9	3.70705836269118e-07	24278010
118163	1	4.11895373632353e-08	24278010
120807	12	4.94274448358824e-07	24278010
122586	1	4.11895373632353e-08	24278010
122587	1	4.11895373632353e-08	24278010
134676	3	1.23568612089706e-07	24278010
136089	1	4.11895373632353e-08	24278010
137722	7	2.88326761542647e-07	24278010
145522	1	4.11895373632353e-08	24278010
150340	1	4.11895373632353e-08	24278010
153948	2	8.23790747264706e-08	24278010
155864	4	1.64758149452941e-07	24278010
156889	8	3.29516298905882e-07	24278010
158878	13	5.35463985722059e-07	24278010
158879	3	1.23568612089706e-07	24278010
159087	3	1.23568612089706e-07	24278010
160488	7	2.88326761542647e-07	24278010
160491	3	1.23568612089706e-07	24278010
160492	1	4.11895373632353e-08	24278010
160619	16	6.59032597811765e-07	24278010
164756	56	2.30661409234118e-06	24278010
169963	2	8.23790747264706e-08	24278010
170187	4	1.64758149452941e-07	24278010
171101	17	7.00222135175e-07	24278010
176279	588	2.42194479695824e-05	24278010
176280	620	2.55375131652059e-05	24278010
176299	4	1.64758149452941e-07	24278010
177437	1	4.11895373632353e-08	24278010
177439	2	8.23790747264706e-08	24278010
179408	5	2.05947686816176e-07	24278010
187272	4	1.64758149452941e-07	24278010
187303	3	1.23568612089706e-07	24278010
189423	3	1.23568612089706e-07	24278010
189918	4	1.64758149452941e-07	24278010
190304	2	8.23790747264706e-08	24278010
190485	20	8.23790747264706e-07	24278010
190486	2	8.23790747264706e-08	24278010
190650	3	1.23568612089706e-07	24278010
195103	21	8.64980284627941e-07	24278010
196162	17	7.00222135175e-07	24278010
196164	2	8.23790747264706e-08	24278010
196600	2	8.23790747264706e-08	24278010
196620	2	8.23790747264706e-08	24278010
198214	1	4.11895373632353e-08	24278010
198215	2	8.23790747264706e-08	24278010
198628	1	4.11895373632353e-08	24278010
199310	4	1.64758149452941e-07	24278010
203119	1	4.11895373632353e-08	24278010
203122	1	4.11895373632353e-08	24278010
203124	5	2.05947686816176e-07	24278010
203275	3	1.23568612089706e-07	24278010
204669	3	1.23568612089706e-07	24278010
204773	17	7.00222135175e-07	24278010
205913	259	1.06680901770779e-05	24278010
205914	2	8.23790747264706e-08	24278010
205918	2	8.23790747264706e-08	24278010
205922	12	4.94274448358824e-07	24278010
206672	1	4.11895373632353e-08	24278010
207559	1	4.11895373632353e-08	24278010
208596	7	2.88326761542647e-07	24278010
208963	12	4.94274448358824e-07	24278010
208964	23	9.47359359354412e-07	24278010
209261	1	4.11895373632353e-08	24278010
211586	3	1.23568612089706e-07	24278010
213810	5	2.05947686816176e-07	24278010
214092	1	4.11895373632353e-08	24278010
214684	1	4.11895373632353e-08	24278010
215689	1	4.11895373632353e-08	24278010
216432	5	2.05947686816176e-07	24278010
216591	4	1.64758149452941e-07	24278010
216592	7	2.88326761542647e-07	24278010
216594	2	8.23790747264706e-08	24278010
216595	67	2.75969900333676e-06	24278010
216596	10	4.11895373632353e-07	24278010
216597	1	4.11895373632353e-08	24278010
216599	4	1.64758149452941e-07	24278010
218495	2	8.23790747264706e-08	24278010
220341	147	6.05486199239559e-06	24278010
220664	7	2.88326761542647e-07	24278010
221988	1	4.11895373632353e-08	24278010
223283	5	2.05947686816176e-07	24278010
223926	1	4.11895373632353e-08	24278010
224308	5	2.05947686816176e-07	24278010
224911	16	6.59032597811765e-07	24278010
225849	4	1.64758149452941e-07	24278010
226185	11461	0.00047207328772004	24278010
226186	1	4.11895373632353e-08	24278010
227882	8	3.29516298905882e-07	24278010
229533	2	8.23790747264706e-08	24278010
231023	4	1.64758149452941e-07	24278010
232721	160	6.59032597811765e-06	24278010
234621	180	7.41411672538235e-06	24278010
234831	2	8.23790747264706e-08	24278010
235909	1	4.11895373632353e-08	24278010
242231	2	8.23790747264706e-08	24278010
242507	1	4.11895373632353e-08	24278010
242619	3	1.23568612089706e-07	24278010
243090	1	4.11895373632353e-08	24278010
243159	1	4.11895373632353e-08	24278010
243160	1	4.11895373632353e-08	24278010
243230	4	1.64758149452941e-07	24278010
243233	3	1.23568612089706e-07	24278010
243243	16	6.59032597811765e-07	24278010
243365	4	1.64758149452941e-07	24278010
245014	5	2.05947686816176e-07	24278010
245018	4	1.64758149452941e-07	24278010
246195	1	4.11895373632353e-08	24278010
246196	14	5.76653523085294e-07	24278010
246197	3	1.23568612089706e-07	24278010
246198	5	2.05947686816176e-07	24278010
246200	3	1.23568612089706e-07	24278010
247156	5	2.05947686816176e-07	24278010
251221	1	4.11895373632353e-08	24278010
255431	1	4.11895373632353e-08	24278010
257310	9	3.70705836269118e-07	24278010
257311	2	8.23790747264706e-08	24278010
257313	3	1.23568612089706e-07	24278010
257314	19	7.8260120990147e-07	24278010
258594	9	3.70705836269118e-07	24278010
261292	33	1.35925473298676e-06	24278010
262316	4	1.64758149452941e-07	24278010
262543	2	8.23790747264706e-08	24278010
262724	4	1.64758149452941e-07	24278010
262727	1	4.11895373632353e-08	24278010
262728	1	4.11895373632353e-08	24278010
263358	4	1.64758149452941e-07	24278010
264198	19	7.8260120990147e-07	24278010
264199	1	4.11895373632353e-08	24278010
264201	2	8.23790747264706e-08	24278010
264203	2	8.23790747264706e-08	24278010
264462	1	4.11895373632353e-08	24278010
264730	2	8.23790747264706e-08	24278010
265072	1	4.11895373632353e-08	24278010
266117	2	8.23790747264706e-08	24278010
266264	27	1.11211750880735e-06	24278010
266265	12	4.94274448358824e-07	24278010
266779	22	9.06169821991176e-07	24278010
266834	2	8.23790747264706e-08	24278010
266835	3	1.23568612089706e-07	24278010
266940	6	2.47137224179412e-07	24278010
267608	9	3.70705836269118e-07	24278010
267747	48	1.97709779343529e-06	24278010
269084	1	4.11895373632353e-08	24278010
269482	9	3.70705836269118e-07	24278010
269796	1	4.11895373632353e-08	24278010
269798	10	4.11895373632353e-07	24278010
269800	2	8.23790747264706e-08	24278010
271848	2	8.23790747264706e-08	24278010
272123	3	1.23568612089706e-07	24278010
272559	1	4.11895373632353e-08	24278010
272560	1	4.11895373632353e-08	24278010
272562	1	4.11895373632353e-08	24278010
272563	20	8.23790747264706e-07	24278010
272568	2	8.23790747264706e-08	24278010
272620	80	3.29516298905882e-06	24278010
272621	112	4.61322818468235e-06	24278010
272622	15	6.17843060448529e-07	24278010
272623	4	1.64758149452941e-07	24278010
272624	1	4.11895373632353e-08	24278010
272626	19	7.8260120990147e-07	24278010
272630	22	9.06169821991176e-07	24278010
272631	1	4.11895373632353e-08	24278010
272831	2	8.23790747264706e-08	24278010
272843	3	1.23568612089706e-07	24278010
272942	10	4.11895373632353e-07	24278010
272943	1	4.11895373632353e-08	24278010
273068	1	4.11895373632353e-08	24278010
273119	8	3.29516298905882e-07	24278010
273123	1	4.11895373632353e-08	24278010
278197	14	5.76653523085294e-07	24278010
279010	4	1.64758149452941e-07	24278010
279238	11	4.53084910995588e-07	24278010
279808	20	8.23790747264706e-07	24278010
280463	1	4.11895373632353e-08	24278010
280699	7	2.88326761542647e-07	24278010
281090	2	8.23790747264706e-08	24278010
281310	2	8.23790747264706e-08	24278010
284591	1	4.11895373632353e-08	24278010
284812	11	4.53084910995588e-07	24278010
286636	1	4.11895373632353e-08	24278010
288000	13	5.35463985722059e-07	24278010
288705	22	9.06169821991176e-07	24278010
289376	1	4.11895373632353e-08	24278010
289380	1	4.11895373632353e-08	24278010
290338	4	1.64758149452941e-07	24278010
290339	1	4.11895373632353e-08	24278010
290340	35	1.44163380771324e-06	24278010
290397	2	8.23790747264706e-08	24278010
290398	1	4.11895373632353e-08	24278010
290399	38	1.56520241980294e-06	24278010
290402	3	1.23568612089706e-07	24278010
291331	4	1.64758149452941e-07	24278010
292414	1	4.11895373632353e-08	24278010
292415	2	8.23790747264706e-08	24278010
292459	1	4.11895373632353e-08	24278010
292563	1	4.11895373632353e-08	24278010
293614	2	8.23790747264706e-08	24278010
295405	8	3.29516298905882e-07	24278010
296543	18	7.41411672538235e-07	24278010
296591	25	1.02973843408088e-06	24278010
298386	1	4.11895373632353e-08	24278010
298653	10	4.11895373632353e-07	24278010
298654	2	8.23790747264706e-08	24278010
299768	1	4.11895373632353e-08	24278010
300267	2	8.23790747264706e-08	24278010
300268	1	4.11895373632353e-08	24278010
300269	3	1.23568612089706e-07	24278010
300852	2	8.23790747264706e-08	24278010
304863	1	4.11895373632353e-08	24278010
306537	340	1.40044427035e-05	24278010
309801	1	4.11895373632353e-08	24278010
311403	1	4.11895373632353e-08	24278010
312153	60	2.47137224179412e-06	24278010
313595	3	1.23568612089706e-07	24278010
313596	5	2.05947686816176e-07	24278010
313598	22	9.06169821991176e-07	24278010
313603	4	1.64758149452941e-07	24278010
314225	3	1.23568612089706e-07	24278010
314260	1	4.11895373632353e-08	24278010
314315	4	1.64758149452941e-07	24278010
314565	12	4.94274448358824e-07	24278010
315749	2	8.23790747264706e-08	24278010
315750	10	4.11895373632353e-07	24278010
316055	7	2.88326761542647e-07	24278010
316056	11	4.53084910995588e-07	24278010
316057	9	3.70705836269118e-07	24278010
316058	10	4.11895373632353e-07	24278010
316273	5	2.05947686816176e-07	24278010
316275	3	1.23568612089706e-07	24278010
316278	2	8.23790747264706e-08	24278010
316385	5	2.05947686816176e-07	24278010
316401	5	2.05947686816176e-07	24278010
317025	1	4.11895373632353e-08	24278010
317655	18	7.41411672538235e-07	24278010
318167	1	4.11895373632353e-08	24278010
318586	6	2.47137224179412e-07	24278010
319224	3	1.23568612089706e-07	24278010
319225	2	8.23790747264706e-08	24278010
319795	22	9.06169821991176e-07	24278010
320388	5	2.05947686816176e-07	24278010
320389	1	4.11895373632353e-08	24278010
321956	28	1.15330704617059e-06	24278010
321967	12	4.94274448358824e-07	24278010
322159	29	1.19449658353382e-06	24278010
322710	10	4.11895373632353e-07	24278010
323097	2	8.23790747264706e-08	24278010
323098	3	1.23568612089706e-07	24278010
324831	189	7.78482256165147e-06	24278010
324925	1	4.11895373632353e-08	24278010
326423	9	3.70705836269118e-07	24278010
326424	19	7.8260120990147e-07	24278010
326425	74	3.04802576487941e-06	24278010
326426	10	4.11895373632353e-07	24278010
329726	1	4.11895373632353e-08	24278010
330214	4	1.64758149452941e-07	24278010
330879	1	4.11895373632353e-08	24278010
331111	17	7.00222135175e-07	24278010
331112	11	4.53084910995588e-07	24278010
331271	21	8.64980284627941e-07	24278010
331272	6	2.47137224179412e-07	24278010
331678	1	4.11895373632353e-08	24278010
333849	27	1.11211750880735e-06	24278010
334390	12	4.94274448358824e-07	24278010
334413	20	8.23790747264706e-07	24278010
335283	2	8.23790747264706e-08	24278010
335541	2	8.23790747264706e-08	24278010
335659	20	8.23790747264706e-07	24278010
337043	1	4.11895373632353e-08	24278010
337191	2	8.23790747264706e-08	24278010
338969	15	6.17843060448529e-07	24278010
339670	42	1.72996056925588e-06	24278010
340054	3	1.23568612089706e-07	24278010
340099	2	8.23790747264706e-08	24278010
340100	21	8.64980284627941e-07	24278010
340322	26	1.07092797144412e-06	24278010
342108	12	4.94274448358824e-07	24278010
342109	4	1.64758149452941e-07	24278010
342451	5	2.05947686816176e-07	24278010
344609	13	5.35463985722059e-07	24278010
347253	5	2.05947686816176e-07	24278010
347515	3	1.23568612089706e-07	24278010
349101	11	4.53084910995588e-07	24278010
349102	6	2.47137224179412e-07	24278010
349124	1	4.11895373632353e-08	24278010
349161	1	4.11895373632353e-08	24278010
349163	3	1.23568612089706e-07	24278010
349741	5	2.05947686816176e-07	24278010
349747	1	4.11895373632353e-08	24278010
350054	14	5.76653523085294e-07	24278010
350058	5	2.05947686816176e-07	24278010
351348	7	2.88326761542647e-07	24278010
351607	2	8.23790747264706e-08	24278010
351745	6	2.47137224179412e-07	24278010
351746	11	4.53084910995588e-07	24278010
352472	1	4.11895373632353e-08	24278010
352914	3	1.23568612089706e-07	24278010
353151	1	4.11895373632353e-08	24278010
353152	2	8.23790747264706e-08	24278010
353153	7	2.88326761542647e-07	24278010
353496	3	1.23568612089706e-07	24278010
354242	1	4.11895373632353e-08	24278010
355276	1	4.11895373632353e-08	24278010
355277	1	4.11895373632353e-08	24278010
357348	4	1.64758149452941e-07	24278010
357544	4	1.64758149452941e-07	24278010
357804	1	4.11895373632353e-08	24278010
357808	2	8.23790747264706e-08	24278010
358220	246	1.01326261913559e-05	24278010
358681	5	2.05947686816176e-07	24278010
359786	34	1.40044427035e-06	24278010
359787	5	2.05947686816176e-07	24278010
360094	8	3.29516298905882e-07	24278010
360102	30	1.23568612089706e-06	24278010
360105	1	4.11895373632353e-08	24278010
360106	1	4.11895373632353e-08	24278010
360107	1	4.11895373632353e-08	24278010
360910	7	2.88326761542647e-07	24278010
360911	1	4.11895373632353e-08	24278010
362242	2	8.23790747264706e-08	24278010
362663	27	1.11211750880735e-06	24278010
362948	3	1.23568612089706e-07	24278010
365044	51	2.100666405525e-06	24278010
365046	54	2.22423501761471e-06	24278010
365659	24	9.88548896717647e-07	24278010
366394	5	2.05947686816176e-07	24278010
366602	7	2.88326761542647e-07	24278010
367737	3	1.23568612089706e-07	24278010
367775	1	4.11895373632353e-08	24278010
367928	276	1.13683123122529e-05	24278010
369723	10	4.11895373632353e-07	24278010
370438	2	8.23790747264706e-08	24278010
370553	1	4.11895373632353e-08	24278010
372461	2	8.23790747264706e-08	24278010
373153	25	1.02973843408088e-06	24278010
373384	27	1.11211750880735e-06	24278010
374930	3	1.23568612089706e-07	24278010
374931	3	1.23568612089706e-07	24278010
375286	6	2.47137224179412e-07	24278010
375451	4	1.64758149452941e-07	24278010
376686	449	1.84941022760926e-05	24278010
376758	2	8.23790747264706e-08	24278010
377628	9	3.70705836269118e-07	24278010
378753	9	3.70705836269118e-07	24278010
378806	1	4.11895373632353e-08	24278010
379066	2	8.23790747264706e-08	24278010
379731	47	1.93590825607206e-06	24278010
380358	6	2.47137224179412e-07	24278010
380394	2	8.23790747264706e-08	24278010
380703	10	4.11895373632353e-07	24278010
380749	2	8.23790747264706e-08	24278010
381666	32	1.31806519562353e-06	24278010
381754	11	4.53084910995588e-07	24278010
382245	13	5.35463985722059e-07	24278010
383407	2	8.23790747264706e-08	24278010
383629	3	1.23568612089706e-07	24278010
384676	14	5.76653523085294e-07	24278010
386043	20	8.23790747264706e-07	24278010
386415	8	3.29516298905882e-07	24278010
386585	8	3.29516298905882e-07	24278010
386656	5	2.05947686816176e-07	24278010
387344	16	6.59032597811765e-07	24278010
388396	4	1.64758149452941e-07	24278010
388919	13	5.35463985722059e-07	24278010
390235	9	3.70705836269118e-07	24278010
390236	1	4.11895373632353e-08	24278010
390333	129	5.31345031985735e-06	24278010
390874	1	4.11895373632353e-08	24278010
391008	33	1.35925473298676e-06	24278010
391009	1	4.11895373632353e-08	24278010
391037	3	1.23568612089706e-07	24278010
391038	1	4.11895373632353e-08	24278010
391165	17	7.00222135175e-07	24278010
391295	97	3.99538512423382e-06	24278010
391296	90	3.70705836269118e-06	24278010
391595	2	8.23790747264706e-08	24278010
391616	1	4.11895373632353e-08	24278010
391619	2	8.23790747264706e-08	24278010
391735	58	2.38899316706765e-06	24278010
391774	2	8.23790747264706e-08	24278010
391904	167	6.87865273966029e-06	24278010
392499	23	9.47359359354412e-07	24278010
393011	3	1.23568612089706e-07	24278010
393115	1	4.11895373632353e-08	24278010
393127	1	4.11895373632353e-08	24278010
393305	7	2.88326761542647e-07	24278010
394221	3	1.23568612089706e-07	24278010
395019	40	1.64758149452941e-06	24278010
395491	2	8.23790747264706e-08	24278010
395492	2	8.23790747264706e-08	24278010
395494	1	4.11895373632353e-08	24278010
395495	53	2.18304548025147e-06	24278010
395960	13	5.35463985722059e-07	24278010
395961	1	4.11895373632353e-08	24278010
395963	1	4.11895373632353e-08	24278010
395965	4	1.64758149452941e-07	24278010
396513	1	4.11895373632353e-08	24278010
396588	12	4.94274448358824e-07	24278010
396595	1	4.11895373632353e-08	24278010
397945	61	2.51256177915735e-06	24278010
398527	8	3.29516298905882e-07	24278010
398577	4	1.64758149452941e-07	24278010
398578	135	5.56058754403676e-06	24278010
398580	2	8.23790747264706e-08	24278010
398839	2	8.23790747264706e-08	24278010
399185	3	1.23568612089706e-07	24278010
399739	26	1.07092797144412e-06	24278010
399741	1	4.11895373632353e-08	24278010
399742	1	4.11895373632353e-08	24278010
399781	10	4.11895373632353e-07	24278010
399804	4	1.64758149452941e-07	24278010
400667	16	6.59032597811765e-07	24278010
400673	1	4.11895373632353e-08	24278010
400756	15	6.17843060448529e-07	24278010
401053	1	4.11895373632353e-08	24278010
401473	42	1.72996056925588e-06	24278010
401614	1	4.11895373632353e-08	24278010
402612	222	9.14407729463823e-06	24278010
402626	15	6.17843060448529e-07	24278010
402881	1	4.11895373632353e-08	24278010
403677	12	4.94274448358824e-07	24278010
404589	4	1.64758149452941e-07	24278010
405416	8	3.29516298905882e-07	24278010
405535	1	4.11895373632353e-08	24278010
405566	385	1.58579718848456e-05	24278010
405948	6	2.47137224179412e-07	24278010
405955	35	1.44163380771324e-06	24278010
406425	2	8.23790747264706e-08	24278010
407148	1	4.11895373632353e-08	24278010
409438	5	2.05947686816176e-07	24278010
410289	9	3.70705836269118e-07	24278010
411154	19	7.8260120990147e-07	24278010
412022	3	1.23568612089706e-07	24278010
412133	1	4.11895373632353e-08	24278010
412694	13	5.35463985722059e-07	24278010
413997	4	1.64758149452941e-07	24278010
414684	3	1.23568612089706e-07	24278010
416344	3	1.23568612089706e-07	24278010
416870	5	2.05947686816176e-07	24278010
418127	4	1.64758149452941e-07	24278010
419610	17	7.00222135175e-07	24278010
419947	1	4.11895373632353e-08	24278010
420245	1	4.11895373632353e-08	24278010
420246	3	1.23568612089706e-07	24278010
420247	1	4.11895373632353e-08	24278010
420662	65	2.67731992861029e-06	24278010
420889	3	1.23568612089706e-07	24278010
420890	3	1.23568612089706e-07	24278010
423368	7	2.88326761542647e-07	24278010
423536	7	2.88326761542647e-07	24278010
424182	8	3.29516298905882e-07	24278010
425011	7	2.88326761542647e-07	24278010
426114	8	3.29516298905882e-07	24278010
426117	15	6.17843060448529e-07	24278010
426355	18	7.41411672538235e-07	24278010
426430	6	2.47137224179412e-07	24278010
428406	19	7.8260120990147e-07	24278010
431895	3	1.23568612089706e-07	24278010
431946	4	1.64758149452941e-07	24278010
431947	4	1.64758149452941e-07	24278010
434922	1	4.11895373632353e-08	24278010
435590	7	2.88326761542647e-07	24278010
435591	16	6.59032597811765e-07	24278010
435998	2	8.23790747264706e-08	24278010
436717	3	1.23568612089706e-07	24278010
438753	5	2.05947686816176e-07	24278010
439235	1	4.11895373632353e-08	24278010
439375	6	2.47137224179412e-07	24278010
439843	149	6.13724106712206e-06	24278010
439855	28	1.15330704617059e-06	24278010
440085	22	9.06169821991176e-07	24278010
441375	4	1.64758149452941e-07	24278010
441620	16	6.59032597811765e-07	24278010
441768	2	8.23790747264706e-08	24278010
442563	56	2.30661409234118e-06	24278010
443143	1	4.11895373632353e-08	24278010
443906	12	4.94274448358824e-07	24278010
444177	2	8.23790747264706e-08	24278010
444178	3	1.23568612089706e-07	24278010
444450	1	4.11895373632353e-08	24278010
445932	1	4.11895373632353e-08	24278010
446462	5	2.05947686816176e-07	24278010
446465	3	1.23568612089706e-07	24278010
446466	7	2.88326761542647e-07	24278010
446468	6	2.47137224179412e-07	24278010
446469	7	2.88326761542647e-07	24278010
446470	1	4.11895373632353e-08	24278010
446471	3	1.23568612089706e-07	24278010
447217	3	1.23568612089706e-07	24278010
448385	13	5.35463985722059e-07	24278010
449447	3	1.23568612089706e-07	24278010
450851	11	4.53084910995588e-07	24278010
451516	12	4.94274448358824e-07	24278010
452471	1	4.11895373632353e-08	24278010
452637	6	2.47137224179412e-07	24278010
452638	49	2.01828733079853e-06	24278010
452652	8	3.29516298905882e-07	24278010
452662	14	5.76653523085294e-07	24278010
452863	5	2.05947686816176e-07	24278010
454169	143	5.89010384294265e-06	24278010
455488	3	1.23568612089706e-07	24278010
455632	6	2.47137224179412e-07	24278010
457425	2	8.23790747264706e-08	24278010
457570	2	8.23790747264706e-08	24278010
458233	12	4.94274448358824e-07	24278010
458234	1	4.11895373632353e-08	24278010
458817	1	4.11895373632353e-08	24278010
460265	13	5.35463985722059e-07	24278010
464988	10	4.11895373632353e-07	24278010
465515	108	4.44847003522941e-06	24278010
465817	1	4.11895373632353e-08	24278010
467705	4	1.64758149452941e-07	24278010
469008	1	4.11895373632353e-08	24278010
469371	2	8.23790747264706e-08	24278010
469378	6	2.47137224179412e-07	24278010
469383	2	8.23790747264706e-08	24278010
469607	2	8.23790747264706e-08	24278010
471223	1	4.11895373632353e-08	24278010
471853	5	2.05947686816176e-07	24278010
471854	2	8.23790747264706e-08	24278010
471856	9	3.70705836269118e-07	24278010
471857	6	2.47137224179412e-07	24278010
471876	1	4.11895373632353e-08	24278010
474186	3055	0.000125834036644684	24278010
477641	3	1.23568612089706e-07	24278010
477974	1	4.11895373632353e-08	24278010
478433	1	4.11895373632353e-08	24278010
478434	3	1.23568612089706e-07	24278010
478801	25	1.02973843408088e-06	24278010
479431	7	2.88326761542647e-07	24278010
479432	1	4.11895373632353e-08	24278010
479433	10	4.11895373632353e-07	24278010
479435	1	4.11895373632353e-08	24278010
479436	2	8.23790747264706e-08	24278010
480119	5	2.05947686816176e-07	24278010
481448	1	4.11895373632353e-08	24278010
481805	39	1.60639195716618e-06	24278010
482957	8	3.29516298905882e-07	24278010
483219	3	1.23568612089706e-07	24278010
484021	56	2.30661409234118e-06	24278010
485917	5	2.05947686816176e-07	24278010
487213	12	4.94274448358824e-07	24278010
487214	12	4.94274448358824e-07	24278010
487521	3	1.23568612089706e-07	24278010
488221	1	4.11895373632353e-08	24278010
488222	2	8.23790747264706e-08	24278010
488223	2	8.23790747264706e-08	24278010
491915	10	4.11895373632353e-07	24278010
491916	3	1.23568612089706e-07	24278010
497978	8	3.29516298905882e-07	24278010
498211	1	4.11895373632353e-08	24278010
498217	2	8.23790747264706e-08	24278010
498761	1	4.11895373632353e-08	24278010
502801	1	4.11895373632353e-08	24278010
504472	4	1.64758149452941e-07	24278010
504474	43	1.77115010661912e-06	24278010
504832	17	7.00222135175e-07	24278010
505682	8	3.29516298905882e-07	24278010
507522	28	1.15330704617059e-06	24278010
509169	28	1.15330704617059e-06	24278010
509170	4	1.64758149452941e-07	24278010
509173	21	8.64980284627941e-07	24278010
509190	1	4.11895373632353e-08	24278010
510516	3	1.23568612089706e-07	24278010
511062	1	4.11895373632353e-08	24278010
511437	2	8.23790747264706e-08	24278010
511691	1	4.11895373632353e-08	24278010
512565	1	4.11895373632353e-08	24278010
512566	6	2.47137224179412e-07	24278010
515619	23	9.47359359354412e-07	24278010
515620	7	2.88326761542647e-07	24278010
516950	114	4.69560725940882e-06	24278010
517417	1	4.11895373632353e-08	24278010
517418	1	4.11895373632353e-08	24278010
521006	3	1.23568612089706e-07	24278010
521011	1	4.11895373632353e-08	24278010
521095	2	8.23790747264706e-08	24278010
521096	1	4.11895373632353e-08	24278010
521097	19	7.8260120990147e-07	24278010
521098	3	1.23568612089706e-07	24278010
521674	3	1.23568612089706e-07	24278010
522306	6	2.47137224179412e-07	24278010
522373	134	5.51939800667353e-06	24278010
523791	3	1.23568612089706e-07	24278010
525284	156647	0.00645221745933872	24278010
525381	9	3.70705836269118e-07	24278010
525897	2	8.23790747264706e-08	24278010
525904	2	8.23790747264706e-08	24278010
525909	2	8.23790747264706e-08	24278010
525919	17	7.00222135175e-07	24278010
526225	7	2.88326761542647e-07	24278010
526226	13	5.35463985722059e-07	24278010
526227	1	4.11895373632353e-08	24278010
529507	1	4.11895373632353e-08	24278010
531844	3	1.23568612089706e-07	24278010
535289	68	2.8008885407e-06	24278010
536019	3	1.23568612089706e-07	24278010
536056	3	1.23568612089706e-07	24278010
537457	1	4.11895373632353e-08	24278010
543728	77	3.17159437696912e-06	24278010
543734	1	4.11895373632353e-08	24278010
543891	10	4.11895373632353e-07	24278010
543913	290	1.19449658353382e-05	24278010
544404	1	4.11895373632353e-08	24278010
544556	2	8.23790747264706e-08	24278010
545693	7	2.88326761542647e-07	24278010
546269	6	2.47137224179412e-07	24278010
546342	5	2.05947686816176e-07	24278010
546414	2	8.23790747264706e-08	24278010
548473	16	6.59032597811765e-07	24278010
548476	25	1.02973843408088e-06	24278010
548479	16	6.59032597811765e-07	24278010
550540	1	4.11895373632353e-08	24278010
550542	2	8.23790747264706e-08	24278010
551895	2	8.23790747264706e-08	24278010
552536	2	8.23790747264706e-08	24278010
553174	10	4.11895373632353e-07	24278010
553190	17672	0.000727901504283094	24278010
553199	1849	7.6159454584622e-05	24278010
555079	1	4.11895373632353e-08	24278010
555970	2	8.23790747264706e-08	24278010
556484	4	1.64758149452941e-07	24278010
557433	2	8.23790747264706e-08	24278010
557436	20	8.23790747264706e-07	24278010
557598	1	4.11895373632353e-08	24278010
557599	4	1.64758149452941e-07	24278010
557600	1	4.11895373632353e-08	24278010
557722	4	1.64758149452941e-07	24278010
557723	1	4.11895373632353e-08	24278010
557760	7	2.88326761542647e-07	24278010
559292	16	6.59032597811765e-07	24278010
559295	2	8.23790747264706e-08	24278010
561229	1	4.11895373632353e-08	24278010
561230	1	4.11895373632353e-08	24278010
561231	2	8.23790747264706e-08	24278010
561276	47	1.93590825607206e-06	24278010
565040	5	2.05947686816176e-07	24278010
565042	2	8.23790747264706e-08	24278010
565050	2	8.23790747264706e-08	24278010
565655	6	2.47137224179412e-07	24278010
566546	1	4.11895373632353e-08	24278010
568206	2	8.23790747264706e-08	24278010
568703	1	4.11895373632353e-08	24278010
568704	3	1.23568612089706e-07	24278010
568706	2	8.23790747264706e-08	24278010
568707	6	2.47137224179412e-07	24278010
568814	12	4.94274448358824e-07	24278010
568816	30	1.23568612089706e-06	24278010
571800	1	4.11895373632353e-08	24278010
572265	3	1.23568612089706e-07	24278010
572477	2	8.23790747264706e-08	24278010
572479	2	8.23790747264706e-08	24278010
572480	2	8.23790747264706e-08	24278010
572544	2	8.23790747264706e-08	24278010
573059	1	4.11895373632353e-08	24278010
573061	4	1.64758149452941e-07	24278010
573235	6	2.47137224179412e-07	24278010
573729	5	2.05947686816176e-07	24278010
573826	2	8.23790747264706e-08	24278010
574093	7	2.88326761542647e-07	24278010
574521	5	2.05947686816176e-07	24278010
575540	5	2.05947686816176e-07	24278010
575614	5	2.05947686816176e-07	24278010
577650	1	4.11895373632353e-08	24278010
578234	131	5.39582939458382e-06	24278010
578455	8	3.29516298905882e-07	24278010
578461	2	8.23790747264706e-08	24278010
579112	1	4.11895373632353e-08	24278010
580050	18	7.41411672538235e-07	24278010
580332	4	1.64758149452941e-07	24278010
582744	1	4.11895373632353e-08	24278010
582899	5	2.05947686816176e-07	24278010
583345	3	1.23568612089706e-07	24278010
585034	1	4.11895373632353e-08	24278010
585035	6	2.47137224179412e-07	24278010
585054	7	2.88326761542647e-07	24278010
585055	7	2.88326761542647e-07	24278010
585056	7	2.88326761542647e-07	24278010
585057	21	8.64980284627941e-07	24278010
585394	22	9.06169821991176e-07	24278010
585395	1	4.11895373632353e-08	24278010
585396	149	6.13724106712206e-06	24278010
585397	1	4.11895373632353e-08	24278010
590739	2	8.23790747264706e-08	24278010
590998	8	3.29516298905882e-07	24278010
591001	1	4.11895373632353e-08	24278010
591020	1	4.11895373632353e-08	24278010
591167	3	1.23568612089706e-07	24278010
591365	1	4.11895373632353e-08	24278010
591946	1	4.11895373632353e-08	24278010
592022	1	4.11895373632353e-08	24278010
592029	6	2.47137224179412e-07	24278010
592316	1	4.11895373632353e-08	24278010
593907	8	3.29516298905882e-07	24278010
595495	8	3.29516298905882e-07	24278010
595496	1	4.11895373632353e-08	24278010
595528	5	2.05947686816176e-07	24278010
595537	82	3.37754206378529e-06	24278010
596153	78	3.21278391433235e-06	24278010
596154	61	2.51256177915735e-06	24278010
604162	1	4.11895373632353e-08	24278010
610130	3	1.23568612089706e-07	24278010
622759	2	8.23790747264706e-08	24278010
626418	3	1.23568612089706e-07	24278010
627192	15	6.17843060448529e-07	24278010
630588	2	8.23790747264706e-08	24278010
632772	4	1.64758149452941e-07	24278010
633149	6	2.47137224179412e-07	24278010
633699	81	3.33635252642206e-06	24278010
634176	2	8.23790747264706e-08	24278010
634452	1	4.11895373632353e-08	24278010
634456	1	4.11895373632353e-08	24278010
634498	1	4.11895373632353e-08	24278010
634499	2	8.23790747264706e-08	24278010
634500	1	4.11895373632353e-08	24278010
637379	7	2.88326761542647e-07	24278010
637909	3	1.23568612089706e-07	24278010
637910	2	8.23790747264706e-08	24278010
639283	7	2.88326761542647e-07	24278010
640081	17	7.00222135175e-07	24278010
640131	18	7.41411672538235e-07	24278010
640132	1	4.11895373632353e-08	24278010
640510	2	8.23790747264706e-08	24278010
640511	4	1.64758149452941e-07	24278010
640512	1	4.11895373632353e-08	24278010
640513	2	8.23790747264706e-08	24278010
641491	3	1.23568612089706e-07	24278010
642492	2	8.23790747264706e-08	24278010
643561	40	1.64758149452941e-06	24278010
643562	1	4.11895373632353e-08	24278010
643648	1	4.11895373632353e-08	24278010
643867	1	4.11895373632353e-08	24278010
644042	3	1.23568612089706e-07	24278010
644283	1	4.11895373632353e-08	24278010
644284	2	8.23790747264706e-08	24278010
644801	15	6.17843060448529e-07	24278010
644966	1	4.11895373632353e-08	24278010
645127	39	1.60639195716618e-06	24278010
645463	14	5.76653523085294e-07	24278010
645464	1	4.11895373632353e-08	24278010
646529	1	4.11895373632353e-08	24278010
648757	4	1.64758149452941e-07	24278010
648999	1	4.11895373632353e-08	24278010
649349	6	2.47137224179412e-07	24278010
649639	1	4.11895373632353e-08	24278010
649831	1	4.11895373632353e-08	24278010
650150	8	3.29516298905882e-07	24278010
651822	1	4.11895373632353e-08	24278010
652103	9	3.70705836269118e-07	24278010
653045	2	8.23790747264706e-08	24278010
653938	2	8.23790747264706e-08	24278010
655815	8	3.29516298905882e-07	24278010
656024	1	4.11895373632353e-08	24278010
657308	2	8.23790747264706e-08	24278010
657310	3758	0.000154790281411038	24278010
657313	12	4.94274448358824e-07	24278010
657314	10	4.11895373632353e-07	24278010
657315	196	8.07314932319412e-06	24278010
657316	1	4.11895373632353e-08	24278010
657317	9	3.70705836269118e-07	24278010
657318	14	5.76653523085294e-07	24278010
657319	9	3.70705836269118e-07	24278010
657321	29	1.19449658353382e-06	24278010
657322	12	4.94274448358824e-07	24278010
657323	6	2.47137224179412e-07	24278010
661367	3	1.23568612089706e-07	24278010
661410	8	3.29516298905882e-07	24278010
662755	35	1.44163380771324e-06	24278010
663241	5	2.05947686816176e-07	24278010
663278	1	4.11895373632353e-08	24278010
663917	1	4.11895373632353e-08	24278010
663951	2	8.23790747264706e-08	24278010
665029	1	4.11895373632353e-08	24278010
666681	1	4.11895373632353e-08	24278010
666685	1	4.11895373632353e-08	24278010
667015	5	2.05947686816176e-07	24278010
670307	2	8.23790747264706e-08	24278010
670487	1	4.11895373632353e-08	24278010
673832	19	7.8260120990147e-07	24278010
673835	1	4.11895373632353e-08	24278010
673837	11	4.53084910995588e-07	24278010
673839	1	4.11895373632353e-08	24278010
675635	3	1.23568612089706e-07	24278010
679935	1	4.11895373632353e-08	24278010
679936	1	4.11895373632353e-08	24278010
680198	4	1.64758149452941e-07	24278010
680646	6	2.47137224179412e-07	24278010
684738	3	1.23568612089706e-07	24278010
685039	1	4.11895373632353e-08	24278010
685727	5	2.05947686816176e-07	24278010
688245	47	1.93590825607206e-06	24278010
688270	10	4.11895373632353e-07	24278010
690566	13	5.35463985722059e-07	24278010
691437	1	4.11895373632353e-08	24278010
693444	3	1.23568612089706e-07	24278010
693746	2	8.23790747264706e-08	24278010
693977	2	8.23790747264706e-08	24278010
693982	1	4.11895373632353e-08	24278010
694427	3	1.23568612089706e-07	24278010
695560	98	4.03657466159706e-06	24278010
695562	159	6.54913644075441e-06	24278010
696127	1	4.11895373632353e-08	24278010
696216	1	4.11895373632353e-08	24278010
696406	4	1.64758149452941e-07	24278010
696749	1	4.11895373632353e-08	24278010
698737	7	2.88326761542647e-07	24278010
698761	1	4.11895373632353e-08	24278010
698936	1	4.11895373632353e-08	24278010
698948	1	4.11895373632353e-08	24278010
698962	2	8.23790747264706e-08	24278010
698964	3	1.23568612089706e-07	24278010
698965	1	4.11895373632353e-08	24278010
698967	1	4.11895373632353e-08	24278010
698968	2	8.23790747264706e-08	24278010
698970	1	4.11895373632353e-08	24278010
698972	2	8.23790747264706e-08	24278010
699032	3	1.23568612089706e-07	24278010
699033	8	3.29516298905882e-07	24278010
699246	496	2.04300105321647e-05	24278010
700508	4	1.64758149452941e-07	24278010
700598	2	8.23790747264706e-08	24278010
701177	3	1.23568612089706e-07	24278010
701347	2	8.23790747264706e-08	24278010
701521	5	2.05947686816176e-07	24278010
702113	17	7.00222135175e-07	24278010
702459	27	1.11211750880735e-06	24278010
706191	1	4.11895373632353e-08	24278010
709986	2	8.23790747264706e-08	24278010
710421	7	2.88326761542647e-07	24278010
710685	2	8.23790747264706e-08	24278010
710686	1	4.11895373632353e-08	24278010
710696	9	3.70705836269118e-07	24278010
712898	1	4.11895373632353e-08	24278010
712961	12	4.94274448358824e-07	24278010
713604	6	2.47137224179412e-07	24278010
713887	1	4.11895373632353e-08	24278010
714313	3	1.23568612089706e-07	24278010
714962	3	1.23568612089706e-07	24278010
715451	1	4.11895373632353e-08	24278010
716540	1	4.11895373632353e-08	24278010
716541	3	1.23568612089706e-07	24278010
717605	1	4.11895373632353e-08	24278010
717608	3	1.23568612089706e-07	24278010
717785	2	8.23790747264706e-08	24278010
717960	4	1.64758149452941e-07	24278010
717961	2	8.23790747264706e-08	24278010
717962	6	2.47137224179412e-07	24278010
718251	2	8.23790747264706e-08	24278010
718252	20	8.23790747264706e-07	24278010
718254	3	1.23568612089706e-07	24278010
718255	193	7.94958071110441e-06	24278010
718274	2	8.23790747264706e-08	24278010
742013	97	3.99538512423382e-06	24278010
743525	8	3.29516298905882e-07	24278010
743718	12	4.94274448358824e-07	24278010
743720	4	1.64758149452941e-07	24278010
743721	7	2.88326761542647e-07	24278010
743965	1	4.11895373632353e-08	24278010
744533	2	8.23790747264706e-08	24278010
745310	18	7.41411672538235e-07	24278010
745776	4	1.64758149452941e-07	24278010
746697	6	2.47137224179412e-07	24278010
748247	6	2.47137224179412e-07	24278010
748280	3	1.23568612089706e-07	24278010
748671	75	3.08921530224265e-06	24278010
748727	4	1.64758149452941e-07	24278010
749219	4	1.64758149452941e-07	24278010
749222	1	4.11895373632353e-08	24278010
749414	2	8.23790747264706e-08	24278010
749927	9	3.70705836269118e-07	24278010
751585	8	3.29516298905882e-07	24278010
754035	3	1.23568612089706e-07	24278010
754252	4	1.64758149452941e-07	24278010
754477	2	8.23790747264706e-08	24278010
755178	1	4.11895373632353e-08	24278010
755731	1	4.11895373632353e-08	24278010
755732	35	1.44163380771324e-06	24278010
756272	2	8.23790747264706e-08	24278010
757424	9	3.70705836269118e-07	24278010
757425	1	4.11895373632353e-08	24278010
758793	1	4.11895373632353e-08	24278010
759350	28	1.15330704617059e-06	24278010
759362	5	2.05947686816176e-07	24278010
760142	1	4.11895373632353e-08	24278010
760154	1	4.11895373632353e-08	24278010
760192	3	1.23568612089706e-07	24278010
760570	3	1.23568612089706e-07	24278010
761193	2	8.23790747264706e-08	24278010
762376	18	7.41411672538235e-07	24278010
762633	5	2.05947686816176e-07	24278010
762903	5	2.05947686816176e-07	24278010
762948	15	6.17843060448529e-07	24278010
765698	7	2.88326761542647e-07	24278010
765874	9	3.70705836269118e-07	24278010
765912	3	1.23568612089706e-07	24278010
767029	10	4.11895373632353e-07	24278010
767031	2	8.23790747264706e-08	24278010
767434	4	1.64758149452941e-07	24278010
767453	5	2.05947686816176e-07	24278010
767455	6	2.47137224179412e-07	24278010
767462	215	8.85575053309559e-06	24278010
767463	7	2.88326761542647e-07	24278010
767468	1	4.11895373632353e-08	24278010
768066	2	8.23790747264706e-08	24278010
768486	46	1.89471871870882e-06	24278010
768490	1	4.11895373632353e-08	24278010
768670	1	4.11895373632353e-08	24278010
798128	5	2.05947686816176e-07	24278010
857087	4	1.64758149452941e-07	24278010
858619	8	3.29516298905882e-07	24278010
859655	6	2.47137224179412e-07	24278010
859656	7	2.88326761542647e-07	24278010
859657	5	2.05947686816176e-07	24278010
860228	1	4.11895373632353e-08	24278010
861208	3	1.23568612089706e-07	24278010
861360	5	2.05947686816176e-07	24278010
862719	4	1.64758149452941e-07	24278010
862751	6	2.47137224179412e-07	24278010
862962	4	1.64758149452941e-07	24278010
862964	1	4.11895373632353e-08	24278010
862965	6	2.47137224179412e-07	24278010
862966	4	1.64758149452941e-07	24278010
862967	3	1.23568612089706e-07	24278010
862971	1	4.11895373632353e-08	24278010
865938	1	4.11895373632353e-08	24278010
866536	2	8.23790747264706e-08	24278010
866630	3	1.23568612089706e-07	24278010
866768	31	1.27687565826029e-06	24278010
866775	8	3.29516298905882e-07	24278010
866777	17	7.00222135175e-07	24278010
867900	8	3.29516298905882e-07	24278010
867902	5	2.05947686816176e-07	24278010
868132	2	8.23790747264706e-08	24278010
868597	40	1.64758149452941e-06	24278010
869209	1	4.11895373632353e-08	24278010
869211	1	4.11895373632353e-08	24278010
869212	1	4.11895373632353e-08	24278010
869269	1	4.11895373632353e-08	24278010
869309	13	5.35463985722059e-07	24278010
869729	8	3.29516298905882e-07	24278010
871585	2	8.23790747264706e-08	24278010
875328	2	8.23790747264706e-08	24278010
879243	3	1.23568612089706e-07	24278010
880070	2	8.23790747264706e-08	24278010
880071	5	2.05947686816176e-07	24278010
880591	11	4.53084910995588e-07	24278010
880633	40	1.64758149452941e-06	24278010
880758	11	4.53084910995588e-07	24278010
882378	1	4.11895373632353e-08	24278010
883062	46	1.89471871870882e-06	24278010
884204	2	8.23790747264706e-08	24278010
885276	1	4.11895373632353e-08	24278010
886293	20	8.23790747264706e-07	24278010
886377	3	1.23568612089706e-07	24278010
887061	2	8.23790747264706e-08	24278010
889738	5	2.05947686816176e-07	24278010
890402	7	2.88326761542647e-07	24278010
891391	164	6.75508412757059e-06	24278010
903510	1	4.11895373632353e-08	24278010
903814	1	4.11895373632353e-08	24278010
905079	16	6.59032597811765e-07	24278010
908937	2	8.23790747264706e-08	24278010
909420	2	8.23790747264706e-08	24278010
909946	1	4.11895373632353e-08	24278010
909952	149	6.13724106712206e-06	24278010
909954	39	1.60639195716618e-06	24278010
910348	5	2.05947686816176e-07	24278010
911045	8	3.29516298905882e-07	24278010
926550	1	4.11895373632353e-08	24278010
926556	3	1.23568612089706e-07	24278010
926562	3	1.23568612089706e-07	24278010
926566	1	4.11895373632353e-08	24278010
926570	4	1.64758149452941e-07	24278010
927666	13	5.35463985722059e-07	24278010
927704	1	4.11895373632353e-08	24278010
929102	3	1.23568612089706e-07	24278010
929556	1	4.11895373632353e-08	24278010
929562	3	1.23568612089706e-07	24278010
930171	1	4.11895373632353e-08	24278010
930944	4	1.64758149452941e-07	24278010
931276	1	4.11895373632353e-08	24278010
931281	5	2.05947686816176e-07	24278010
931890	1	4.11895373632353e-08	24278010
932677	1	4.11895373632353e-08	24278010
932919	1	4.11895373632353e-08	24278010
933093	1	4.11895373632353e-08	24278010
935296	2	8.23790747264706e-08	24278010
935589	1	4.11895373632353e-08	24278010
935591	1	4.11895373632353e-08	24278010
935697	1	4.11895373632353e-08	24278010
935897	4	1.64758149452941e-07	24278010
936153	11265	0.000464000138396846	24278010
937773	4	1.64758149452941e-07	24278010
940190	33	1.35925473298676e-06	24278010
941193	6	2.47137224179412e-07	24278010
944546	2	8.23790747264706e-08	24278010
944547	6	2.47137224179412e-07	24278010
945021	18	7.41411672538235e-07	24278010
945704	2	8.23790747264706e-08	24278010
945711	1	4.11895373632353e-08	24278010
945712	2	8.23790747264706e-08	24278010
946362	6	2.47137224179412e-07	24278010
946483	7	2.88326761542647e-07	24278010
953739	1	4.11895373632353e-08	24278010
977801	1	4.11895373632353e-08	24278010
977880	16	6.59032597811765e-07	24278010
979556	12	4.94274448358824e-07	24278010
980514	2	8.23790747264706e-08	24278010
981368	6	2.47137224179412e-07	24278010
983544	25	1.02973843408088e-06	24278010
983548	3	1.23568612089706e-07	24278010
983917	51	2.100666405525e-06	24278010
984892	7	2.88326761542647e-07	24278010
985002	8	3.29516298905882e-07	24278010
990288	1	4.11895373632353e-08	24278010
990315	12	4.94274448358824e-07	24278010
990316	4	1.64758149452941e-07	24278010
990317	3	1.23568612089706e-07	24278010
991791	1	4.11895373632353e-08	24278010
991905	7	2.88326761542647e-07	24278010
993615	1	4.11895373632353e-08	24278010
994476	4	1.64758149452941e-07	24278010
994484	11	4.53084910995588e-07	24278010
996285	15	6.17843060448529e-07	24278010
998088	4	1.64758149452941e-07	24278010
999541	8	3.29516298905882e-07	24278010
999953	3	1.23568612089706e-07	24278010
1001583	1	4.11895373632353e-08	24278010
1001585	10	4.11895373632353e-07	24278010
1003195	1	4.11895373632353e-08	24278010
1004787	1	4.11895373632353e-08	24278010
1004788	1	4.11895373632353e-08	24278010
1004952	2	8.23790747264706e-08	24278010
1005041	1	4.11895373632353e-08	24278010
1005048	24	9.88548896717647e-07	24278010
1006007	1	4.11895373632353e-08	24278010
1006551	16	6.59032597811765e-07	24278010
1007105	3	1.23568612089706e-07	24278010
1008297	1	4.11895373632353e-08	24278010
1009464	155649	0.00641111030105021	24278010
1009846	4	1.64758149452941e-07	24278010
1016998	2	8.23790747264706e-08	24278010
1028307	1	4.11895373632353e-08	24278010
1028799	3	1.23568612089706e-07	24278010
1029718	1	4.11895373632353e-08	24278010
1029756	2	8.23790747264706e-08	24278010
1030009	1	4.11895373632353e-08	24278010
1030843	4	1.64758149452941e-07	24278010
1031709	78	3.21278391433235e-06	24278010
1031710	2	8.23790747264706e-08	24278010
1031711	5	2.05947686816176e-07	24278010
1032480	2	8.23790747264706e-08	24278010
1033813	3	1.23568612089706e-07	24278010
1033837	266	1.09564169386206e-05	24278010
1034807	238	9.80310989245e-06	24278010
1034809	6	2.47137224179412e-07	24278010
1035817	1	4.11895373632353e-08	24278010
1036743	2	8.23790747264706e-08	24278010
1037409	18	7.41411672538235e-07	24278010
1037911	49	2.01828733079853e-06	24278010
1041826	79	3.25397345169559e-06	24278010
1042876	4	1.64758149452941e-07	24278010
1042878	13	5.35463985722059e-07	24278010
1045854	4	1.64758149452941e-07	24278010
1045855	11	4.53084910995588e-07	24278010
1045856	1	4.11895373632353e-08	24278010
1045858	1	4.11895373632353e-08	24278010
1046629	9	3.70705836269118e-07	24278010
1048245	1	4.11895373632353e-08	24278010
1048332	9	3.70705836269118e-07	24278010
1048689	1	4.11895373632353e-08	24278010
1049565	3	1.23568612089706e-07	24278010
1051074	1	4.11895373632353e-08	24278010
1051632	1	4.11895373632353e-08	24278010
1052585	1	4.11895373632353e-08	24278010
1054460	14	5.76653523085294e-07	24278010
1064539	7	2.88326761542647e-07	24278010
1064592	1	4.11895373632353e-08	24278010
1069534	17	7.00222135175e-07	24278010
1069642	3	1.23568612089706e-07	24278010
1071378	1	4.11895373632353e-08	24278010
1071400	2	8.23790747264706e-08	24278010
1072459	10	4.11895373632353e-07	24278010
1074252	1	4.11895373632353e-08	24278010
1074485	1	4.11895373632353e-08	24278010
1074919	16	6.59032597811765e-07	24278010
1075399	1	4.11895373632353e-08	24278010
1076934	3	1.23568612089706e-07	24278010
1081093	4	1.64758149452941e-07	24278010
1082931	5	2.05947686816176e-07	24278010
1089456	6	2.47137224179412e-07	24278010
1090974	4	1.64758149452941e-07	24278010
1091045	662	2.72674737344618e-05	24278010
1093141	5	2.05947686816176e-07	24278010
1093787	1	4.11895373632353e-08	24278010
1094466	97	3.99538512423382e-06	24278010
1095774	1	4.11895373632353e-08	24278010
1096995	1	4.11895373632353e-08	24278010
1096996	1	4.11895373632353e-08	24278010
1097668	4	1.64758149452941e-07	24278010
1097677	3	1.23568612089706e-07	24278010
1104322	2	8.23790747264706e-08	24278010
1104325	48	1.97709779343529e-06	24278010
1107880	1	4.11895373632353e-08	24278010
1110502	3	1.23568612089706e-07	24278010
1111068	2	8.23790747264706e-08	24278010
1111069	3	1.23568612089706e-07	24278010
1111678	2	8.23790747264706e-08	24278010
1112204	3	1.23568612089706e-07	24278010
1114958	1	4.11895373632353e-08	24278010
1114965	1	4.11895373632353e-08	24278010
1114966	20	8.23790747264706e-07	24278010
1114967	160	6.59032597811765e-06	24278010
1114969	1740	7.16697950120294e-05	24278010
1114970	10	4.11895373632353e-07	24278010
1116231	3	1.23568612089706e-07	24278010
1116375	2	8.23790747264706e-08	24278010
1117647	3	1.23568612089706e-07	24278010
1117943	5	2.05947686816176e-07	24278010
1118963	1	4.11895373632353e-08	24278010
1121353	3	1.23568612089706e-07	24278010
1121362	6	2.47137224179412e-07	24278010
1123519	7	2.88326761542647e-07	24278010
1123523	3	1.23568612089706e-07	24278010
1123863	1	4.11895373632353e-08	24278010
1124936	1	4.11895373632353e-08	24278010
1124983	9	3.70705836269118e-07	24278010
1124991	1	4.11895373632353e-08	24278010
1125630	22	9.06169821991176e-07	24278010
1127134	1	4.11895373632353e-08	24278010
1129794	1	4.11895373632353e-08	24278010
1132507	1	4.11895373632353e-08	24278010
1133849	2	8.23790747264706e-08	24278010
1133850	5	2.05947686816176e-07	24278010
1133852	5	2.05947686816176e-07	24278010
1133853	9	3.70705836269118e-07	24278010
1134454	919	3.78531848368132e-05	24278010
1134782	1	4.11895373632353e-08	24278010
1136179	175	7.20816903856618e-06	24278010
1137651	2	8.23790747264706e-08	24278010
1138383	4	1.64758149452941e-07	24278010
1138871	1	4.11895373632353e-08	24278010
1142394	1	4.11895373632353e-08	24278010
1144275	3	1.23568612089706e-07	24278010
1146883	3	1.23568612089706e-07	24278010
1147128	21	8.64980284627941e-07	24278010
1150469	2	8.23790747264706e-08	24278010
1150475	1	4.11895373632353e-08	24278010
1155766	124	5.10750263304118e-06	24278010
1156431	3	1.23568612089706e-07	24278010
1156433	7	2.88326761542647e-07	24278010
1156913	2	8.23790747264706e-08	24278010
1163399	25	1.02973843408088e-06	24278010
1163617	2	8.23790747264706e-08	24278010
1163748	2	8.23790747264706e-08	24278010
1166016	1	4.11895373632353e-08	24278010
1166130	1	4.11895373632353e-08	24278010
1167006	3	1.23568612089706e-07	24278010
1167634	18	7.41411672538235e-07	24278010
1170318	69	2.84207807806323e-06	24278010
1170562	1	4.11895373632353e-08	24278010
1171373	8	3.29516298905882e-07	24278010
1171376	2	8.23790747264706e-08	24278010
1173020	3	1.23568612089706e-07	24278010
1173022	1	4.11895373632353e-08	24278010
1173026	3	1.23568612089706e-07	24278010
1173027	7	2.88326761542647e-07	24278010
1179773	4	1.64758149452941e-07	24278010
1184267	1	4.11895373632353e-08	24278010
1185652	2	8.23790747264706e-08	24278010
1187956	1	4.11895373632353e-08	24278010
1191061	7	2.88326761542647e-07	24278010
1193292	63	2.59494085388382e-06	24278010
1193576	11	4.53084910995588e-07	24278010
1194526	18	7.41411672538235e-07	24278010
1196325	7	2.88326761542647e-07	24278010
1196835	16	6.59032597811765e-07	24278010
1198114	4	1.64758149452941e-07	24278010
1198232	1	4.11895373632353e-08	24278010
1198627	5	2.05947686816176e-07	24278010
1199187	6	2.47137224179412e-07	24278010
1200352	1	4.11895373632353e-08	24278010
1202772	3	1.23568612089706e-07	24278010
1203460	4	1.64758149452941e-07	24278010
1205674	2	8.23790747264706e-08	24278010
1205910	1	4.11895373632353e-08	24278010
1206105	1506	6.20314432690323e-05	24278010
1207075	13	5.35463985722059e-07	24278010
1208660	6	2.47137224179412e-07	24278010
1208919	1	4.11895373632353e-08	24278010
1209989	2	8.23790747264706e-08	24278010
1211025	2	8.23790747264706e-08	24278010
1211579	12	4.94274448358824e-07	24278010
1214101	5	2.05947686816176e-07	24278010
1214242	5	2.05947686816176e-07	24278010
1215088	10	4.11895373632353e-07	24278010
1216976	14	5.76653523085294e-07	24278010
1224163	1	4.11895373632353e-08	24278010
1229785	1	4.11895373632353e-08	24278010
1232381	1	4.11895373632353e-08	24278010
1233873	1	4.11895373632353e-08	24278010
1234380	9	3.70705836269118e-07	24278010
1234679	12	4.94274448358824e-07	24278010
1235461	2	8.23790747264706e-08	24278010
1235990	2	8.23790747264706e-08	24278010
1241583	1	4.11895373632353e-08	24278010
1244085	1	4.11895373632353e-08	24278010
1244528	1	4.11895373632353e-08	24278010
1245469	8	3.29516298905882e-07	24278010
1245471	7	2.88326761542647e-07	24278010
1246301	53	2.18304548025147e-06	24278010
1246365	1	4.11895373632353e-08	24278010
1246955	1	4.11895373632353e-08	24278010
1246995	3	1.23568612089706e-07	24278010
1249634	2	8.23790747264706e-08	24278010
1249661	1	4.11895373632353e-08	24278010
1254432	3	1.23568612089706e-07	24278010
1254439	86	3.54230021323823e-06	24278010
1255043	3	1.23568612089706e-07	24278010
1257118	5	2.05947686816176e-07	24278010
1261557	1360	5.6017770814e-05	24278010
1262161	1	4.11895373632353e-08	24278010
1262456	3	1.23568612089706e-07	24278010
1265601	3	1.23568612089706e-07	24278010
1266738	1	4.11895373632353e-08	24278010
1266845	3	1.23568612089706e-07	24278010
1267577	1	4.11895373632353e-08	24278010
1267754	24	9.88548896717647e-07	24278010
1271862	1	4.11895373632353e-08	24278010
1276221	1	4.11895373632353e-08	24278010
1276282	11	4.53084910995588e-07	24278010
1278073	4	1.64758149452941e-07	24278010
1279007	1	4.11895373632353e-08	24278010
1279008	3	1.23568612089706e-07	24278010
1282356	28	1.15330704617059e-06	24278010
1283331	3	1.23568612089706e-07	24278010
1286170	2	8.23790747264706e-08	24278010
1286640	1	4.11895373632353e-08	24278010
1288394	6	2.47137224179412e-07	24278010
1294143	6	2.47137224179412e-07	24278010
1298917	1	4.11895373632353e-08	24278010
1300150	69	2.84207807806323e-06	24278010
1302863	2	8.23790747264706e-08	24278010
1303024	1	4.11895373632353e-08	24278010
1303692	2	8.23790747264706e-08	24278010
1305598	1	4.11895373632353e-08	24278010
1305849	80	3.29516298905882e-06	24278010
1309807	1	4.11895373632353e-08	24278010
1313172	4	1.64758149452941e-07	24278010
1314884	23	9.47359359354412e-07	24278010
1318615	4	1.64758149452941e-07	24278010
1318633	1	4.11895373632353e-08	24278010
1321370	1	4.11895373632353e-08	24278010
1322246	3	1.23568612089706e-07	24278010
1331671	11	4.53084910995588e-07	24278010
1334187	1	4.11895373632353e-08	24278010
1338032	1	4.11895373632353e-08	24278010
1340495	5	2.05947686816176e-07	24278010
1340847	1	4.11895373632353e-08	24278010
1340851	3	1.23568612089706e-07	24278010
1343740	2	8.23790747264706e-08	24278010
1346614	2	8.23790747264706e-08	24278010
1348660	1	4.11895373632353e-08	24278010
1348662	4	1.64758149452941e-07	24278010
1355100	8	3.29516298905882e-07	24278010
1367847	8	3.29516298905882e-07	24278010
1379702	7	2.88326761542647e-07	24278010
1380774	2	8.23790747264706e-08	24278010
1380908	55	2.26542455497794e-06	24278010
1389489	2	8.23790747264706e-08	24278010
1394709	1	4.11895373632353e-08	24278010
1400867	2	8.23790747264706e-08	24278010
1401659	4	1.64758149452941e-07	24278010
1408186	5	2.05947686816176e-07	24278010
1408206	3	1.23568612089706e-07	24278010
1415630	53	2.18304548025147e-06	24278010
1416914	2	8.23790747264706e-08	24278010
1423144	2	8.23790747264706e-08	24278010
1427342	2	8.23790747264706e-08	24278010
1430440	2	8.23790747264706e-08	24278010
1435356	3	1.23568612089706e-07	24278010
1436140	10	4.11895373632353e-07	24278010
