Tax.ID	Frequency	Proportion	Total
394	2	8.38225918314214e-08	23859916
883	1	4.19112959157107e-08	23859916
1639	2	8.38225918314214e-08	23859916
2762	4	1.67645183662843e-07	23859916
2769	4	1.67645183662843e-07	23859916
2787	7	2.93379071409975e-07	23859916
2829	2	8.38225918314214e-08	23859916
2832	1	4.19112959157107e-08	23859916
2839	17	7.12492030567082e-07	23859916
2850	20	8.38225918314214e-07	23859916
2876	1	4.19112959157107e-08	23859916
2898	3	1.25733887747132e-07	23859916
4770	6	2.51467775494264e-07	23859916
5061	1	4.19112959157107e-08	23859916
5518	2	8.38225918314214e-08	23859916
5661	3	1.25733887747132e-07	23859916
5762	2	8.38225918314214e-08	23859916
5763	1	4.19112959157107e-08	23859916
5786	1	4.19112959157107e-08	23859916
5851	5	2.09556479578553e-07	23859916
5907	3	1.25733887747132e-07	23859916
5908	2	8.38225918314214e-08	23859916
5911	2	8.38225918314214e-08	23859916
5932	7	2.93379071409975e-07	23859916
10629	148	6.20287179552518e-06	23859916
10632	3	1.25733887747132e-07	23859916
28072	4	1.67645183662843e-07	23859916
28173	1	4.19112959157107e-08	23859916
31271	1	4.19112959157107e-08	23859916
31964	11	4.61024255072818e-07	23859916
35128	18	7.54403326482792e-07	23859916
36329	4	1.67645183662843e-07	23859916
36355	1	4.19112959157107e-08	23859916
36809	4	1.67645183662843e-07	23859916
38271	1	4.19112959157107e-08	23859916
40041	1	4.19112959157107e-08	23859916
48483	1	4.19112959157107e-08	23859916
49266	1	4.19112959157107e-08	23859916
52970	13	5.44846846904239e-07	23859916
55529	17	7.12492030567082e-07	23859916
56780	1	4.19112959157107e-08	23859916
59374	1	4.19112959157107e-08	23859916
60480	1	4.19112959157107e-08	23859916
60481	2	8.38225918314214e-08	23859916
62928	12	5.02935550988528e-07	23859916
62977	5	2.09556479578553e-07	23859916
63186	6	2.51467775494264e-07	23859916
65071	1	4.19112959157107e-08	23859916
65393	1	4.19112959157107e-08	23859916
67571	1	4.19112959157107e-08	23859916
67593	1	4.19112959157107e-08	23859916
69328	9	3.77201663241396e-07	23859916
74557	2	8.38225918314214e-08	23859916
75379	1	4.19112959157107e-08	23859916
76114	5	2.09556479578553e-07	23859916
76869	24	1.00587110197706e-06	23859916
78245	9	3.77201663241396e-07	23859916
83406	1	4.19112959157107e-08	23859916
85569	1	4.19112959157107e-08	23859916
85643	14	5.8675814281995e-07	23859916
94122	5	2.09556479578553e-07	23859916
96563	9	3.77201663241396e-07	23859916
100226	5	2.09556479578553e-07	23859916
101510	41	1.71836313254414e-06	23859916
106370	4	1.67645183662843e-07	23859916
109269	1	4.19112959157107e-08	23859916
111780	1	4.19112959157107e-08	23859916
114615	15	6.2866943873566e-07	23859916
115713	1	4.19112959157107e-08	23859916
120807	3	1.25733887747132e-07	23859916
122586	1	4.19112959157107e-08	23859916
122587	2	8.38225918314214e-08	23859916
126793	6	2.51467775494264e-07	23859916
134676	3	1.25733887747132e-07	23859916
137722	8	3.35290367325685e-07	23859916
155864	7	2.93379071409975e-07	23859916
158878	6	2.51467775494264e-07	23859916
158879	1	4.19112959157107e-08	23859916
159087	7	2.93379071409975e-07	23859916
160488	10	4.19112959157107e-07	23859916
160490	1	4.19112959157107e-08	23859916
160491	4	1.67645183662843e-07	23859916
160492	1	4.19112959157107e-08	23859916
160619	20	8.38225918314214e-07	23859916
164756	25	1.04778239789277e-06	23859916
169963	1	4.19112959157107e-08	23859916
170187	1	4.19112959157107e-08	23859916
171101	7	2.93379071409975e-07	23859916
172968	1	4.19112959157107e-08	23859916
176279	80	3.35290367325685e-06	23859916
176280	77	3.22716978550972e-06	23859916
176299	8	3.35290367325685e-07	23859916
179408	24	1.00587110197706e-06	23859916
180504	1	4.19112959157107e-08	23859916
187272	3	1.25733887747132e-07	23859916
187303	1	4.19112959157107e-08	23859916
189423	5	2.09556479578553e-07	23859916
189918	4	1.67645183662843e-07	23859916
190192	1	4.19112959157107e-08	23859916
190304	1	4.19112959157107e-08	23859916
190485	9	3.77201663241396e-07	23859916
190486	3	1.25733887747132e-07	23859916
190650	6	2.51467775494264e-07	23859916
194439	1	4.19112959157107e-08	23859916
195103	21	8.80137214229924e-07	23859916
196162	5	2.09556479578553e-07	23859916
196164	25	1.04778239789277e-06	23859916
198215	5	2.09556479578553e-07	23859916
198628	1	4.19112959157107e-08	23859916
199310	8	3.35290367325685e-07	23859916
203120	43	1.80218572437556e-06	23859916
203122	1	4.19112959157107e-08	23859916
203123	1	4.19112959157107e-08	23859916
203267	1	4.19112959157107e-08	23859916
203275	25	1.04778239789277e-06	23859916
204669	1	4.19112959157107e-08	23859916
204773	10	4.19112959157107e-07	23859916
205913	12	5.02935550988528e-07	23859916
205914	2	8.38225918314214e-08	23859916
205918	3	1.25733887747132e-07	23859916
205922	24	1.00587110197706e-06	23859916
207559	1	4.19112959157107e-08	23859916
208435	3	1.25733887747132e-07	23859916
208596	13	5.44846846904239e-07	23859916
208963	32	1.34116146930274e-06	23859916
208964	37	1.5507179488813e-06	23859916
209261	1	4.19112959157107e-08	23859916
214092	1	4.19112959157107e-08	23859916
214684	1	4.19112959157107e-08	23859916
215689	1	4.19112959157107e-08	23859916
216432	5	2.09556479578553e-07	23859916
216591	8	3.35290367325685e-07	23859916
216594	4	1.67645183662843e-07	23859916
216595	71	2.97570201001546e-06	23859916
216596	3	1.25733887747132e-07	23859916
216599	3	1.25733887747132e-07	23859916
218495	4	1.67645183662843e-07	23859916
218496	2	8.38225918314214e-08	23859916
220341	127	5.32273458129526e-06	23859916
220664	10	4.19112959157107e-07	23859916
220668	1	4.19112959157107e-08	23859916
223283	9	3.77201663241396e-07	23859916
223926	2	8.38225918314214e-08	23859916
224308	2	8.38225918314214e-08	23859916
224911	11	4.61024255072818e-07	23859916
226185	282	1.18189854482304e-05	23859916
226186	29	1.21542758155561e-06	23859916
227882	3	1.25733887747132e-07	23859916
227941	1	4.19112959157107e-08	23859916
228405	3	1.25733887747132e-07	23859916
231023	10	4.19112959157107e-07	23859916
232721	113	4.73597643847531e-06	23859916
234267	4	1.67645183662843e-07	23859916
234621	116	4.86171032622244e-06	23859916
235909	6	2.51467775494264e-07	23859916
240015	1	4.19112959157107e-08	23859916
242231	1	4.19112959157107e-08	23859916
242619	1	4.19112959157107e-08	23859916
243090	1	4.19112959157107e-08	23859916
243230	1	4.19112959157107e-08	23859916
243231	1	4.19112959157107e-08	23859916
243243	5	2.09556479578553e-07	23859916
243272	34	1.42498406113416e-06	23859916
243273	1	4.19112959157107e-08	23859916
243365	4	1.67645183662843e-07	23859916
245014	2	8.38225918314214e-08	23859916
245018	3	1.25733887747132e-07	23859916
246196	9	3.77201663241396e-07	23859916
246197	2	8.38225918314214e-08	23859916
246198	36	1.50880665296558e-06	23859916
246200	1	4.19112959157107e-08	23859916
247156	4	1.67645183662843e-07	23859916
251229	1	4.19112959157107e-08	23859916
257309	6	2.51467775494264e-07	23859916
257310	7	2.93379071409975e-07	23859916
257311	2	8.38225918314214e-08	23859916
257313	4	1.67645183662843e-07	23859916
258594	3	1.25733887747132e-07	23859916
259536	2	8.38225918314214e-08	23859916
261292	6	2.51467775494264e-07	23859916
262316	1	4.19112959157107e-08	23859916
262543	1	4.19112959157107e-08	23859916
262723	1	4.19112959157107e-08	23859916
262724	1	4.19112959157107e-08	23859916
262728	5	2.09556479578553e-07	23859916
262768	2	8.38225918314214e-08	23859916
263358	1	4.19112959157107e-08	23859916
264198	12	5.02935550988528e-07	23859916
264199	1	4.19112959157107e-08	23859916
264201	1	4.19112959157107e-08	23859916
264203	4	1.67645183662843e-07	23859916
264462	3	1.25733887747132e-07	23859916
264730	5	2.09556479578553e-07	23859916
264731	2	8.38225918314214e-08	23859916
265072	2	8.38225918314214e-08	23859916
265311	2	8.38225918314214e-08	23859916
266117	3	1.25733887747132e-07	23859916
266264	23	9.63959806061346e-07	23859916
266265	6	2.51467775494264e-07	23859916
266779	3	1.25733887747132e-07	23859916
266834	3	1.25733887747132e-07	23859916
266835	4	1.67645183662843e-07	23859916
266940	6	2.51467775494264e-07	23859916
267608	8	3.35290367325685e-07	23859916
267747	19	7.96314622398503e-07	23859916
269482	11	4.61024255072818e-07	23859916
269796	2	8.38225918314214e-08	23859916
269800	1	4.19112959157107e-08	23859916
270673	1	4.19112959157107e-08	23859916
272561	1	4.19112959157107e-08	23859916
272563	53	2.22129868353267e-06	23859916
272568	4	1.67645183662843e-07	23859916
272620	81	3.39481496917257e-06	23859916
272621	1	4.19112959157107e-08	23859916
272622	113	4.73597643847531e-06	23859916
272626	113	4.73597643847531e-06	23859916
272630	9	3.77201663241396e-07	23859916
272633	18	7.54403326482792e-07	23859916
272634	1	4.19112959157107e-08	23859916
272831	4	1.67645183662843e-07	23859916
272942	9	3.77201663241396e-07	23859916
272943	1	4.19112959157107e-08	23859916
273119	3933	0.00016483712683649	23859916
273123	1	4.19112959157107e-08	23859916
278137	4	1.67645183662843e-07	23859916
278197	1	4.19112959157107e-08	23859916
279238	5	2.09556479578553e-07	23859916
279808	28	1.1735162856399e-06	23859916
280463	9	3.77201663241396e-07	23859916
280699	5	2.09556479578553e-07	23859916
281090	6	2.51467775494264e-07	23859916
281310	6	2.51467775494264e-07	23859916
284591	2	8.38225918314214e-08	23859916
284593	1	4.19112959157107e-08	23859916
284812	5	2.09556479578553e-07	23859916
285951	1	4.19112959157107e-08	23859916
288000	10	4.19112959157107e-07	23859916
288705	4	1.67645183662843e-07	23859916
289380	5	2.09556479578553e-07	23859916
289397	2	8.38225918314214e-08	23859916
290317	1	4.19112959157107e-08	23859916
290338	5	2.09556479578553e-07	23859916
290339	2	8.38225918314214e-08	23859916
290340	31	1.29925017338703e-06	23859916
290397	3	1.25733887747132e-07	23859916
290399	2	8.38225918314214e-08	23859916
290400	2	8.38225918314214e-08	23859916
290402	1	4.19112959157107e-08	23859916
290633	1	4.19112959157107e-08	23859916
291331	7	2.93379071409975e-07	23859916
292459	2	8.38225918314214e-08	23859916
292564	1	4.19112959157107e-08	23859916
294381	1	4.19112959157107e-08	23859916
295405	65	2.72423423452119e-06	23859916
296543	19	7.96314622398503e-07	23859916
296591	23	9.63959806061346e-07	23859916
298653	5	2.09556479578553e-07	23859916
298654	3	1.25733887747132e-07	23859916
300267	5	2.09556479578553e-07	23859916
300268	1	4.19112959157107e-08	23859916
300269	9	3.77201663241396e-07	23859916
304863	1	4.19112959157107e-08	23859916
306537	510	2.13747609170124e-05	23859916
309798	1	4.19112959157107e-08	23859916
309807	2	8.38225918314214e-08	23859916
312153	74	3.10143589776259e-06	23859916
313595	14	5.8675814281995e-07	23859916
313598	26	1.08969369380848e-06	23859916
313603	5	2.09556479578553e-07	23859916
314225	3	1.25733887747132e-07	23859916
314282	1	4.19112959157107e-08	23859916
314565	6	2.51467775494264e-07	23859916
315750	2	8.38225918314214e-08	23859916
316055	12	5.02935550988528e-07	23859916
316056	4	1.67645183662843e-07	23859916
316057	7	2.93379071409975e-07	23859916
316058	10	4.19112959157107e-07	23859916
316273	3	1.25733887747132e-07	23859916
316278	1	4.19112959157107e-08	23859916
316385	6	2.51467775494264e-07	23859916
316407	1	4.19112959157107e-08	23859916
317025	1	4.19112959157107e-08	23859916
317655	14	5.8675814281995e-07	23859916
318167	1	4.19112959157107e-08	23859916
318586	9	3.77201663241396e-07	23859916
319224	1	4.19112959157107e-08	23859916
320372	1	4.19112959157107e-08	23859916
320373	1	4.19112959157107e-08	23859916
321314	1	4.19112959157107e-08	23859916
321967	3	1.25733887747132e-07	23859916
322159	70	2.93379071409975e-06	23859916
322710	2	8.38225918314214e-08	23859916
323097	4	1.67645183662843e-07	23859916
323098	3	1.25733887747132e-07	23859916
324602	1	4.19112959157107e-08	23859916
324831	3	1.25733887747132e-07	23859916
325240	1	4.19112959157107e-08	23859916
326297	2	8.38225918314214e-08	23859916
326423	2	8.38225918314214e-08	23859916
326424	3	1.25733887747132e-07	23859916
329726	2	8.38225918314214e-08	23859916
330214	2	8.38225918314214e-08	23859916
330879	4	1.67645183662843e-07	23859916
331111	35	1.46689535704987e-06	23859916
331112	14	5.8675814281995e-07	23859916
331271	23	9.63959806061346e-07	23859916
331272	8	3.35290367325685e-07	23859916
333760	1	4.19112959157107e-08	23859916
333849	6879	0.000288307804604174	23859916
334390	17	7.12492030567082e-07	23859916
334406	2	8.38225918314214e-08	23859916
334413	77	3.22716978550972e-06	23859916
335541	5	2.09556479578553e-07	23859916
335543	1	4.19112959157107e-08	23859916
335659	12	5.02935550988528e-07	23859916
337191	6	2.51467775494264e-07	23859916
338323	1	4.19112959157107e-08	23859916
338966	1	4.19112959157107e-08	23859916
338969	18	7.54403326482792e-07	23859916
339670	30	1.25733887747132e-06	23859916
340054	3	1.25733887747132e-07	23859916
340100	15	6.2866943873566e-07	23859916
340322	104	4.35877477523391e-06	23859916
342108	3	1.25733887747132e-07	23859916
342109	5	2.09556479578553e-07	23859916
342610	1	4.19112959157107e-08	23859916
343516	1	4.19112959157107e-08	23859916
344609	35	1.46689535704987e-06	23859916
345073	1	4.19112959157107e-08	23859916
345219	5	2.09556479578553e-07	23859916
347253	6	2.51467775494264e-07	23859916
347256	2063	8.64630034741111e-05	23859916
347257	2	8.38225918314214e-08	23859916
347326	1	4.19112959157107e-08	23859916
347495	4	1.67645183662843e-07	23859916
347515	3	1.25733887747132e-07	23859916
347834	1	4.19112959157107e-08	23859916
349101	5	2.09556479578553e-07	23859916
349102	6	2.51467775494264e-07	23859916
349106	3	1.25733887747132e-07	23859916
349163	2	8.38225918314214e-08	23859916
349519	3	1.25733887747132e-07	23859916
349741	3	1.25733887747132e-07	23859916
349746	1	4.19112959157107e-08	23859916
349747	3	1.25733887747132e-07	23859916
350054	6	2.51467775494264e-07	23859916
350058	5	2.09556479578553e-07	23859916
351348	5	2.09556479578553e-07	23859916
351607	1	4.19112959157107e-08	23859916
351627	1	4.19112959157107e-08	23859916
351745	1	4.19112959157107e-08	23859916
351746	17	7.12492030567082e-07	23859916
352914	1	4.19112959157107e-08	23859916
353152	1	4.19112959157107e-08	23859916
353153	10	4.19112959157107e-07	23859916
354242	1	4.19112959157107e-08	23859916
357348	1	4.19112959157107e-08	23859916
358220	180	7.54403326482792e-06	23859916
358681	1	4.19112959157107e-08	23859916
359786	16	6.70580734651371e-07	23859916
359787	4	1.67645183662843e-07	23859916
360094	4	1.67645183662843e-07	23859916
360102	12	5.02935550988528e-07	23859916
360104	1	4.19112959157107e-08	23859916
360105	1	4.19112959157107e-08	23859916
360107	5	2.09556479578553e-07	23859916
360910	7	2.93379071409975e-07	23859916
361100	4	1.67645183662843e-07	23859916
362242	8	3.35290367325685e-07	23859916
362663	177	7.41829937708079e-06	23859916
364106	1	4.19112959157107e-08	23859916
365044	56	2.3470325712798e-06	23859916
365046	37	1.5507179488813e-06	23859916
365659	102	4.27495218340249e-06	23859916
366394	3	1.25733887747132e-07	23859916
366602	8	3.35290367325685e-07	23859916
367737	1	4.19112959157107e-08	23859916
367775	1	4.19112959157107e-08	23859916
367928	17	7.12492030567082e-07	23859916
369723	3	1.25733887747132e-07	23859916
370554	6	2.51467775494264e-07	23859916
373153	13	5.44846846904239e-07	23859916
373384	84	3.5205488569197e-06	23859916
374930	1	4.19112959157107e-08	23859916
374931	1	4.19112959157107e-08	23859916
375286	15	6.2866943873566e-07	23859916
376686	450	1.88600831620698e-05	23859916
377628	10	4.19112959157107e-07	23859916
377629	3	1.25733887747132e-07	23859916
378753	12	5.02935550988528e-07	23859916
378806	2	8.38225918314214e-08	23859916
379731	13	5.44846846904239e-07	23859916
380703	4	1.67645183662843e-07	23859916
381666	14	5.8675814281995e-07	23859916
381754	31	1.29925017338703e-06	23859916
382245	5	2.09556479578553e-07	23859916
383407	1	4.19112959157107e-08	23859916
383629	1	4.19112959157107e-08	23859916
384676	17	7.12492030567082e-07	23859916
385025	1	4.19112959157107e-08	23859916
386043	9	3.77201663241396e-07	23859916
386415	1	4.19112959157107e-08	23859916
386585	13	5.44846846904239e-07	23859916
386656	5	2.09556479578553e-07	23859916
387344	8	3.35290367325685e-07	23859916
388919	5	2.09556479578553e-07	23859916
390235	8	3.35290367325685e-07	23859916
390333	23	9.63959806061346e-07	23859916
391008	22	9.22048510145635e-07	23859916
391037	2	8.38225918314214e-08	23859916
391038	2	8.38225918314214e-08	23859916
391165	4	1.67645183662843e-07	23859916
391295	58	2.43085516311122e-06	23859916
391296	47	1.9698309080384e-06	23859916
391619	1	4.19112959157107e-08	23859916
391735	39	1.63454054071272e-06	23859916
391904	9	3.77201663241396e-07	23859916
392499	18	7.54403326482792e-07	23859916
393305	5	2.09556479578553e-07	23859916
393595	1	4.19112959157107e-08	23859916
394221	2	8.38225918314214e-08	23859916
394503	4	1.67645183662843e-07	23859916
395019	16	6.70580734651371e-07	23859916
395492	1	4.19112959157107e-08	23859916
395495	43	1.80218572437556e-06	23859916
395960	7	2.93379071409975e-07	23859916
395963	1	4.19112959157107e-08	23859916
395965	2	8.38225918314214e-08	23859916
396513	2	8.38225918314214e-08	23859916
396588	12	5.02935550988528e-07	23859916
396595	1	4.19112959157107e-08	23859916
397945	57	2.38894386719551e-06	23859916
397948	1	4.19112959157107e-08	23859916
398527	9	3.77201663241396e-07	23859916
398577	5	2.09556479578553e-07	23859916
398578	99	4.14921829565536e-06	23859916
398579	2	8.38225918314214e-08	23859916
398580	1	4.19112959157107e-08	23859916
399726	1	4.19112959157107e-08	23859916
399739	8	3.35290367325685e-07	23859916
399741	1	4.19112959157107e-08	23859916
399781	7	2.93379071409975e-07	23859916
399804	2	8.38225918314214e-08	23859916
400667	52	2.17938738761696e-06	23859916
400756	17	7.12492030567082e-07	23859916
401473	4	1.67645183662843e-07	23859916
402612	207	8.67563825455211e-06	23859916
402626	9	3.77201663241396e-07	23859916
402881	3	1.25733887747132e-07	23859916
402882	1	4.19112959157107e-08	23859916
403677	12	5.02935550988528e-07	23859916
404380	1	4.19112959157107e-08	23859916
405416	33	1.38307276521845e-06	23859916
405440	1	4.19112959157107e-08	23859916
405534	8	3.35290367325685e-07	23859916
405535	6	2.51467775494264e-07	23859916
405948	6	2.51467775494264e-07	23859916
405955	155	6.49625086693516e-06	23859916
406425	4	1.67645183662843e-07	23859916
407976	1	4.19112959157107e-08	23859916
409438	3	1.25733887747132e-07	23859916
410289	7	2.93379071409975e-07	23859916
411154	18	7.54403326482792e-07	23859916
412022	1	4.19112959157107e-08	23859916
412030	4	1.67645183662843e-07	23859916
412133	2	8.38225918314214e-08	23859916
412694	6	2.51467775494264e-07	23859916
414684	1	4.19112959157107e-08	23859916
414970	1	4.19112959157107e-08	23859916
416269	1	4.19112959157107e-08	23859916
416344	4	1.67645183662843e-07	23859916
416870	6	2.51467775494264e-07	23859916
418127	16	6.70580734651371e-07	23859916
419610	21	8.80137214229924e-07	23859916
419947	3	1.25733887747132e-07	23859916
420246	3	1.25733887747132e-07	23859916
420247	2	8.38225918314214e-08	23859916
420662	52	2.17938738761696e-06	23859916
423368	60	2.51467775494264e-06	23859916
423536	6	2.51467775494264e-07	23859916
424182	4	1.67645183662843e-07	23859916
425011	1	4.19112959157107e-08	23859916
426114	2	8.38225918314214e-08	23859916
426117	9	3.77201663241396e-07	23859916
426355	19	7.96314622398503e-07	23859916
426430	2	8.38225918314214e-08	23859916
428406	7	2.93379071409975e-07	23859916
429009	1	4.19112959157107e-08	23859916
431895	1	4.19112959157107e-08	23859916
431943	2	8.38225918314214e-08	23859916
431946	57	2.38894386719551e-06	23859916
431947	5	2.09556479578553e-07	23859916
434271	1	4.19112959157107e-08	23859916
435258	2	8.38225918314214e-08	23859916
435590	60	2.51467775494264e-06	23859916
435591	81	3.39481496917257e-06	23859916
435998	3	1.25733887747132e-07	23859916
436717	20	8.38225918314214e-07	23859916
438753	4	1.67645183662843e-07	23859916
439235	1	4.19112959157107e-08	23859916
439375	5	2.09556479578553e-07	23859916
439843	154	6.45433957101945e-06	23859916
439855	48	2.01174220395411e-06	23859916
440085	16	6.70580734651371e-07	23859916
441620	13	5.44846846904239e-07	23859916
441772	1	4.19112959157107e-08	23859916
442563	1	4.19112959157107e-08	23859916
443143	3	1.25733887747132e-07	23859916
443144	1	4.19112959157107e-08	23859916
443218	3	1.25733887747132e-07	23859916
443906	16	6.70580734651371e-07	23859916
444177	1	4.19112959157107e-08	23859916
446462	2	8.38225918314214e-08	23859916
446465	4	1.67645183662843e-07	23859916
446466	2	8.38225918314214e-08	23859916
446469	9	3.77201663241396e-07	23859916
446470	4	1.67645183662843e-07	23859916
446471	7	2.93379071409975e-07	23859916
447217	3	1.25733887747132e-07	23859916
447909	1	4.19112959157107e-08	23859916
448385	3	1.25733887747132e-07	23859916
450851	6	2.51467775494264e-07	23859916
451516	50	2.09556479578553e-06	23859916
452638	43	1.80218572437556e-06	23859916
452652	4	1.67645183662843e-07	23859916
452662	31	1.29925017338703e-06	23859916
452863	3	1.25733887747132e-07	23859916
454169	129	5.40655717312668e-06	23859916
455488	1	4.19112959157107e-08	23859916
455632	6	2.51467775494264e-07	23859916
457425	4	1.67645183662843e-07	23859916
457570	3	1.25733887747132e-07	23859916
458233	80	3.35290367325685e-06	23859916
458817	2	8.38225918314214e-08	23859916
459424	3	1.25733887747132e-07	23859916
460265	8	3.35290367325685e-07	23859916
464988	6	2.51467775494264e-07	23859916
465515	18	7.54403326482792e-07	23859916
467705	4	1.67645183662843e-07	23859916
469371	8	3.35290367325685e-07	23859916
469378	5	2.09556479578553e-07	23859916
469383	1	4.19112959157107e-08	23859916
469604	1	4.19112959157107e-08	23859916
469607	1	4.19112959157107e-08	23859916
471223	7	2.93379071409975e-07	23859916
471852	5	2.09556479578553e-07	23859916
471853	6	2.51467775494264e-07	23859916
471855	2	8.38225918314214e-08	23859916
471856	8	3.35290367325685e-07	23859916
471857	4	1.67645183662843e-07	23859916
474186	6	2.51467775494264e-07	23859916
476213	1	4.19112959157107e-08	23859916
477641	10	4.19112959157107e-07	23859916
478433	1	4.19112959157107e-08	23859916
478434	1	4.19112959157107e-08	23859916
478801	13	5.44846846904239e-07	23859916
479431	2	8.38225918314214e-08	23859916
479432	9	3.77201663241396e-07	23859916
479433	4	1.67645183662843e-07	23859916
479435	4	1.67645183662843e-07	23859916
479436	1	4.19112959157107e-08	23859916
479437	7	2.93379071409975e-07	23859916
480119	19	7.96314622398503e-07	23859916
481805	137	5.74184754045236e-06	23859916
482957	7	2.93379071409975e-07	23859916
484021	19	7.96314622398503e-07	23859916
484906	2	8.38225918314214e-08	23859916
485915	1	4.19112959157107e-08	23859916
485917	4	1.67645183662843e-07	23859916
485918	4	1.67645183662843e-07	23859916
486410	2	8.38225918314214e-08	23859916
487213	7	2.93379071409975e-07	23859916
487214	12	5.02935550988528e-07	23859916
487521	1	4.19112959157107e-08	23859916
488222	3	1.25733887747132e-07	23859916
488223	2	8.38225918314214e-08	23859916
489653	2	8.38225918314214e-08	23859916
491915	11	4.61024255072818e-07	23859916
491916	3	1.25733887747132e-07	23859916
496833	1	4.19112959157107e-08	23859916
497978	10	4.19112959157107e-07	23859916
498211	2	8.38225918314214e-08	23859916
498213	1	4.19112959157107e-08	23859916
502025	1	4.19112959157107e-08	23859916
502558	1	4.19112959157107e-08	23859916
502800	2	8.38225918314214e-08	23859916
502801	3	1.25733887747132e-07	23859916
504472	1	4.19112959157107e-08	23859916
504474	1013	4.24561427626149e-05	23859916
504832	11	4.61024255072818e-07	23859916
505682	3205	0.000134325703409853	23859916
505711	1	4.19112959157107e-08	23859916
507522	7	2.93379071409975e-07	23859916
508771	1	4.19112959157107e-08	23859916
509169	8	3.35290367325685e-07	23859916
509170	21	8.80137214229924e-07	23859916
509173	80	3.35290367325685e-06	23859916
509190	5	2.09556479578553e-07	23859916
511691	1	4.19112959157107e-08	23859916
512564	8	3.35290367325685e-07	23859916
512565	2	8.38225918314214e-08	23859916
512566	7	2.93379071409975e-07	23859916
515619	6	2.51467775494264e-07	23859916
515620	3	1.25733887747132e-07	23859916
516950	122	5.1131781017167e-06	23859916
518766	1	4.19112959157107e-08	23859916
519441	1	4.19112959157107e-08	23859916
521006	5	2.09556479578553e-07	23859916
521095	8	3.35290367325685e-07	23859916
521096	10	4.19112959157107e-07	23859916
521097	20	8.38225918314214e-07	23859916
521674	2	8.38225918314214e-08	23859916
522306	4	1.67645183662843e-07	23859916
522373	92	3.85583922424538e-06	23859916
523794	3	1.25733887747132e-07	23859916
523796	1	4.19112959157107e-08	23859916
525284	893	3.74267872527296e-05	23859916
525381	9	3.77201663241396e-07	23859916
525897	3	1.25733887747132e-07	23859916
525909	1	4.19112959157107e-08	23859916
525919	25	1.04778239789277e-06	23859916
526218	1	4.19112959157107e-08	23859916
526225	6	2.51467775494264e-07	23859916
526226	5	2.09556479578553e-07	23859916
526227	1	4.19112959157107e-08	23859916
530564	2	8.38225918314214e-08	23859916
531844	3	1.25733887747132e-07	23859916
535289	52	2.17938738761696e-06	23859916
536019	2	8.38225918314214e-08	23859916
536056	15	6.2866943873566e-07	23859916
536230	1	4.19112959157107e-08	23859916
543728	59	2.47276645902693e-06	23859916
543734	1	4.19112959157107e-08	23859916
543891	9	3.77201663241396e-07	23859916
543913	289	1.21123645196404e-05	23859916
544556	9	3.77201663241396e-07	23859916
545693	2	8.38225918314214e-08	23859916
545694	1	4.19112959157107e-08	23859916
545695	1	4.19112959157107e-08	23859916
546269	8	3.35290367325685e-07	23859916
546271	1	4.19112959157107e-08	23859916
546272	2	8.38225918314214e-08	23859916
546342	1	4.19112959157107e-08	23859916
546414	1	4.19112959157107e-08	23859916
548473	3	1.25733887747132e-07	23859916
548476	215	9.0109286218778e-06	23859916
548479	22	9.22048510145635e-07	23859916
550538	2	8.38225918314214e-08	23859916
550542	7	2.93379071409975e-07	23859916
552536	1	4.19112959157107e-08	23859916
553174	53	2.22129868353267e-06	23859916
553190	1430	5.99331531594663e-05	23859916
553199	769	3.22297865591815e-05	23859916
555778	1	4.19112959157107e-08	23859916
556484	4	1.67645183662843e-07	23859916
557433	1	4.19112959157107e-08	23859916
557436	3	1.25733887747132e-07	23859916
557598	5	2.09556479578553e-07	23859916
557599	2	8.38225918314214e-08	23859916
557600	12	5.02935550988528e-07	23859916
557722	23	9.63959806061346e-07	23859916
557760	4	1.67645183662843e-07	23859916
559292	9	3.77201663241396e-07	23859916
561230	2	8.38225918314214e-08	23859916
561231	1	4.19112959157107e-08	23859916
561276	19	7.96314622398503e-07	23859916
563769	1	4.19112959157107e-08	23859916
565040	4	1.67645183662843e-07	23859916
565042	1	4.19112959157107e-08	23859916
565050	2	8.38225918314214e-08	23859916
565575	2609	0.000109346571044089	23859916
565655	32	1.34116146930274e-06	23859916
568703	2	8.38225918314214e-08	23859916
568706	1	4.19112959157107e-08	23859916
568707	2	8.38225918314214e-08	23859916
568814	65	2.72423423452119e-06	23859916
568816	1	4.19112959157107e-08	23859916
571800	1	4.19112959157107e-08	23859916
572263	1	4.19112959157107e-08	23859916
572265	1	4.19112959157107e-08	23859916
572307	1	4.19112959157107e-08	23859916
572477	3	1.25733887747132e-07	23859916
573062	1	4.19112959157107e-08	23859916
573235	7	2.93379071409975e-07	23859916
573729	1	4.19112959157107e-08	23859916
574093	6	2.51467775494264e-07	23859916
574521	25	1.04778239789277e-06	23859916
575614	49	2.05365349986982e-06	23859916
578455	1	4.19112959157107e-08	23859916
579112	1	4.19112959157107e-08	23859916
580327	4	1.67645183662843e-07	23859916
580332	5	2.09556479578553e-07	23859916
582744	3	1.25733887747132e-07	23859916
582899	3	1.25733887747132e-07	23859916
583345	1	4.19112959157107e-08	23859916
583346	2	8.38225918314214e-08	23859916
585035	10	4.19112959157107e-07	23859916
585054	31	1.29925017338703e-06	23859916
585055	7	2.93379071409975e-07	23859916
585056	21	8.80137214229924e-07	23859916
585057	37	1.5507179488813e-06	23859916
585394	30	1.25733887747132e-06	23859916
585395	3	1.25733887747132e-07	23859916
585396	130	5.44846846904239e-06	23859916
585397	10	4.19112959157107e-07	23859916
590998	4	1.67645183662843e-07	23859916
591020	4	1.67645183662843e-07	23859916
591167	1	4.19112959157107e-08	23859916
591946	9	3.77201663241396e-07	23859916
592029	8	3.35290367325685e-07	23859916
592316	2	8.38225918314214e-08	23859916
593907	1	4.19112959157107e-08	23859916
595495	28	1.1735162856399e-06	23859916
595496	3	1.25733887747132e-07	23859916
595537	47	1.9698309080384e-06	23859916
596153	52	2.17938738761696e-06	23859916
596154	37	1.5507179488813e-06	23859916
598659	2	8.38225918314214e-08	23859916
604162	2	8.38225918314214e-08	23859916
617121	5	2.09556479578553e-07	23859916
622759	7	2.93379071409975e-07	23859916
626418	7	2.93379071409975e-07	23859916
627192	21	8.80137214229924e-07	23859916
632772	15	6.2866943873566e-07	23859916
633147	12	5.02935550988528e-07	23859916
633149	2	8.38225918314214e-08	23859916
633699	1	4.19112959157107e-08	23859916
634176	3	1.25733887747132e-07	23859916
634177	1	4.19112959157107e-08	23859916
634500	7	2.93379071409975e-07	23859916
634504	2	8.38225918314214e-08	23859916
634956	1	4.19112959157107e-08	23859916
635013	1	4.19112959157107e-08	23859916
637379	9	3.77201663241396e-07	23859916
637387	1	4.19112959157107e-08	23859916
637905	1	4.19112959157107e-08	23859916
637909	17	7.12492030567082e-07	23859916
637910	3	1.25733887747132e-07	23859916
639283	5	2.09556479578553e-07	23859916
640081	5	2.09556479578553e-07	23859916
640131	1	4.19112959157107e-08	23859916
640510	4	1.67645183662843e-07	23859916
640512	7	2.93379071409975e-07	23859916
641491	2	8.38225918314214e-08	23859916
643561	38	1.59262924479701e-06	23859916
643867	4	1.67645183662843e-07	23859916
644223	1	4.19112959157107e-08	23859916
644283	2	8.38225918314214e-08	23859916
644284	3	1.25733887747132e-07	23859916
644801	9	3.77201663241396e-07	23859916
644966	2	8.38225918314214e-08	23859916
645127	56	2.3470325712798e-06	23859916
645462	2	8.38225918314214e-08	23859916
645463	22	9.22048510145635e-07	23859916
648757	1	4.19112959157107e-08	23859916
648999	2	8.38225918314214e-08	23859916
649349	3	1.25733887747132e-07	23859916
649831	5	2.09556479578553e-07	23859916
650150	1	4.19112959157107e-08	23859916
652103	5	2.09556479578553e-07	23859916
653045	5	2.09556479578553e-07	23859916
653938	1	4.19112959157107e-08	23859916
655815	14	5.8675814281995e-07	23859916
655817	2	8.38225918314214e-08	23859916
656024	3	1.25733887747132e-07	23859916
657308	2	8.38225918314214e-08	23859916
657309	31	1.29925017338703e-06	23859916
657310	24	1.00587110197706e-06	23859916
657313	5	2.09556479578553e-07	23859916
657315	1	4.19112959157107e-08	23859916
657316	3	1.25733887747132e-07	23859916
657317	4	1.67645183662843e-07	23859916
657318	4	1.67645183662843e-07	23859916
657321	3	1.25733887747132e-07	23859916
657322	5	2.09556479578553e-07	23859916
657323	6	2.51467775494264e-07	23859916
661410	6	2.51467775494264e-07	23859916
662598	1	4.19112959157107e-08	23859916
662755	1570	6.58007345876658e-05	23859916
665029	1	4.19112959157107e-08	23859916
666681	9	3.77201663241396e-07	23859916
666685	5	2.09556479578553e-07	23859916
667014	2	8.38225918314214e-08	23859916
667015	55	2.30512127536409e-06	23859916
670307	1	4.19112959157107e-08	23859916
675635	5	2.09556479578553e-07	23859916
679935	12	5.02935550988528e-07	23859916
680646	5	2.09556479578553e-07	23859916
681288	1	4.19112959157107e-08	23859916
684738	6	2.51467775494264e-07	23859916
685038	1	4.19112959157107e-08	23859916
685039	1	4.19112959157107e-08	23859916
685727	13	5.44846846904239e-07	23859916
688245	33	1.38307276521845e-06	23859916
688270	13	5.44846846904239e-07	23859916
690566	25	1.04778239789277e-06	23859916
690850	1	4.19112959157107e-08	23859916
691437	9	3.77201663241396e-07	23859916
692420	4	1.67645183662843e-07	23859916
693216	1	4.19112959157107e-08	23859916
693444	3	1.25733887747132e-07	23859916
693974	1	4.19112959157107e-08	23859916
693978	20	8.38225918314214e-07	23859916
693979	6	2.51467775494264e-07	23859916
693982	2	8.38225918314214e-08	23859916
694427	3	1.25733887747132e-07	23859916
695560	1	4.19112959157107e-08	23859916
696127	1	4.19112959157107e-08	23859916
696216	2	8.38225918314214e-08	23859916
696749	6	2.51467775494264e-07	23859916
697284	1	4.19112959157107e-08	23859916
697303	2	8.38225918314214e-08	23859916
698737	4	1.67645183662843e-07	23859916
698761	1	4.19112959157107e-08	23859916
698948	3	1.25733887747132e-07	23859916
698962	44	1.84409702029127e-06	23859916
698963	2	8.38225918314214e-08	23859916
698964	25	1.04778239789277e-06	23859916
698965	17	7.12492030567082e-07	23859916
698966	6	2.51467775494264e-07	23859916
698967	12	5.02935550988528e-07	23859916
698968	5	2.09556479578553e-07	23859916
698969	4	1.67645183662843e-07	23859916
698970	20	8.38225918314214e-07	23859916
698971	1	4.19112959157107e-08	23859916
698972	19	7.96314622398503e-07	23859916
698973	31	1.29925017338703e-06	23859916
699032	7	2.93379071409975e-07	23859916
699033	9	3.77201663241396e-07	23859916
699037	4	1.67645183662843e-07	23859916
699246	42	1.76027442845985e-06	23859916
700015	4	1.67645183662843e-07	23859916
700508	3	1.25733887747132e-07	23859916
700598	5	2.09556479578553e-07	23859916
701347	3	1.25733887747132e-07	23859916
702113	10	4.19112959157107e-07	23859916
702459	5	2.09556479578553e-07	23859916
703613	1	4.19112959157107e-08	23859916
706191	3	1.25733887747132e-07	23859916
708616	12	5.02935550988528e-07	23859916
709032	1	4.19112959157107e-08	23859916
709986	1	4.19112959157107e-08	23859916
709991	14	5.8675814281995e-07	23859916
710127	2	8.38225918314214e-08	23859916
710128	2	8.38225918314214e-08	23859916
710421	1	4.19112959157107e-08	23859916
710685	3	1.25733887747132e-07	23859916
710686	3	1.25733887747132e-07	23859916
710696	2	8.38225918314214e-08	23859916
712898	1	4.19112959157107e-08	23859916
712938	2	8.38225918314214e-08	23859916
714313	6	2.51467775494264e-07	23859916
716540	1	4.19112959157107e-08	23859916
716541	9	3.77201663241396e-07	23859916
717605	1	4.19112959157107e-08	23859916
717608	1	4.19112959157107e-08	23859916
717773	1	4.19112959157107e-08	23859916
717785	3	1.25733887747132e-07	23859916
717959	70	2.93379071409975e-06	23859916
717960	3	1.25733887747132e-07	23859916
717961	13	5.44846846904239e-07	23859916
717962	5	2.09556479578553e-07	23859916
718252	7	2.93379071409975e-07	23859916
718254	3	1.25733887747132e-07	23859916
718255	2	8.38225918314214e-08	23859916
718274	8	3.35290367325685e-07	23859916
722911	1	4.19112959157107e-08	23859916
741091	5	2.09556479578553e-07	23859916
742013	73	3.05952460184688e-06	23859916
743525	4	1.67645183662843e-07	23859916
743718	1	4.19112959157107e-08	23859916
743720	3	1.25733887747132e-07	23859916
743721	9	3.77201663241396e-07	23859916
744533	2	8.38225918314214e-08	23859916
745310	32	1.34116146930274e-06	23859916
746697	14	5.8675814281995e-07	23859916
748247	3	1.25733887747132e-07	23859916
748280	5	2.09556479578553e-07	23859916
749219	1	4.19112959157107e-08	23859916
749414	3	1.25733887747132e-07	23859916
749927	2	8.38225918314214e-08	23859916
754035	4	1.67645183662843e-07	23859916
754252	1	4.19112959157107e-08	23859916
755731	1	4.19112959157107e-08	23859916
755732	23	9.63959806061346e-07	23859916
756272	2	8.38225918314214e-08	23859916
757424	5	2.09556479578553e-07	23859916
758793	2	8.38225918314214e-08	23859916
759350	4	1.67645183662843e-07	23859916
759362	2	8.38225918314214e-08	23859916
760192	6	2.51467775494264e-07	23859916
760570	4	1.67645183662843e-07	23859916
761659	2	8.38225918314214e-08	23859916
762051	3	1.25733887747132e-07	23859916
762376	7	2.93379071409975e-07	23859916
762633	2	8.38225918314214e-08	23859916
762903	2	8.38225918314214e-08	23859916
762948	14	5.8675814281995e-07	23859916
765698	3	1.25733887747132e-07	23859916
765874	56	2.3470325712798e-06	23859916
765912	2	8.38225918314214e-08	23859916
765952	3	1.25733887747132e-07	23859916
767031	35	1.46689535704987e-06	23859916
767434	4	1.67645183662843e-07	23859916
767463	3	1.25733887747132e-07	23859916
768066	2	8.38225918314214e-08	23859916
768486	147	6.16096049960947e-06	23859916
768490	2	8.38225918314214e-08	23859916
768706	1	4.19112959157107e-08	23859916
856793	1	4.19112959157107e-08	23859916
857087	1	4.19112959157107e-08	23859916
858619	51	2.13747609170125e-06	23859916
859655	5	2.09556479578553e-07	23859916
859656	7	2.93379071409975e-07	23859916
859657	7	2.93379071409975e-07	23859916
860228	3	1.25733887747132e-07	23859916
861208	40	1.67645183662843e-06	23859916
861360	3	1.25733887747132e-07	23859916
862259	1	4.19112959157107e-08	23859916
862719	5	2.09556479578553e-07	23859916
862751	5	2.09556479578553e-07	23859916
862962	22	9.22048510145635e-07	23859916
862964	1	4.19112959157107e-08	23859916
862965	4	1.67645183662843e-07	23859916
862966	1	4.19112959157107e-08	23859916
862967	5	2.09556479578553e-07	23859916
862969	2	8.38225918314214e-08	23859916
862971	11	4.61024255072818e-07	23859916
865867	1	4.19112959157107e-08	23859916
865938	8	3.35290367325685e-07	23859916
866536	1	4.19112959157107e-08	23859916
866768	56	2.3470325712798e-06	23859916
866775	8	3.35290367325685e-07	23859916
867900	16	6.70580734651371e-07	23859916
868597	24	1.00587110197706e-06	23859916
869212	2	8.38225918314214e-08	23859916
869216	1	4.19112959157107e-08	23859916
869309	7	2.93379071409975e-07	23859916
869729	73	3.05952460184688e-06	23859916
871585	11	4.61024255072818e-07	23859916
872331	8	3.35290367325685e-07	23859916
875328	1	4.19112959157107e-08	23859916
877468	2	8.38225918314214e-08	23859916
879243	170	7.12492030567082e-06	23859916
880070	1	4.19112959157107e-08	23859916
880071	2	8.38225918314214e-08	23859916
880591	5	2.09556479578553e-07	23859916
880758	15	6.2866943873566e-07	23859916
882378	2	8.38225918314214e-08	23859916
882884	2	8.38225918314214e-08	23859916
883062	7	2.93379071409975e-07	23859916
885276	1	4.19112959157107e-08	23859916
886293	4	1.67645183662843e-07	23859916
886377	2	8.38225918314214e-08	23859916
887061	1	4.19112959157107e-08	23859916
889738	17	7.12492030567082e-07	23859916
889932	1	4.19112959157107e-08	23859916
890402	4	1.67645183662843e-07	23859916
891391	4	1.67645183662843e-07	23859916
903510	1	4.19112959157107e-08	23859916
905079	4	1.67645183662843e-07	23859916
908937	18	7.54403326482792e-07	23859916
909420	1	4.19112959157107e-08	23859916
909952	71	2.97570201001546e-06	23859916
910348	2	8.38225918314214e-08	23859916
914149	1	4.19112959157107e-08	23859916
926550	1	4.19112959157107e-08	23859916
926556	2	8.38225918314214e-08	23859916
926570	2	8.38225918314214e-08	23859916
927666	5	2.09556479578553e-07	23859916
927704	1	4.19112959157107e-08	23859916
929439	3	1.25733887747132e-07	23859916
929556	1	4.19112959157107e-08	23859916
929562	2	8.38225918314214e-08	23859916
930169	3	1.25733887747132e-07	23859916
930171	1	4.19112959157107e-08	23859916
930944	10	4.19112959157107e-07	23859916
931281	7	2.93379071409975e-07	23859916
932677	4	1.67645183662843e-07	23859916
932919	1	4.19112959157107e-08	23859916
935296	2	8.38225918314214e-08	23859916
935297	1	4.19112959157107e-08	23859916
935588	1	4.19112959157107e-08	23859916
935591	1	4.19112959157107e-08	23859916
935697	3	1.25733887747132e-07	23859916
935897	1	4.19112959157107e-08	23859916
936139	2	8.38225918314214e-08	23859916
936153	227	9.51386417286632e-06	23859916
937777	1	4.19112959157107e-08	23859916
940190	2	8.38225918314214e-08	23859916
940296	1	4.19112959157107e-08	23859916
941193	3	1.25733887747132e-07	23859916
941639	12	5.02935550988528e-07	23859916
942513	2	8.38225918314214e-08	23859916
944547	1	4.19112959157107e-08	23859916
945021	7	2.93379071409975e-07	23859916
945556	7	2.93379071409975e-07	23859916
945704	9	3.77201663241396e-07	23859916
945711	1	4.19112959157107e-08	23859916
945712	9	3.77201663241396e-07	23859916
953739	2	8.38225918314214e-08	23859916
977880	11	4.61024255072818e-07	23859916
979556	9	3.77201663241396e-07	23859916
979982	1	4.19112959157107e-08	23859916
981368	4	1.67645183662843e-07	23859916
981540	14	5.8675814281995e-07	23859916
983544	32	1.34116146930274e-06	23859916
983548	14	5.8675814281995e-07	23859916
983917	36	1.50880665296558e-06	23859916
984892	40	1.67645183662843e-06	23859916
985002	4	1.67645183662843e-07	23859916
990288	1	4.19112959157107e-08	23859916
990315	4	1.67645183662843e-07	23859916
990316	1	4.19112959157107e-08	23859916
990317	5	2.09556479578553e-07	23859916
991905	7	2.93379071409975e-07	23859916
992406	3	1.25733887747132e-07	23859916
994476	4	1.67645183662843e-07	23859916
994484	16	6.70580734651371e-07	23859916
996285	6	2.51467775494264e-07	23859916
998088	6	2.51467775494264e-07	23859916
999541	9	3.77201663241396e-07	23859916
999552	4	1.67645183662843e-07	23859916
999953	2	8.38225918314214e-08	23859916
1001583	1	4.19112959157107e-08	23859916
1001585	7	2.93379071409975e-07	23859916
1003195	6	2.51467775494264e-07	23859916
1004952	5	2.09556479578553e-07	23859916
1005041	1	4.19112959157107e-08	23859916
1005042	1	4.19112959157107e-08	23859916
1005048	12	5.02935550988528e-07	23859916
1006551	3	1.25733887747132e-07	23859916
1007105	2	8.38225918314214e-08	23859916
1009464	839	3.51635772732813e-05	23859916
1009846	5	2.09556479578553e-07	23859916
1017264	2	8.38225918314214e-08	23859916
1029756	2	8.38225918314214e-08	23859916
1030009	1	4.19112959157107e-08	23859916
1030843	2	8.38225918314214e-08	23859916
1031709	33	1.38307276521845e-06	23859916
1031710	4	1.67645183662843e-07	23859916
1031711	5	2.09556479578553e-07	23859916
1032480	3	1.25733887747132e-07	23859916
1033813	84	3.5205488569197e-06	23859916
1034807	268	1.12322273054105e-05	23859916
1036172	2	8.38225918314214e-08	23859916
1036743	2	8.38225918314214e-08	23859916
1037409	14	5.8675814281995e-07	23859916
1037911	52	2.17938738761696e-06	23859916
1041826	70	2.93379071409975e-06	23859916
1042156	1	4.19112959157107e-08	23859916
1042876	18	7.54403326482792e-07	23859916
1042878	12	5.02935550988528e-07	23859916
1045855	8	3.35290367325685e-07	23859916
1045856	2	8.38225918314214e-08	23859916
1046624	1	4.19112959157107e-08	23859916
1046629	1	4.19112959157107e-08	23859916
1048245	1	4.19112959157107e-08	23859916
1048332	5	2.09556479578553e-07	23859916
1048689	1	4.19112959157107e-08	23859916
1049565	3	1.25733887747132e-07	23859916
1054460	6	2.51467775494264e-07	23859916
1064535	1	4.19112959157107e-08	23859916
1064539	4	1.67645183662843e-07	23859916
1069533	1	4.19112959157107e-08	23859916
1069642	3	1.25733887747132e-07	23859916
1072459	12	5.02935550988528e-07	23859916
1072467	1	4.19112959157107e-08	23859916
1074919	11	4.61024255072818e-07	23859916
1075399	1	4.19112959157107e-08	23859916
1076934	4	1.67645183662843e-07	23859916
1081093	1	4.19112959157107e-08	23859916
1082931	2	8.38225918314214e-08	23859916
1087451	1	4.19112959157107e-08	23859916
1087452	2	8.38225918314214e-08	23859916
1089456	17	7.12492030567082e-07	23859916
1090974	2	8.38225918314214e-08	23859916
1091045	273	1.1441783784989e-05	23859916
1093141	4	1.67645183662843e-07	23859916
1093787	2	8.38225918314214e-08	23859916
1094466	96	4.02348440790823e-06	23859916
1094508	2	8.38225918314214e-08	23859916
1095774	3	1.25733887747132e-07	23859916
1096995	2	8.38225918314214e-08	23859916
1096996	2	8.38225918314214e-08	23859916
1097668	3	1.25733887747132e-07	23859916
1097677	5	2.09556479578553e-07	23859916
1100841	1	4.19112959157107e-08	23859916
1104322	10	4.19112959157107e-07	23859916
1104325	2646	0.00011089728899297	23859916
1104326	3	1.25733887747132e-07	23859916
1107880	36	1.50880665296558e-06	23859916
1110502	1	4.19112959157107e-08	23859916
1111068	9	3.77201663241396e-07	23859916
1111069	1	4.19112959157107e-08	23859916
1111678	3	1.25733887747132e-07	23859916
1112204	2	8.38225918314214e-08	23859916
1114965	3	1.25733887747132e-07	23859916
1114966	4	1.67645183662843e-07	23859916
1114967	50	2.09556479578553e-06	23859916
1114969	703	2.94636410287446e-05	23859916
1114970	15	6.2866943873566e-07	23859916
1116231	5	2.09556479578553e-07	23859916
1117647	1	4.19112959157107e-08	23859916
1117943	2	8.38225918314214e-08	23859916
1118959	1	4.19112959157107e-08	23859916
1118963	6	2.51467775494264e-07	23859916
1121335	3	1.25733887747132e-07	23859916
1121353	21	8.80137214229924e-07	23859916
1121362	22	9.22048510145635e-07	23859916
1123519	5	2.09556479578553e-07	23859916
1123523	29	1.21542758155561e-06	23859916
1123863	3	1.25733887747132e-07	23859916
1124936	1	4.19112959157107e-08	23859916
1124983	14	5.8675814281995e-07	23859916
1125630	9	3.77201663241396e-07	23859916
1127134	1	4.19112959157107e-08	23859916
1129369	1	4.19112959157107e-08	23859916
1132507	1	4.19112959157107e-08	23859916
1133849	7	2.93379071409975e-07	23859916
1133850	2	8.38225918314214e-08	23859916
1133852	3	1.25733887747132e-07	23859916
1133853	8	3.35290367325685e-07	23859916
1134454	372	1.55910020806444e-05	23859916
1134782	1	4.19112959157107e-08	23859916
1136179	113	4.73597643847531e-06	23859916
1137651	4	1.67645183662843e-07	23859916
1138382	1	4.19112959157107e-08	23859916
1138383	3	1.25733887747132e-07	23859916
1142394	1	4.19112959157107e-08	23859916
1144275	2	8.38225918314214e-08	23859916
1146883	3	1.25733887747132e-07	23859916
1147128	7	2.93379071409975e-07	23859916
1150469	2	8.38225918314214e-08	23859916
1151116	5	2.09556479578553e-07	23859916
1155071	1	4.19112959157107e-08	23859916
1155766	7866	0.00032967425367298	23859916
1156431	1	4.19112959157107e-08	23859916
1156433	5	2.09556479578553e-07	23859916
1156913	2	8.38225918314214e-08	23859916
1161911	12	5.02935550988528e-07	23859916
1163399	19	7.96314622398503e-07	23859916
1163617	1	4.19112959157107e-08	23859916
1166130	2	8.38225918314214e-08	23859916
1167629	1	4.19112959157107e-08	23859916
1167634	11	4.61024255072818e-07	23859916
1170318	40	1.67645183662843e-06	23859916
1171373	2	8.38225918314214e-08	23859916
1171376	2	8.38225918314214e-08	23859916
1171377	1	4.19112959157107e-08	23859916
1173020	8	3.35290367325685e-07	23859916
1179773	4	1.67645183662843e-07	23859916
1185652	3	1.25733887747132e-07	23859916
1187956	2	8.38225918314214e-08	23859916
1191061	10	4.19112959157107e-07	23859916
1191523	1	4.19112959157107e-08	23859916
1192196	1	4.19112959157107e-08	23859916
1193292	19	7.96314622398503e-07	23859916
1193576	2	8.38225918314214e-08	23859916
1194526	26	1.08969369380848e-06	23859916
1196325	8	3.35290367325685e-07	23859916
1196835	14	5.8675814281995e-07	23859916
1197325	1	4.19112959157107e-08	23859916
1198114	1	4.19112959157107e-08	23859916
1198232	1	4.19112959157107e-08	23859916
1198627	2	8.38225918314214e-08	23859916
1200352	15	6.2866943873566e-07	23859916
1201010	1	4.19112959157107e-08	23859916
1202772	3	1.25733887747132e-07	23859916
1204414	26	1.08969369380848e-06	23859916
1205910	4	1.67645183662843e-07	23859916
1206105	14	5.8675814281995e-07	23859916
1207075	15	6.2866943873566e-07	23859916
1208658	3	1.25733887747132e-07	23859916
1211579	87	3.64628274466683e-06	23859916
1211705	2	8.38225918314214e-08	23859916
1214101	2	8.38225918314214e-08	23859916
1214242	2	8.38225918314214e-08	23859916
1215088	34	1.42498406113416e-06	23859916
1216976	11	4.61024255072818e-07	23859916
1224163	29	1.21542758155561e-06	23859916
1228997	4	1.67645183662843e-07	23859916
1229205	1	4.19112959157107e-08	23859916
1229758	4	1.67645183662843e-07	23859916
1232381	4	1.67645183662843e-07	23859916
1232383	1	4.19112959157107e-08	23859916
1233873	4	1.67645183662843e-07	23859916
1234380	2	8.38225918314214e-08	23859916
1234679	21	8.80137214229924e-07	23859916
1244085	1	4.19112959157107e-08	23859916
1245469	11	4.61024255072818e-07	23859916
1245471	17	7.12492030567082e-07	23859916
1246301	57	2.38894386719551e-06	23859916
1246955	3	1.25733887747132e-07	23859916
1249480	1	4.19112959157107e-08	23859916
1249634	1	4.19112959157107e-08	23859916
1249661	1	4.19112959157107e-08	23859916
1254432	2	8.38225918314214e-08	23859916
1254439	8	3.35290367325685e-07	23859916
1255043	2	8.38225918314214e-08	23859916
1257118	2	8.38225918314214e-08	23859916
1261557	6	2.51467775494264e-07	23859916
1262161	1	4.19112959157107e-08	23859916
1262456	11	4.61024255072818e-07	23859916
1265601	4	1.67645183662843e-07	23859916
1266845	2	8.38225918314214e-08	23859916
1267754	222	9.30430769328777e-06	23859916
1271752	1	4.19112959157107e-08	23859916
1271862	1	4.19112959157107e-08	23859916
1273173	1	4.19112959157107e-08	23859916
1274814	1	4.19112959157107e-08	23859916
1276229	1	4.19112959157107e-08	23859916
1276258	1	4.19112959157107e-08	23859916
1276282	4	1.67645183662843e-07	23859916
1276647	1	4.19112959157107e-08	23859916
1279007	1	4.19112959157107e-08	23859916
1279008	3	1.25733887747132e-07	23859916
1280938	1	4.19112959157107e-08	23859916
1282356	29	1.21542758155561e-06	23859916
1286170	2	8.38225918314214e-08	23859916
1288394	2	8.38225918314214e-08	23859916
1294143	5	2.09556479578553e-07	23859916
1300150	42	1.76027442845985e-06	23859916
1302863	4	1.67645183662843e-07	23859916
1303518	1	4.19112959157107e-08	23859916
1303692	1	4.19112959157107e-08	23859916
1304892	2	8.38225918314214e-08	23859916
1305849	1970	8.256525295395e-05	23859916
1310161	3	1.25733887747132e-07	23859916
1313172	6	2.51467775494264e-07	23859916
1316444	1	4.19112959157107e-08	23859916
1318615	10	4.19112959157107e-07	23859916
1321369	16	6.70580734651371e-07	23859916
1322346	1	4.19112959157107e-08	23859916
1331671	33	1.38307276521845e-06	23859916
1332188	1	4.19112959157107e-08	23859916
1334187	2	8.38225918314214e-08	23859916
1338032	2	8.38225918314214e-08	23859916
1340847	2	8.38225918314214e-08	23859916
1340851	5	2.09556479578553e-07	23859916
1345695	1	4.19112959157107e-08	23859916
1345697	7	2.93379071409975e-07	23859916
1348662	47	1.9698309080384e-06	23859916
1355100	24	1.00587110197706e-06	23859916
1367491	1	4.19112959157107e-08	23859916
1367847	4	1.67645183662843e-07	23859916
1379702	2	8.38225918314214e-08	23859916
1380774	3	1.25733887747132e-07	23859916
1380908	25	1.04778239789277e-06	23859916
1389489	2	8.38225918314214e-08	23859916
1394711	1	4.19112959157107e-08	23859916
1400867	16	6.70580734651371e-07	23859916
1401659	3	1.25733887747132e-07	23859916
1406863	1	4.19112959157107e-08	23859916
1406864	3	1.25733887747132e-07	23859916
1408179	1	4.19112959157107e-08	23859916
1415630	64	2.68232293860548e-06	23859916
1416914	5	2.09556479578553e-07	23859916
1423144	1	4.19112959157107e-08	23859916
1427342	1	4.19112959157107e-08	23859916
1430440	1	4.19112959157107e-08	23859916
1435044	6	2.51467775494264e-07	23859916
1435058	4	1.67645183662843e-07	23859916
1435356	4	1.67645183662843e-07	23859916
1436140	9	3.77201663241396e-07	23859916
