Tax.ID	Frequency	Proportion	Total
2850	1	3.91198885709094e-08	25562445
5823	3	1.17359665712728e-07	25562445
10629	154	6.02446283992005e-06	25562445
10632	11	4.30318774280003e-07	25562445
35128	1	3.91198885709094e-08	25562445
52970	2	7.82397771418188e-08	25562445
55529	2	7.82397771418188e-08	25562445
62928	1	3.91198885709094e-08	25562445
69328	2	7.82397771418188e-08	25562445
76114	1	3.91198885709094e-08	25562445
85643	1	3.91198885709094e-08	25562445
94122	1	3.91198885709094e-08	25562445
126793	1	3.91198885709094e-08	25562445
136966	3	1.17359665712728e-07	25562445
160619	3	1.17359665712728e-07	25562445
169963	1	3.91198885709094e-08	25562445
171101	1	3.91198885709094e-08	25562445
176279	2	7.82397771418188e-08	25562445
176280	2	7.82397771418188e-08	25562445
189423	1	3.91198885709094e-08	25562445
190485	1	3.91198885709094e-08	25562445
196162	1	3.91198885709094e-08	25562445
207559	1	3.91198885709094e-08	25562445
208964	2	7.82397771418188e-08	25562445
214092	2	7.82397771418188e-08	25562445
216595	6	2.34719331425456e-07	25562445
220341	179	7.00246005419278e-06	25562445
220664	1	3.91198885709094e-08	25562445
226185	224	8.7628550398837e-06	25562445
228405	1	3.91198885709094e-08	25562445
232721	4	1.56479554283638e-07	25562445
234621	6	2.34719331425456e-07	25562445
242619	1	3.91198885709094e-08	25562445
243243	1	3.91198885709094e-08	25562445
245018	1	3.91198885709094e-08	25562445
246196	2	7.82397771418188e-08	25562445
261292	1	3.91198885709094e-08	25562445
262316	1	3.91198885709094e-08	25562445
264198	1	3.91198885709094e-08	25562445
266264	2	7.82397771418188e-08	25562445
266940	1	3.91198885709094e-08	25562445
269482	1	3.91198885709094e-08	25562445
272563	1	3.91198885709094e-08	25562445
272622	1	3.91198885709094e-08	25562445
272623	2	7.82397771418188e-08	25562445
272626	1	3.91198885709094e-08	25562445
273119	5	1.95599442854547e-07	25562445
279808	1	3.91198885709094e-08	25562445
290340	1	3.91198885709094e-08	25562445
290399	1	3.91198885709094e-08	25562445
296591	5	1.95599442854547e-07	25562445
306537	2	7.82397771418188e-08	25562445
309807	1	3.91198885709094e-08	25562445
312153	4	1.56479554283638e-07	25562445
314565	1	3.91198885709094e-08	25562445
316055	1	3.91198885709094e-08	25562445
317655	2	7.82397771418188e-08	25562445
318586	3	1.17359665712728e-07	25562445
322159	1	3.91198885709094e-08	25562445
323098	1	3.91198885709094e-08	25562445
331111	1	3.91198885709094e-08	25562445
331271	4	1.56479554283638e-07	25562445
333849	2	7.82397771418188e-08	25562445
334413	4	1.56479554283638e-07	25562445
339670	1	3.91198885709094e-08	25562445
349747	1	3.91198885709094e-08	25562445
350054	1	3.91198885709094e-08	25562445
350058	1	3.91198885709094e-08	25562445
352914	5	1.95599442854547e-07	25562445
358220	12	4.69438662850913e-07	25562445
360102	5	1.95599442854547e-07	25562445
362663	9	3.52078997138185e-07	25562445
365044	2	7.82397771418188e-08	25562445
373153	1	3.91198885709094e-08	25562445
373384	6	2.34719331425456e-07	25562445
375286	2	7.82397771418188e-08	25562445
376686	26	1.01711710284364e-06	25562445
377628	3	1.17359665712728e-07	25562445
379731	1	3.91198885709094e-08	25562445
384676	3	1.17359665712728e-07	25562445
386656	1	3.91198885709094e-08	25562445
391295	3	1.17359665712728e-07	25562445
391296	3	1.17359665712728e-07	25562445
391735	4	1.56479554283638e-07	25562445
393305	1	3.91198885709094e-08	25562445
395019	3	1.17359665712728e-07	25562445
395495	3	1.17359665712728e-07	25562445
397945	2	7.82397771418188e-08	25562445
398578	2	7.82397771418188e-08	25562445
399739	1	3.91198885709094e-08	25562445
400756	1	3.91198885709094e-08	25562445
402612	6	2.34719331425456e-07	25562445
405955	6	2.34719331425456e-07	25562445
419610	1	3.91198885709094e-08	25562445
420662	4	1.56479554283638e-07	25562445
426355	1	3.91198885709094e-08	25562445
428406	1	3.91198885709094e-08	25562445
431947	3	1.17359665712728e-07	25562445
435590	1	3.91198885709094e-08	25562445
439375	1	3.91198885709094e-08	25562445
439843	179	7.00246005419278e-06	25562445
439855	2	7.82397771418188e-08	25562445
440085	1	3.91198885709094e-08	25562445
446466	1	3.91198885709094e-08	25562445
454169	178	6.96334016562187e-06	25562445
458233	1	3.91198885709094e-08	25562445
465515	3	1.17359665712728e-07	25562445
474186	32	1.2518364342691e-06	25562445
479431	2	7.82397771418188e-08	25562445
479432	1	3.91198885709094e-08	25562445
479435	1	3.91198885709094e-08	25562445
481805	6	2.34719331425456e-07	25562445
487214	1	3.91198885709094e-08	25562445
494269	1	3.91198885709094e-08	25562445
504474	1	3.91198885709094e-08	25562445
505682	3	1.17359665712728e-07	25562445
509169	1	3.91198885709094e-08	25562445
512565	1	3.91198885709094e-08	25562445
512566	1	3.91198885709094e-08	25562445
516950	6	2.34719331425456e-07	25562445
522373	2	7.82397771418188e-08	25562445
525284	6	2.34719331425456e-07	25562445
525919	1	3.91198885709094e-08	25562445
526226	1	3.91198885709094e-08	25562445
535289	1	3.91198885709094e-08	25562445
536056	1	3.91198885709094e-08	25562445
543728	6	2.34719331425456e-07	25562445
543913	11	4.30318774280003e-07	25562445
548476	1	3.91198885709094e-08	25562445
553199	14	5.47678439992732e-07	25562445
557760	1	3.91198885709094e-08	25562445
559307	2	7.82397771418188e-08	25562445
561276	2	7.82397771418188e-08	25562445
565575	6	2.34719331425456e-07	25562445
565655	1	3.91198885709094e-08	25562445
578455	1	3.91198885709094e-08	25562445
585396	179	7.00246005419278e-06	25562445
595495	1	3.91198885709094e-08	25562445
595537	5	1.95599442854547e-07	25562445
596153	2	7.82397771418188e-08	25562445
596154	1	3.91198885709094e-08	25562445
627192	1	3.91198885709094e-08	25562445
637379	2	7.82397771418188e-08	25562445
643561	1	3.91198885709094e-08	25562445
645127	2	7.82397771418188e-08	25562445
645463	1	3.91198885709094e-08	25562445
649349	3	1.17359665712728e-07	25562445
652103	1	3.91198885709094e-08	25562445
653938	1	3.91198885709094e-08	25562445
656024	1	3.91198885709094e-08	25562445
657310	44	1.72127509712001e-06	25562445
657314	1	3.91198885709094e-08	25562445
662755	2	7.82397771418188e-08	25562445
684738	1	3.91198885709094e-08	25562445
685727	1	3.91198885709094e-08	25562445
687355	1	3.91198885709094e-08	25562445
688245	2	7.82397771418188e-08	25562445
710421	1	3.91198885709094e-08	25562445
710685	1	3.91198885709094e-08	25562445
717960	1	3.91198885709094e-08	25562445
742013	1	3.91198885709094e-08	25562445
748247	1	3.91198885709094e-08	25562445
755732	3	1.17359665712728e-07	25562445
757424	2	7.82397771418188e-08	25562445
758793	1	3.91198885709094e-08	25562445
761659	1	3.91198885709094e-08	25562445
767463	1	3.91198885709094e-08	25562445
768486	1	3.91198885709094e-08	25562445
858619	1	3.91198885709094e-08	25562445
859656	1	3.91198885709094e-08	25562445
866768	2	7.82397771418188e-08	25562445
866777	1	3.91198885709094e-08	25562445
867900	1	3.91198885709094e-08	25562445
867902	1	3.91198885709094e-08	25562445
869729	2	7.82397771418188e-08	25562445
880071	1	3.91198885709094e-08	25562445
880758	1	3.91198885709094e-08	25562445
927666	1	3.91198885709094e-08	25562445
929562	2	7.82397771418188e-08	25562445
935296	1	3.91198885709094e-08	25562445
936153	135	5.28118495707277e-06	25562445
945713	1	3.91198885709094e-08	25562445
983544	1	3.91198885709094e-08	25562445
983917	2	7.82397771418188e-08	25562445
984892	2	7.82397771418188e-08	25562445
996285	1	3.91198885709094e-08	25562445
1009464	6	2.34719331425456e-07	25562445
1031709	2	7.82397771418188e-08	25562445
1034807	9	3.52078997138185e-07	25562445
1037911	2	7.82397771418188e-08	25562445
1041826	2	7.82397771418188e-08	25562445
1071381	1	3.91198885709094e-08	25562445
1091045	5	1.95599442854547e-07	25562445
1094466	2	7.82397771418188e-08	25562445
1104325	1	3.91198885709094e-08	25562445
1114965	1	3.91198885709094e-08	25562445
1114966	2	7.82397771418188e-08	25562445
1114969	16	6.2591821713455e-07	25562445
1121353	1	3.91198885709094e-08	25562445
1124983	1	3.91198885709094e-08	25562445
1134454	7	2.73839219996366e-07	25562445
1136179	4	1.56479554283638e-07	25562445
1155766	4	1.56479554283638e-07	25562445
1170318	1	3.91198885709094e-08	25562445
1179773	1	3.91198885709094e-08	25562445
1191523	1	3.91198885709094e-08	25562445
1205910	1	3.91198885709094e-08	25562445
1206105	37	1.44743587712365e-06	25562445
1214242	1	3.91198885709094e-08	25562445
1216976	1	3.91198885709094e-08	25562445
1224163	1	3.91198885709094e-08	25562445
1245469	1	3.91198885709094e-08	25562445
1246301	4	1.56479554283638e-07	25562445
1246995	1	3.91198885709094e-08	25562445
1261557	19	7.43277882847279e-07	25562445
1282356	1	3.91198885709094e-08	25562445
1305849	4	1.56479554283638e-07	25562445
1331671	1	3.91198885709094e-08	25562445
1348662	1	3.91198885709094e-08	25562445
1355100	1	3.91198885709094e-08	25562445
1399116	1	3.91198885709094e-08	25562445
1415630	2	7.82397771418188e-08	25562445
1435356	1	3.91198885709094e-08	25562445
