Tax.ID	Frequency	Proportion	Total
882	1	4.70140153010874e-08	21270253
883	11	5.17154168311961e-07	21270253
1639	1	4.70140153010874e-08	21270253
2110	1	4.70140153010874e-08	21270253
2762	2	9.40280306021748e-08	21270253
2769	3	1.41042045903262e-07	21270253
2771	1	4.70140153010874e-08	21270253
2787	3	1.41042045903262e-07	21270253
2829	2	9.40280306021748e-08	21270253
2839	6	2.82084091806524e-07	21270253
2850	13	6.11182198914136e-07	21270253
3039	2	9.40280306021748e-08	21270253
4770	1	4.70140153010874e-08	21270253
5786	3	1.41042045903262e-07	21270253
5823	3	1.41042045903262e-07	21270253
5901	2	9.40280306021748e-08	21270253
5908	2	9.40280306021748e-08	21270253
5911	4	1.8805606120435e-07	21270253
5932	3	1.41042045903262e-07	21270253
10629	63	2.96188296396851e-06	21270253
10632	2	9.40280306021748e-08	21270253
10678	2	9.40280306021748e-08	21270253
10742	1	4.70140153010874e-08	21270253
10761	3	1.41042045903262e-07	21270253
12407	8	3.76112122408699e-07	21270253
28072	2	9.40280306021748e-08	21270253
28173	1	4.70140153010874e-08	21270253
31964	5	2.35070076505437e-07	21270253
33653	1	4.70140153010874e-08	21270253
33658	3	1.41042045903262e-07	21270253
35128	6	2.82084091806524e-07	21270253
35688	4	1.8805606120435e-07	21270253
36329	2	9.40280306021748e-08	21270253
36809	9	4.23126137709787e-07	21270253
37692	1	4.70140153010874e-08	21270253
39717	1	4.70140153010874e-08	21270253
40041	8	3.76112122408699e-07	21270253
43925	2	9.40280306021748e-08	21270253
43926	1	4.70140153010874e-08	21270253
49266	3	1.41042045903262e-07	21270253
52970	6	2.82084091806524e-07	21270253
55529	21	9.87294321322835e-07	21270253
55884	6	2.82084091806524e-07	21270253
59374	2	9.40280306021748e-08	21270253
59748	5	2.35070076505437e-07	21270253
59922	1	4.70140153010874e-08	21270253
60481	38	1.78653258144132e-06	21270253
62928	10	4.70140153010874e-07	21270253
64471	5	2.35070076505437e-07	21270253
69328	1	4.70140153010874e-08	21270253
72520	1	4.70140153010874e-08	21270253
75379	2	9.40280306021748e-08	21270253
76114	1	4.70140153010874e-08	21270253
76869	3	1.41042045903262e-07	21270253
78245	3	1.41042045903262e-07	21270253
82654	2	9.40280306021748e-08	21270253
85569	6	2.82084091806524e-07	21270253
85643	8	3.76112122408699e-07	21270253
86416	1	4.70140153010874e-08	21270253
88149	1	4.70140153010874e-08	21270253
94122	8	3.76112122408699e-07	21270253
96561	2	9.40280306021748e-08	21270253
96563	9	4.23126137709787e-07	21270253
99287	19	8.9326629072066e-07	21270253
100226	5	2.35070076505437e-07	21270253
101510	78	3.66709319348482e-06	21270253
103690	2	9.40280306021748e-08	21270253
109269	2	9.40280306021748e-08	21270253
111780	1	4.70140153010874e-08	21270253
114615	4	1.8805606120435e-07	21270253
115713	1	4.70140153010874e-08	21270253
120807	4	1.8805606120435e-07	21270253
122587	1	4.70140153010874e-08	21270253
126793	9	4.23126137709787e-07	21270253
134287	1	4.70140153010874e-08	21270253
134676	5	2.35070076505437e-07	21270253
136089	1	4.70140153010874e-08	21270253
137722	2	9.40280306021748e-08	21270253
138119	1	4.70140153010874e-08	21270253
139870	3	1.41042045903262e-07	21270253
139871	5	2.35070076505437e-07	21270253
155148	6	2.82084091806524e-07	21270253
155864	201	9.44981707551857e-06	21270253
156889	4	1.8805606120435e-07	21270253
158878	2	9.40280306021748e-08	21270253
159087	1	4.70140153010874e-08	21270253
160488	3	1.41042045903262e-07	21270253
160619	10	4.70140153010874e-07	21270253
164037	1	4.70140153010874e-08	21270253
164756	40	1.8805606120435e-06	21270253
164757	1	4.70140153010874e-08	21270253
167542	1	4.70140153010874e-08	21270253
167879	1	4.70140153010874e-08	21270253
170187	1	4.70140153010874e-08	21270253
171101	17	7.99238260118486e-07	21270253
176279	60	2.82084091806524e-06	21270253
176280	63	2.96188296396851e-06	21270253
176299	2	9.40280306021748e-08	21270253
177437	1	4.70140153010874e-08	21270253
179408	5	2.35070076505437e-07	21270253
187272	6	2.82084091806524e-07	21270253
187303	2	9.40280306021748e-08	21270253
189423	15	7.05210229516311e-07	21270253
189918	12	5.64168183613049e-07	21270253
190304	2	9.40280306021748e-08	21270253
190485	9	4.23126137709787e-07	21270253
190486	2	9.40280306021748e-08	21270253
190650	5	2.35070076505437e-07	21270253
194701	9	4.23126137709787e-07	21270253
195103	34	1.59847652023697e-06	21270253
196162	17	7.99238260118486e-07	21270253
196164	79	3.7141072087859e-06	21270253
198214	15	7.05210229516311e-07	21270253
198215	64	3.00889697926959e-06	21270253
198804	1	4.70140153010874e-08	21270253
199310	155	7.28717237166855e-06	21270253
203119	3	1.41042045903262e-07	21270253
203123	1	4.70140153010874e-08	21270253
203124	2	9.40280306021748e-08	21270253
203275	197	9.26176101431422e-06	21270253
204773	6	2.82084091806524e-07	21270253
205913	122	5.73570986673266e-06	21270253
205914	8	3.76112122408699e-07	21270253
205922	5	2.35070076505437e-07	21270253
207559	4	1.8805606120435e-07	21270253
208435	2	9.40280306021748e-08	21270253
208596	5	2.35070076505437e-07	21270253
208963	5	2.35070076505437e-07	21270253
208964	5	2.35070076505437e-07	21270253
209261	87	4.0902193311946e-06	21270253
210007	2	9.40280306021748e-08	21270253
211586	1	4.70140153010874e-08	21270253
212717	3	1.41042045903262e-07	21270253
213810	2	9.40280306021748e-08	21270253
214684	3	1.41042045903262e-07	21270253
216432	3	1.41042045903262e-07	21270253
216591	3	1.41042045903262e-07	21270253
216592	34	1.59847652023697e-06	21270253
216594	9	4.23126137709787e-07	21270253
216595	18	8.46252275419573e-07	21270253
216596	7	3.29098107107612e-07	21270253
216597	2	9.40280306021748e-08	21270253
216599	58	2.72681288746307e-06	21270253
218491	1	4.70140153010874e-08	21270253
218493	6	2.82084091806524e-07	21270253
220341	1640	7.71029850937833e-05	21270253
220664	3	1.41042045903262e-07	21270253
223283	1	4.70140153010874e-08	21270253
224308	1	4.70140153010874e-08	21270253
224911	4	1.8805606120435e-07	21270253
226185	56	2.63278485686089e-06	21270253
226186	24	1.1283363672261e-06	21270253
227882	9	4.23126137709787e-07	21270253
228400	2	9.40280306021748e-08	21270253
228410	1	4.70140153010874e-08	21270253
231023	1	4.70140153010874e-08	21270253
232721	67	3.14993902517286e-06	21270253
234267	4	1.8805606120435e-07	21270253
234621	88	4.13723334649569e-06	21270253
242507	1	4.70140153010874e-08	21270253
242619	38	1.78653258144132e-06	21270253
243090	1	4.70140153010874e-08	21270253
243164	1	4.70140153010874e-08	21270253
243230	4	1.8805606120435e-07	21270253
243233	2	9.40280306021748e-08	21270253
243243	17	7.99238260118486e-07	21270253
243273	20	9.40280306021748e-07	21270253
243275	6	2.82084091806524e-07	21270253
243365	1	4.70140153010874e-08	21270253
245014	16	7.52224244817398e-07	21270253
245018	15	7.05210229516311e-07	21270253
246196	11	5.17154168311961e-07	21270253
246197	1	4.70140153010874e-08	21270253
246198	679	3.19225163894383e-05	21270253
246200	1	4.70140153010874e-08	21270253
247156	16	7.52224244817398e-07	21270253
251229	1	4.70140153010874e-08	21270253
257309	11	5.17154168311961e-07	21270253
257310	2	9.40280306021748e-08	21270253
257311	1	4.70140153010874e-08	21270253
257313	2	9.40280306021748e-08	21270253
257314	9	4.23126137709787e-07	21270253
258594	3	1.41042045903262e-07	21270253
261292	4	1.8805606120435e-07	21270253
262316	5	2.35070076505437e-07	21270253
262724	1	4.70140153010874e-08	21270253
262728	4	1.8805606120435e-07	21270253
263358	4	1.8805606120435e-07	21270253
264198	4	1.8805606120435e-07	21270253
264199	2	9.40280306021748e-08	21270253
264201	1	4.70140153010874e-08	21270253
264462	3	1.41042045903262e-07	21270253
264731	79	3.7141072087859e-06	21270253
265072	2	9.40280306021748e-08	21270253
265311	9	4.23126137709787e-07	21270253
266117	2	9.40280306021748e-08	21270253
266264	2	9.40280306021748e-08	21270253
266779	15	7.05210229516311e-07	21270253
266834	1	4.70140153010874e-08	21270253
266835	2	9.40280306021748e-08	21270253
266940	5	2.35070076505437e-07	21270253
267608	2	9.40280306021748e-08	21270253
267747	1	4.70140153010874e-08	21270253
269482	1	4.70140153010874e-08	21270253
269796	3	1.41042045903262e-07	21270253
269798	19	8.9326629072066e-07	21270253
269799	1	4.70140153010874e-08	21270253
269800	3	1.41042045903262e-07	21270253
272558	2	9.40280306021748e-08	21270253
272559	4	1.8805606120435e-07	21270253
272561	1	4.70140153010874e-08	21270253
272562	2	9.40280306021748e-08	21270253
272563	21	9.87294321322835e-07	21270253
272564	1	4.70140153010874e-08	21270253
272568	1	4.70140153010874e-08	21270253
272620	182	8.5565507847979e-06	21270253
272621	2	9.40280306021748e-08	21270253
272622	5	2.35070076505437e-07	21270253
272624	1	4.70140153010874e-08	21270253
272630	9	4.23126137709787e-07	21270253
272632	13	6.11182198914136e-07	21270253
272633	211	9.91995722852944e-06	21270253
272634	13	6.11182198914136e-07	21270253
272635	5	2.35070076505437e-07	21270253
272831	1	4.70140153010874e-08	21270253
272942	2	9.40280306021748e-08	21270253
272943	1	4.70140153010874e-08	21270253
273068	1	4.70140153010874e-08	21270253
273119	20414	0.000959744108356398	21270253
273121	1	4.70140153010874e-08	21270253
278137	6	2.82084091806524e-07	21270253
278197	1	4.70140153010874e-08	21270253
279238	1	4.70140153010874e-08	21270253
279808	4	1.8805606120435e-07	21270253
280699	1	4.70140153010874e-08	21270253
281090	4	1.8805606120435e-07	21270253
281310	7	3.29098107107612e-07	21270253
282458	1	4.70140153010874e-08	21270253
284812	5	2.35070076505437e-07	21270253
288000	1	4.70140153010874e-08	21270253
288705	8	3.76112122408699e-07	21270253
289376	1	4.70140153010874e-08	21270253
289380	5	2.35070076505437e-07	21270253
290338	24	1.1283363672261e-06	21270253
290339	33	1.55146250493588e-06	21270253
290340	16	7.52224244817398e-07	21270253
290399	35	1.64549053553806e-06	21270253
290400	1	4.70140153010874e-08	21270253
290402	2	9.40280306021748e-08	21270253
291331	1	4.70140153010874e-08	21270253
292459	3	1.41042045903262e-07	21270253
292564	2	9.40280306021748e-08	21270253
293826	2	9.40280306021748e-08	21270253
295405	754	3.54485675370199e-05	21270253
296543	10	4.70140153010874e-07	21270253
296591	12	5.64168183613049e-07	21270253
297246	1	4.70140153010874e-08	21270253
298653	8	3.76112122408699e-07	21270253
298654	5	2.35070076505437e-07	21270253
299768	1	4.70140153010874e-08	21270253
300267	69	3.24396705577503e-06	21270253
300268	99	4.65438751480765e-06	21270253
300269	30	1.41042045903262e-06	21270253
306537	9224	0.00043365727713723	21270253
309798	7	3.29098107107612e-07	21270253
311403	1	4.70140153010874e-08	21270253
312153	27	1.26937841312936e-06	21270253
313595	4	1.8805606120435e-07	21270253
313596	7	3.29098107107612e-07	21270253
313598	13	6.11182198914136e-07	21270253
313603	8	3.76112122408699e-07	21270253
314225	2	9.40280306021748e-08	21270253
314315	1	4.70140153010874e-08	21270253
314565	5	2.35070076505437e-07	21270253
315749	1	4.70140153010874e-08	21270253
315750	2	9.40280306021748e-08	21270253
316055	9	4.23126137709787e-07	21270253
316056	4	1.8805606120435e-07	21270253
316057	6	2.82084091806524e-07	21270253
316058	5	2.35070076505437e-07	21270253
316273	1	4.70140153010874e-08	21270253
316274	1	4.70140153010874e-08	21270253
316385	748	3.51664834452134e-05	21270253
316401	42	1.97458864264567e-06	21270253
316407	9	4.23126137709787e-07	21270253
317655	7	3.29098107107612e-07	21270253
318167	3	1.41042045903262e-07	21270253
318586	11	5.17154168311961e-07	21270253
319224	2	9.40280306021748e-08	21270253
319701	30	1.41042045903262e-06	21270253
319795	3	1.41042045903262e-07	21270253
320373	2	9.40280306021748e-08	21270253
320388	7	3.29098107107612e-07	21270253
320389	1	4.70140153010874e-08	21270253
321314	4	1.8805606120435e-07	21270253
321327	1	4.70140153010874e-08	21270253
321967	13	6.11182198914136e-07	21270253
322159	5	2.35070076505437e-07	21270253
322710	6	2.82084091806524e-07	21270253
323097	1	4.70140153010874e-08	21270253
323098	1	4.70140153010874e-08	21270253
323850	6	2.82084091806524e-07	21270253
324602	1	4.70140153010874e-08	21270253
324831	126	5.92376592793701e-06	21270253
324925	1	4.70140153010874e-08	21270253
326423	5	2.35070076505437e-07	21270253
326424	16	7.52224244817398e-07	21270253
326425	4	1.8805606120435e-07	21270253
326426	5	2.35070076505437e-07	21270253
326442	1	4.70140153010874e-08	21270253
330214	1	4.70140153010874e-08	21270253
331111	1803	8.47662695878606e-05	21270253
331112	2336	0.00010982473974334	21270253
331271	13	6.11182198914136e-07	21270253
331272	3	1.41042045903262e-07	21270253
331635	2	9.40280306021748e-08	21270253
333765	19	8.9326629072066e-07	21270253
334390	4	1.8805606120435e-07	21270253
334413	2697	0.000126796799267033	21270253
335283	2	9.40280306021748e-08	21270253
335541	2	9.40280306021748e-08	21270253
335659	8	3.76112122408699e-07	21270253
337191	12	5.64168183613049e-07	21270253
338187	1	4.70140153010874e-08	21270253
338966	10	4.70140153010874e-07	21270253
338969	6	2.82084091806524e-07	21270253
339670	13	6.11182198914136e-07	21270253
340099	4	1.8805606120435e-07	21270253
340100	9	4.23126137709787e-07	21270253
340177	1	4.70140153010874e-08	21270253
340322	189	8.88564889190552e-06	21270253
342108	3	1.41042045903262e-07	21270253
342610	2	9.40280306021748e-08	21270253
343516	2	9.40280306021748e-08	21270253
344609	776	3.64828758736438e-05	21270253
347253	3	1.41042045903262e-07	21270253
347256	11	5.17154168311961e-07	21270253
347257	4	1.8805606120435e-07	21270253
349101	8	3.76112122408699e-07	21270253
349102	5	2.35070076505437e-07	21270253
349124	1	4.70140153010874e-08	21270253
349163	3	1.41042045903262e-07	21270253
349519	5	2.35070076505437e-07	21270253
350054	15	7.05210229516311e-07	21270253
350058	16	7.52224244817398e-07	21270253
350688	15	7.05210229516311e-07	21270253
351348	5	2.35070076505437e-07	21270253
351627	5	2.35070076505437e-07	21270253
351746	5	2.35070076505437e-07	21270253
352472	2	9.40280306021748e-08	21270253
352914	2	9.40280306021748e-08	21270253
353151	1	4.70140153010874e-08	21270253
354242	2	9.40280306021748e-08	21270253
355278	1	4.70140153010874e-08	21270253
357348	3	1.41042045903262e-07	21270253
357808	1	4.70140153010874e-08	21270253
357809	7	3.29098107107612e-07	21270253
358220	84	3.94917728529134e-06	21270253
359786	5	2.35070076505437e-07	21270253
360094	2	9.40280306021748e-08	21270253
360102	45	2.11563068854893e-06	21270253
360105	3	1.41042045903262e-07	21270253
360106	3	1.41042045903262e-07	21270253
360107	131	6.15883600444245e-06	21270253
360910	1	4.70140153010874e-08	21270253
362242	12	5.64168183613049e-07	21270253
362663	1546	7.26836676554811e-05	21270253
363253	2	9.40280306021748e-08	21270253
363555	3	1.41042045903262e-07	21270253
364106	20	9.40280306021748e-07	21270253
365044	24	1.1283363672261e-06	21270253
365046	23	1.08132235192501e-06	21270253
365659	6	2.82084091806524e-07	21270253
366394	4	1.8805606120435e-07	21270253
366602	1	4.70140153010874e-08	21270253
367775	6	2.82084091806524e-07	21270253
367928	97	4.56035948420548e-06	21270253
369723	5	2.35070076505437e-07	21270253
370354	14	6.58196214215223e-07	21270253
370438	4	1.8805606120435e-07	21270253
370553	1	4.70140153010874e-08	21270253
370554	194	9.12071896841095e-06	21270253
373153	30	1.41042045903262e-06	21270253
373384	2473	0.000116265659839589	21270253
373903	1	4.70140153010874e-08	21270253
374833	1	4.70140153010874e-08	21270253
375286	7	3.29098107107612e-07	21270253
376686	202	9.49683109081965e-06	21270253
377628	2	9.40280306021748e-08	21270253
378753	29	1.36340644373153e-06	21270253
378806	3	1.41042045903262e-07	21270253
379066	1	4.70140153010874e-08	21270253
379731	4	1.8805606120435e-07	21270253
380703	3	1.41042045903262e-07	21270253
380749	1	4.70140153010874e-08	21270253
381666	7	3.29098107107612e-07	21270253
381754	28	1.31639242843045e-06	21270253
382245	19	8.9326629072066e-07	21270253
383629	1	4.70140153010874e-08	21270253
384676	6	2.82084091806524e-07	21270253
386043	6	2.82084091806524e-07	21270253
386415	8	3.76112122408699e-07	21270253
386585	404	1.89936621816393e-05	21270253
386656	5	2.35070076505437e-07	21270253
387092	2	9.40280306021748e-08	21270253
387344	8	3.76112122408699e-07	21270253
388919	5	2.35070076505437e-07	21270253
390235	2	9.40280306021748e-08	21270253
390236	1	4.70140153010874e-08	21270253
390333	31	1.45743447433371e-06	21270253
391008	8	3.76112122408699e-07	21270253
391037	2	9.40280306021748e-08	21270253
391038	2	9.40280306021748e-08	21270253
391165	9	4.23126137709787e-07	21270253
391295	14	6.58196214215223e-07	21270253
391296	12	5.64168183613049e-07	21270253
391619	1	4.70140153010874e-08	21270253
391735	21	9.87294321322835e-07	21270253
391774	2	9.40280306021748e-08	21270253
391904	53	2.49174281095763e-06	21270253
392499	7	3.29098107107612e-07	21270253
393011	1	4.70140153010874e-08	21270253
393305	4	1.8805606120435e-07	21270253
393595	1	4.70140153010874e-08	21270253
394221	5	2.35070076505437e-07	21270253
394503	7	3.29098107107612e-07	21270253
395019	15	7.05210229516311e-07	21270253
395492	1	4.70140153010874e-08	21270253
395494	1	4.70140153010874e-08	21270253
395495	20	9.40280306021748e-07	21270253
395960	2	9.40280306021748e-08	21270253
395965	1	4.70140153010874e-08	21270253
396513	1	4.70140153010874e-08	21270253
396588	1	4.70140153010874e-08	21270253
397945	21	9.87294321322835e-07	21270253
398527	1	4.70140153010874e-08	21270253
398578	40	1.8805606120435e-06	21270253
399726	2	9.40280306021748e-08	21270253
399739	4	1.8805606120435e-07	21270253
399741	1	4.70140153010874e-08	21270253
399742	4	1.8805606120435e-07	21270253
399781	1	4.70140153010874e-08	21270253
399804	6	2.82084091806524e-07	21270253
400667	1	4.70140153010874e-08	21270253
400756	8	3.76112122408699e-07	21270253
401473	17	7.99238260118486e-07	21270253
402612	69	3.24396705577503e-06	21270253
402626	7	3.29098107107612e-07	21270253
403677	10	4.70140153010874e-07	21270253
404380	1	4.70140153010874e-08	21270253
404589	3	1.41042045903262e-07	21270253
405416	6	2.82084091806524e-07	21270253
405566	7	3.29098107107612e-07	21270253
405948	20	9.40280306021748e-07	21270253
405955	1009	4.74371414387972e-05	21270253
406425	2	9.40280306021748e-08	21270253
406818	1	4.70140153010874e-08	21270253
406984	1	4.70140153010874e-08	21270253
409438	100	4.70140153010874e-06	21270253
410289	9	4.23126137709787e-07	21270253
411154	11	5.17154168311961e-07	21270253
412022	2	9.40280306021748e-08	21270253
412133	7	3.29098107107612e-07	21270253
412694	13	6.11182198914136e-07	21270253
413404	1	4.70140153010874e-08	21270253
413997	260	1.22236439782827e-05	21270253
413999	4	1.8805606120435e-07	21270253
414684	1	4.70140153010874e-08	21270253
414970	10	4.70140153010874e-07	21270253
416870	1	4.70140153010874e-08	21270253
419610	19	8.9326629072066e-07	21270253
420246	3	1.41042045903262e-07	21270253
420662	14	6.58196214215223e-07	21270253
423368	111	5.2185556984207e-06	21270253
423536	5	2.35070076505437e-07	21270253
424182	3	1.41042045903262e-07	21270253
425011	3	1.41042045903262e-07	21270253
426114	4	1.8805606120435e-07	21270253
426117	2	9.40280306021748e-08	21270253
426355	7	3.29098107107612e-07	21270253
426430	2	9.40280306021748e-08	21270253
428406	7	3.29098107107612e-07	21270253
431895	2	9.40280306021748e-08	21270253
431943	8	3.76112122408699e-07	21270253
431946	57	2.67979887216198e-06	21270253
431947	211	9.91995722852944e-06	21270253
435590	66	3.10292500987177e-06	21270253
435591	146	6.86404623395876e-06	21270253
436717	3	1.41042045903262e-07	21270253
438753	7	3.29098107107612e-07	21270253
439235	4	1.8805606120435e-07	21270253
439292	1	4.70140153010874e-08	21270253
439375	1	4.70140153010874e-08	21270253
439843	1176	5.52884819940788e-05	21270253
439851	122	5.73570986673266e-06	21270253
439855	467	2.19555451456078e-05	21270253
440085	19	8.9326629072066e-07	21270253
441375	2	9.40280306021748e-08	21270253
441620	1	4.70140153010874e-08	21270253
441768	4	1.8805606120435e-07	21270253
442563	16	7.52224244817398e-07	21270253
443144	1	4.70140153010874e-08	21270253
443218	6	2.82084091806524e-07	21270253
443254	3	1.41042045903262e-07	21270253
443906	8	3.76112122408699e-07	21270253
444177	1	4.70140153010874e-08	21270253
444450	17	7.99238260118486e-07	21270253
446462	12	5.64168183613049e-07	21270253
446465	27	1.26937841312936e-06	21270253
446466	11	5.17154168311961e-07	21270253
446468	6	2.82084091806524e-07	21270253
446469	2	9.40280306021748e-08	21270253
446470	3	1.41042045903262e-07	21270253
446471	11	5.17154168311961e-07	21270253
448385	12	5.64168183613049e-07	21270253
449447	2	9.40280306021748e-08	21270253
450851	1	4.70140153010874e-08	21270253
452471	1	4.70140153010874e-08	21270253
452637	1	4.70140153010874e-08	21270253
452638	15	7.05210229516311e-07	21270253
452652	7	3.29098107107612e-07	21270253
452662	1	4.70140153010874e-08	21270253
452863	2	9.40280306021748e-08	21270253
454166	13	6.11182198914136e-07	21270253
454169	1173	5.51474399481755e-05	21270253
455632	5	2.35070076505437e-07	21270253
456481	1	4.70140153010874e-08	21270253
457425	7	3.29098107107612e-07	21270253
458233	1	4.70140153010874e-08	21270253
459424	5	2.35070076505437e-07	21270253
460265	1	4.70140153010874e-08	21270253
464988	3	1.41042045903262e-07	21270253
465515	23	1.08132235192501e-06	21270253
465817	1	4.70140153010874e-08	21270253
467705	2	9.40280306021748e-08	21270253
469008	36	1.69250455083915e-06	21270253
469371	1	4.70140153010874e-08	21270253
469378	3	1.41042045903262e-07	21270253
469607	4	1.8805606120435e-07	21270253
471852	3	1.41042045903262e-07	21270253
471853	5	2.35070076505437e-07	21270253
471854	1	4.70140153010874e-08	21270253
471855	1	4.70140153010874e-08	21270253
471856	16	7.52224244817398e-07	21270253
471857	8	3.76112122408699e-07	21270253
474186	5	2.35070076505437e-07	21270253
476213	1	4.70140153010874e-08	21270253
477641	9	4.23126137709787e-07	21270253
477974	2	9.40280306021748e-08	21270253
478801	19	8.9326629072066e-07	21270253
479431	6	2.82084091806524e-07	21270253
479432	5	2.35070076505437e-07	21270253
479433	4	1.8805606120435e-07	21270253
479435	6	2.82084091806524e-07	21270253
479436	5	2.35070076505437e-07	21270253
479437	22	1.03430833662392e-06	21270253
480119	8	3.76112122408699e-07	21270253
480224	1	4.70140153010874e-08	21270253
481743	1	4.70140153010874e-08	21270253
481805	4713	0.000221577054114025	21270253
481877	3	1.41042045903262e-07	21270253
482957	3	1.41042045903262e-07	21270253
484021	9	4.23126137709787e-07	21270253
485915	1	4.70140153010874e-08	21270253
485916	1	4.70140153010874e-08	21270253
485918	1	4.70140153010874e-08	21270253
486410	1	4.70140153010874e-08	21270253
487213	8	3.76112122408699e-07	21270253
487214	6	2.82084091806524e-07	21270253
487521	7	3.29098107107612e-07	21270253
488221	3	1.41042045903262e-07	21270253
488222	2	9.40280306021748e-08	21270253
488538	1	4.70140153010874e-08	21270253
491916	2	9.40280306021748e-08	21270253
497978	3	1.41042045903262e-07	21270253
498214	1	4.70140153010874e-08	21270253
498217	2	9.40280306021748e-08	21270253
498761	2	9.40280306021748e-08	21270253
502025	1	4.70140153010874e-08	21270253
502558	2	9.40280306021748e-08	21270253
502801	1	4.70140153010874e-08	21270253
504472	3	1.41042045903262e-07	21270253
504474	1072	5.03990244027657e-05	21270253
504832	4	1.8805606120435e-07	21270253
505682	6486	0.000304932903242853	21270253
507522	15	7.05210229516311e-07	21270253
508765	2	9.40280306021748e-08	21270253
508767	1	4.70140153010874e-08	21270253
509169	10	4.70140153010874e-07	21270253
509173	33	1.55146250493588e-06	21270253
509190	2	9.40280306021748e-08	21270253
510516	2	9.40280306021748e-08	21270253
511437	1	4.70140153010874e-08	21270253
511691	2	9.40280306021748e-08	21270253
511995	4	1.8805606120435e-07	21270253
512564	2	9.40280306021748e-08	21270253
512565	5	2.35070076505437e-07	21270253
512566	25	1.17535038252718e-06	21270253
515619	31	1.45743447433371e-06	21270253
515620	4	1.8805606120435e-07	21270253
515621	1	4.70140153010874e-08	21270253
516950	50	2.35070076505437e-06	21270253
517417	1	4.70140153010874e-08	21270253
519441	1	4.70140153010874e-08	21270253
521095	4	1.8805606120435e-07	21270253
521096	11	5.17154168311961e-07	21270253
521097	4	1.8805606120435e-07	21270253
521098	2	9.40280306021748e-08	21270253
522306	1	4.70140153010874e-08	21270253
522373	35	1.64549053553806e-06	21270253
523791	1	4.70140153010874e-08	21270253
525146	1	4.70140153010874e-08	21270253
525284	42171	0.00198262803926216	21270253
525381	37	1.73951856614023e-06	21270253
525903	4	1.8805606120435e-07	21270253
525904	1	4.70140153010874e-08	21270253
525919	860	4.04320531589352e-05	21270253
526222	8	3.76112122408699e-07	21270253
526225	13	6.11182198914136e-07	21270253
526226	7	3.29098107107612e-07	21270253
526227	2	9.40280306021748e-08	21270253
527001	3	1.41042045903262e-07	21270253
527021	1	4.70140153010874e-08	21270253
530564	1	4.70140153010874e-08	21270253
531844	1	4.70140153010874e-08	21270253
535289	42	1.97458864264567e-06	21270253
536019	1	4.70140153010874e-08	21270253
536056	362	1.70190735389936e-05	21270253
537457	1	4.70140153010874e-08	21270253
543728	26	1.22236439782827e-06	21270253
543734	1	4.70140153010874e-08	21270253
543891	1	4.70140153010874e-08	21270253
543913	123	5.78272388203375e-06	21270253
544404	3	1.41042045903262e-07	21270253
545693	2	9.40280306021748e-08	21270253
545695	1	4.70140153010874e-08	21270253
546269	73	3.43202311697938e-06	21270253
546271	5	2.35070076505437e-07	21270253
546414	1	4.70140153010874e-08	21270253
548476	713	3.35209929096753e-05	21270253
548479	40	1.8805606120435e-06	21270253
550540	1	4.70140153010874e-08	21270253
551895	1	4.70140153010874e-08	21270253
552811	1	4.70140153010874e-08	21270253
553174	1257	5.90966172334669e-05	21270253
553190	4538	0.000213349601436335	21270253
553199	120	5.64168183613049e-06	21270253
553482	7	3.29098107107612e-07	21270253
554290	10	4.70140153010874e-07	21270253
555079	1	4.70140153010874e-08	21270253
556484	2	9.40280306021748e-08	21270253
557433	1	4.70140153010874e-08	21270253
557436	1	4.70140153010874e-08	21270253
557598	5	2.35070076505437e-07	21270253
557599	4	1.8805606120435e-07	21270253
557722	3	1.41042045903262e-07	21270253
557760	5	2.35070076505437e-07	21270253
559292	2	9.40280306021748e-08	21270253
559307	1	4.70140153010874e-08	21270253
561229	1	4.70140153010874e-08	21270253
561276	10	4.70140153010874e-07	21270253
563769	3	1.41042045903262e-07	21270253
564886	3	1.41042045903262e-07	21270253
565040	4	1.8805606120435e-07	21270253
565042	1	4.70140153010874e-08	21270253
565050	3	1.41042045903262e-07	21270253
565575	63753	0.00299728451749022	21270253
566546	133	6.25286403504462e-06	21270253
567106	2	9.40280306021748e-08	21270253
568706	1	4.70140153010874e-08	21270253
568707	1	4.70140153010874e-08	21270253
568708	11	5.17154168311961e-07	21270253
568814	2	9.40280306021748e-08	21270253
568816	3	1.41042045903262e-07	21270253
572265	3	1.41042045903262e-07	21270253
572479	1	4.70140153010874e-08	21270253
572480	1	4.70140153010874e-08	21270253
572547	1	4.70140153010874e-08	21270253
573059	2	9.40280306021748e-08	21270253
573062	3	1.41042045903262e-07	21270253
573235	93	4.37230342300113e-06	21270253
573370	6	2.82084091806524e-07	21270253
574087	3	1.41042045903262e-07	21270253
574093	249	1.17064898099708e-05	21270253
574521	248	1.16594757946697e-05	21270253
575614	958	4.50394266584417e-05	21270253
580050	4	1.8805606120435e-07	21270253
580331	1	4.70140153010874e-08	21270253
580332	1	4.70140153010874e-08	21270253
580340	3	1.41042045903262e-07	21270253
581103	1	4.70140153010874e-08	21270253
582402	1	4.70140153010874e-08	21270253
582744	1	4.70140153010874e-08	21270253
582899	1	4.70140153010874e-08	21270253
583346	3	1.41042045903262e-07	21270253
585034	47	2.20965871915111e-06	21270253
585035	296	1.39161485291219e-05	21270253
585054	174	8.18043866238921e-06	21270253
585055	120	5.64168183613049e-06	21270253
585056	140	6.58196214215223e-06	21270253
585057	528	2.48234000789741e-05	21270253
585394	29	1.36340644373153e-06	21270253
585395	70	3.29098107107612e-06	21270253
585396	1219	5.73100846520255e-05	21270253
585397	121	5.68869585143157e-06	21270253
588858	1	4.70140153010874e-08	21270253
589865	1	4.70140153010874e-08	21270253
590409	1	4.70140153010874e-08	21270253
590998	7	3.29098107107612e-07	21270253
591001	6	2.82084091806524e-07	21270253
591020	5	2.35070076505437e-07	21270253
591167	5	2.35070076505437e-07	21270253
591365	1	4.70140153010874e-08	21270253
591946	105	4.93647160661418e-06	21270253
592029	4	1.8805606120435e-07	21270253
592316	3	1.41042045903262e-07	21270253
593907	9	4.23126137709787e-07	21270253
595495	485	2.28017974210274e-05	21270253
595496	158	7.42821441757181e-06	21270253
595528	2	9.40280306021748e-08	21270253
595537	20	9.40280306021748e-07	21270253
596153	23	1.08132235192501e-06	21270253
596154	28	1.31639242843045e-06	21270253
600809	1	4.70140153010874e-08	21270253
610130	37	1.73951856614023e-06	21270253
617121	50	2.35070076505437e-06	21270253
622759	10	4.70140153010874e-07	21270253
626418	8	3.76112122408699e-07	21270253
627192	2	9.40280306021748e-08	21270253
630626	2	9.40280306021748e-08	21270253
632292	1	4.70140153010874e-08	21270253
632772	12	5.64168183613049e-07	21270253
633147	20	9.40280306021748e-07	21270253
633149	3	1.41042045903262e-07	21270253
633699	19	8.9326629072066e-07	21270253
634177	1	4.70140153010874e-08	21270253
634452	2	9.40280306021748e-08	21270253
634456	2	9.40280306021748e-08	21270253
634500	2	9.40280306021748e-08	21270253
634503	1	4.70140153010874e-08	21270253
635013	1	4.70140153010874e-08	21270253
637379	5	2.35070076505437e-07	21270253
637387	3	1.41042045903262e-07	21270253
637909	1	4.70140153010874e-08	21270253
637910	7	3.29098107107612e-07	21270253
639282	2	9.40280306021748e-08	21270253
639283	3	1.41042045903262e-07	21270253
640081	4	1.8805606120435e-07	21270253
640131	2	9.40280306021748e-08	21270253
640132	6	2.82084091806524e-07	21270253
640510	2	9.40280306021748e-08	21270253
640511	3	1.41042045903262e-07	21270253
640512	1	4.70140153010874e-08	21270253
640513	7	3.29098107107612e-07	21270253
642492	1	4.70140153010874e-08	21270253
643561	19	8.9326629072066e-07	21270253
643562	2	9.40280306021748e-08	21270253
643867	4	1.8805606120435e-07	21270253
644042	5	2.35070076505437e-07	21270253
644283	2	9.40280306021748e-08	21270253
644284	40	1.8805606120435e-06	21270253
644801	4	1.8805606120435e-07	21270253
645127	113	5.31258372902288e-06	21270253
645462	2	9.40280306021748e-08	21270253
645463	11	5.17154168311961e-07	21270253
645464	1	4.70140153010874e-08	21270253
645991	3	1.41042045903262e-07	21270253
646529	1	4.70140153010874e-08	21270253
648999	1	4.70140153010874e-08	21270253
649349	1	4.70140153010874e-08	21270253
649831	3	1.41042045903262e-07	21270253
650150	1	4.70140153010874e-08	21270253
651822	2	9.40280306021748e-08	21270253
652103	2	9.40280306021748e-08	21270253
653045	3	1.41042045903262e-07	21270253
655815	7	3.29098107107612e-07	21270253
656024	3	1.41042045903262e-07	21270253
656519	2	9.40280306021748e-08	21270253
657308	5	2.35070076505437e-07	21270253
657309	141	6.62897615745332e-06	21270253
657310	16	7.52224244817398e-07	21270253
657313	23	1.08132235192501e-06	21270253
657314	5	2.35070076505437e-07	21270253
657315	5	2.35070076505437e-07	21270253
657316	1	4.70140153010874e-08	21270253
657317	1	4.70140153010874e-08	21270253
657318	8	3.76112122408699e-07	21270253
657319	8	3.76112122408699e-07	21270253
657321	23	1.08132235192501e-06	21270253
657322	49	2.30368674975328e-06	21270253
657323	8	3.76112122408699e-07	21270253
661367	1	4.70140153010874e-08	21270253
661410	11	5.17154168311961e-07	21270253
662755	763	3.58716936747297e-05	21270253
663278	1	4.70140153010874e-08	21270253
663917	1	4.70140153010874e-08	21270253
663918	3	1.41042045903262e-07	21270253
663954	5	2.35070076505437e-07	21270253
666681	1	4.70140153010874e-08	21270253
667015	832	3.91156607305047e-05	21270253
673839	3	1.41042045903262e-07	21270253
675635	5	2.35070076505437e-07	21270253
679935	172	8.08641063178703e-06	21270253
680198	9	4.23126137709787e-07	21270253
680646	22	1.03430833662392e-06	21270253
684738	1	4.70140153010874e-08	21270253
685038	15	7.05210229516311e-07	21270253
685727	10	4.70140153010874e-07	21270253
688245	16	7.52224244817398e-07	21270253
688270	8	3.76112122408699e-07	21270253
690566	4	1.8805606120435e-07	21270253
691437	1	4.70140153010874e-08	21270253
693216	3	1.41042045903262e-07	21270253
693444	4	1.8805606120435e-07	21270253
693746	5	2.35070076505437e-07	21270253
693978	4	1.8805606120435e-07	21270253
693979	19	8.9326629072066e-07	21270253
695560	8	3.76112122408699e-07	21270253
696216	20	9.40280306021748e-07	21270253
696406	209	9.82592919792726e-06	21270253
697281	5	2.35070076505437e-07	21270253
697283	6	2.82084091806524e-07	21270253
697284	1	4.70140153010874e-08	21270253
697329	3	1.41042045903262e-07	21270253
698737	1	4.70140153010874e-08	21270253
698758	3	1.41042045903262e-07	21270253
698948	1	4.70140153010874e-08	21270253
698962	123	5.78272388203375e-06	21270253
698963	18	8.46252275419573e-07	21270253
698964	181	8.50953676949682e-06	21270253
698965	44	2.06861667324785e-06	21270253
698966	4	1.8805606120435e-07	21270253
698967	17	7.99238260118486e-07	21270253
698968	10	4.70140153010874e-07	21270253
698969	6	2.82084091806524e-07	21270253
698970	14	6.58196214215223e-07	21270253
698971	3	1.41042045903262e-07	21270253
698972	58	2.72681288746307e-06	21270253
698973	151	7.0991163104642e-06	21270253
699032	8	3.76112122408699e-07	21270253
699033	3	1.41042045903262e-07	21270253
699037	6	2.82084091806524e-07	21270253
699246	153	7.19314434106637e-06	21270253
700508	7	3.29098107107612e-07	21270253
700598	1	4.70140153010874e-08	21270253
701177	7	3.29098107107612e-07	21270253
701347	2	9.40280306021748e-08	21270253
701521	1	4.70140153010874e-08	21270253
702113	2	9.40280306021748e-08	21270253
702459	18	8.46252275419573e-07	21270253
703613	3	1.41042045903262e-07	21270253
708616	107	5.03049963721635e-06	21270253
709986	1	4.70140153010874e-08	21270253
709991	115	5.40661175962505e-06	21270253
710127	46	2.16264470385002e-06	21270253
710128	32	1.5044484896348e-06	21270253
710421	6	2.82084091806524e-07	21270253
710685	4	1.8805606120435e-07	21270253
710686	9	4.23126137709787e-07	21270253
710696	4	1.8805606120435e-07	21270253
712961	1	4.70140153010874e-08	21270253
713604	3	1.41042045903262e-07	21270253
714962	16	7.52224244817398e-07	21270253
716541	56	2.63278485686089e-06	21270253
717605	5	2.35070076505437e-07	21270253
717608	22	1.03430833662392e-06	21270253
717774	2	9.40280306021748e-08	21270253
717785	1	4.70140153010874e-08	21270253
717959	427	2.00749845335643e-05	21270253
717960	13	6.11182198914136e-07	21270253
717961	17	7.99238260118486e-07	21270253
717962	18	8.46252275419573e-07	21270253
718251	2	9.40280306021748e-08	21270253
718252	86	4.04320531589352e-06	21270253
718254	3	1.41042045903262e-07	21270253
718255	13	6.11182198914136e-07	21270253
718271	2	9.40280306021748e-08	21270253
718274	7	3.29098107107612e-07	21270253
741091	6	2.82084091806524e-07	21270253
742013	17	7.99238260118486e-07	21270253
743525	3	1.41042045903262e-07	21270253
743718	4	1.8805606120435e-07	21270253
743720	5	2.35070076505437e-07	21270253
743721	4	1.8805606120435e-07	21270253
744985	1	4.70140153010874e-08	21270253
745277	1	4.70140153010874e-08	21270253
745310	6	2.82084091806524e-07	21270253
746697	5	2.35070076505437e-07	21270253
748247	3	1.41042045903262e-07	21270253
748280	1	4.70140153010874e-08	21270253
748449	1	4.70140153010874e-08	21270253
748671	23	1.08132235192501e-06	21270253
749414	4	1.8805606120435e-07	21270253
749927	9	4.23126137709787e-07	21270253
751585	1	4.70140153010874e-08	21270253
751945	1	4.70140153010874e-08	21270253
754035	4	1.8805606120435e-07	21270253
754252	4	1.8805606120435e-07	21270253
754476	1	4.70140153010874e-08	21270253
755178	1	4.70140153010874e-08	21270253
755732	12	5.64168183613049e-07	21270253
756272	2	9.40280306021748e-08	21270253
757424	9	4.23126137709787e-07	21270253
759350	10	4.70140153010874e-07	21270253
759913	2	9.40280306021748e-08	21270253
760568	2	9.40280306021748e-08	21270253
760570	1	4.70140153010874e-08	21270253
761193	1	4.70140153010874e-08	21270253
761659	1	4.70140153010874e-08	21270253
762376	3	1.41042045903262e-07	21270253
762903	1	4.70140153010874e-08	21270253
762948	53	2.49174281095763e-06	21270253
765698	2	9.40280306021748e-08	21270253
765874	68	3.19695304047394e-06	21270253
765911	1	4.70140153010874e-08	21270253
765952	3	1.41042045903262e-07	21270253
767029	2	9.40280306021748e-08	21270253
767031	1252	5.88615471569614e-05	21270253
767453	1	4.70140153010874e-08	21270253
767462	4	1.8805606120435e-07	21270253
767463	2	9.40280306021748e-08	21270253
767465	2	9.40280306021748e-08	21270253
768486	2	9.40280306021748e-08	21270253
768670	1	4.70140153010874e-08	21270253
768704	8	3.76112122408699e-07	21270253
768706	1	4.70140153010874e-08	21270253
798128	1	4.70140153010874e-08	21270253
858619	116	5.45362577492614e-06	21270253
859194	2	9.40280306021748e-08	21270253
859655	2	9.40280306021748e-08	21270253
859656	2	9.40280306021748e-08	21270253
859657	2	9.40280306021748e-08	21270253
860228	2	9.40280306021748e-08	21270253
861208	6	2.82084091806524e-07	21270253
861360	8	3.76112122408699e-07	21270253
862259	1	4.70140153010874e-08	21270253
862719	3	1.41042045903262e-07	21270253
862751	4	1.8805606120435e-07	21270253
862962	151	7.0991163104642e-06	21270253
862966	2	9.40280306021748e-08	21270253
862967	7	3.29098107107612e-07	21270253
862969	3	1.41042045903262e-07	21270253
862970	1	4.70140153010874e-08	21270253
862971	76	3.57306516288264e-06	21270253
865867	5	2.35070076505437e-07	21270253
865938	1	4.70140153010874e-08	21270253
866630	3	1.41042045903262e-07	21270253
866768	2289	0.000107615081024189	21270253
866775	193	9.07370495310987e-06	21270253
866777	4	1.8805606120435e-07	21270253
866913	14	6.58196214215223e-07	21270253
867900	5	2.35070076505437e-07	21270253
867902	2	9.40280306021748e-08	21270253
868595	1	4.70140153010874e-08	21270253
868597	7	3.29098107107612e-07	21270253
869209	1	4.70140153010874e-08	21270253
869210	1	4.70140153010874e-08	21270253
869216	1	4.70140153010874e-08	21270253
869309	14	6.58196214215223e-07	21270253
869729	162	7.61627047877616e-06	21270253
871585	1	4.70140153010874e-08	21270253
872331	3	1.41042045903262e-07	21270253
875328	8	3.76112122408699e-07	21270253
877468	3	1.41042045903262e-07	21270253
879243	338	1.58907371717675e-05	21270253
880447	5	2.35070076505437e-07	21270253
880591	1	4.70140153010874e-08	21270253
880633	2	9.40280306021748e-08	21270253
880758	7	3.29098107107612e-07	21270253
882102	2	9.40280306021748e-08	21270253
882378	1	4.70140153010874e-08	21270253
882884	17	7.99238260118486e-07	21270253
883062	6	2.82084091806524e-07	21270253
884204	1	4.70140153010874e-08	21270253
885275	1	4.70140153010874e-08	21270253
885276	1	4.70140153010874e-08	21270253
886377	1	4.70140153010874e-08	21270253
887061	1	4.70140153010874e-08	21270253
889738	2	9.40280306021748e-08	21270253
890402	8	3.76112122408699e-07	21270253
891391	2	9.40280306021748e-08	21270253
891968	2	9.40280306021748e-08	21270253
903814	9	4.23126137709787e-07	21270253
905079	2	9.40280306021748e-08	21270253
908937	619	2.91016754713731e-05	21270253
909946	2	9.40280306021748e-08	21270253
909952	7	3.29098107107612e-07	21270253
909954	4	1.8805606120435e-07	21270253
910348	310	1.45743447433371e-05	21270253
911045	2	9.40280306021748e-08	21270253
926562	1	4.70140153010874e-08	21270253
926570	1	4.70140153010874e-08	21270253
927666	1	4.70140153010874e-08	21270253
927704	2	9.40280306021748e-08	21270253
929556	5	2.35070076505437e-07	21270253
929562	3	1.41042045903262e-07	21270253
930169	2	9.40280306021748e-08	21270253
930171	7	3.29098107107612e-07	21270253
930944	2	9.40280306021748e-08	21270253
931281	1	4.70140153010874e-08	21270253
931626	4	1.8805606120435e-07	21270253
935296	7	3.29098107107612e-07	21270253
935297	1	4.70140153010874e-08	21270253
935697	1	4.70140153010874e-08	21270253
936139	2	9.40280306021748e-08	21270253
936153	53	2.49174281095763e-06	21270253
936157	13	6.11182198914136e-07	21270253
941639	3	1.41042045903262e-07	21270253
941640	8	3.76112122408699e-07	21270253
944546	1	4.70140153010874e-08	21270253
944547	1	4.70140153010874e-08	21270253
945704	5	2.35070076505437e-07	21270253
945711	9	4.23126137709787e-07	21270253
945712	21	9.87294321322835e-07	21270253
946362	2	9.40280306021748e-08	21270253
946483	2	9.40280306021748e-08	21270253
953739	5	2.35070076505437e-07	21270253
956149	2	9.40280306021748e-08	21270253
956483	3	1.41042045903262e-07	21270253
977880	3	1.41042045903262e-07	21270253
979556	9	4.23126137709787e-07	21270253
980514	1	4.70140153010874e-08	21270253
981222	1	4.70140153010874e-08	21270253
981368	3	1.41042045903262e-07	21270253
983544	2	9.40280306021748e-08	21270253
983548	4	1.8805606120435e-07	21270253
983917	15	7.05210229516311e-07	21270253
990315	6	2.82084091806524e-07	21270253
990317	2	9.40280306021748e-08	21270253
991791	1	4.70140153010874e-08	21270253
991905	1	4.70140153010874e-08	21270253
994476	19	8.9326629072066e-07	21270253
996285	4	1.8805606120435e-07	21270253
996634	1	4.70140153010874e-08	21270253
998088	1	4.70140153010874e-08	21270253
999541	6	2.82084091806524e-07	21270253
1001585	3	1.41042045903262e-07	21270253
1003195	9	4.23126137709787e-07	21270253
1004952	2	9.40280306021748e-08	21270253
1005041	2	9.40280306021748e-08	21270253
1005042	3	1.41042045903262e-07	21270253
1005048	5	2.35070076505437e-07	21270253
1006551	3	1.41042045903262e-07	21270253
1007105	1	4.70140153010874e-08	21270253
1008297	1	4.70140153010874e-08	21270253
1009464	42337	0.00199043236580214	21270253
1009846	2	9.40280306021748e-08	21270253
1016998	6	2.82084091806524e-07	21270253
1017264	1	4.70140153010874e-08	21270253
1028307	2	9.40280306021748e-08	21270253
1030843	108	5.07751365251744e-06	21270253
1031709	3	1.41042045903262e-07	21270253
1031710	2	9.40280306021748e-08	21270253
1031711	2	9.40280306021748e-08	21270253
1032480	3	1.41042045903262e-07	21270253
1033813	16	7.52224244817398e-07	21270253
1033837	7	3.29098107107612e-07	21270253
1034807	87	4.0902193311946e-06	21270253
1034809	1	4.70140153010874e-08	21270253
1036743	3	1.41042045903262e-07	21270253
1037409	7	3.29098107107612e-07	21270253
1037911	10	4.70140153010874e-07	21270253
1041826	39	1.83354659674241e-06	21270253
1042156	12	5.64168183613049e-07	21270253
1042876	1	4.70140153010874e-08	21270253
1042878	1	4.70140153010874e-08	21270253
1045855	2	9.40280306021748e-08	21270253
1045856	1	4.70140153010874e-08	21270253
1046629	4	1.8805606120435e-07	21270253
1048332	3	1.41042045903262e-07	21270253
1048689	11	5.17154168311961e-07	21270253
1049565	15	7.05210229516311e-07	21270253
1051072	3	1.41042045903262e-07	21270253
1051074	1	4.70140153010874e-08	21270253
1054460	4	1.8805606120435e-07	21270253
1064535	4	1.8805606120435e-07	21270253
1064539	2	9.40280306021748e-08	21270253
1069533	6	2.82084091806524e-07	21270253
1071400	1	4.70140153010874e-08	21270253
1072459	62	2.91486894866742e-06	21270253
1072467	1	4.70140153010874e-08	21270253
1074485	3	1.41042045903262e-07	21270253
1074889	5	2.35070076505437e-07	21270253
1075089	1	4.70140153010874e-08	21270253
1082931	1	4.70140153010874e-08	21270253
1087451	9	4.23126137709787e-07	21270253
1087452	7	3.29098107107612e-07	21270253
1087454	1	4.70140153010874e-08	21270253
1089456	3	1.41042045903262e-07	21270253
1089553	1	4.70140153010874e-08	21270253
1090974	1	4.70140153010874e-08	21270253
1091045	43	2.02160265794676e-06	21270253
1093141	2	9.40280306021748e-08	21270253
1094466	31	1.45743447433371e-06	21270253
1097677	3	1.41042045903262e-07	21270253
1104322	2	9.40280306021748e-08	21270253
1104325	1	4.70140153010874e-08	21270253
1104326	3	1.41042045903262e-07	21270253
1110502	1	4.70140153010874e-08	21270253
1111069	1	4.70140153010874e-08	21270253
1111676	7	3.29098107107612e-07	21270253
1112204	5	2.35070076505437e-07	21270253
1114965	7	3.29098107107612e-07	21270253
1114966	2	9.40280306021748e-08	21270253
1114967	12	5.64168183613049e-07	21270253
1114969	121	5.68869585143157e-06	21270253
1114970	5	2.35070076505437e-07	21270253
1116231	23	1.08132235192501e-06	21270253
1117943	1	4.70140153010874e-08	21270253
1118963	3	1.41042045903262e-07	21270253
1121353	57	2.67979887216198e-06	21270253
1121362	147	6.91106024925985e-06	21270253
1121448	1	4.70140153010874e-08	21270253
1123519	4	1.8805606120435e-07	21270253
1123523	1	4.70140153010874e-08	21270253
1124936	8	3.76112122408699e-07	21270253
1124983	4	1.8805606120435e-07	21270253
1125630	25	1.17535038252718e-06	21270253
1127134	9	4.23126137709787e-07	21270253
1128398	2	9.40280306021748e-08	21270253
1129369	1	4.70140153010874e-08	21270253
1130804	1	4.70140153010874e-08	21270253
1132507	2	9.40280306021748e-08	21270253
1133849	6	2.82084091806524e-07	21270253
1133850	7	3.29098107107612e-07	21270253
1133852	29	1.36340644373153e-06	21270253
1133853	129	6.06480797384027e-06	21270253
1134454	54	2.53875682625872e-06	21270253
1134782	4	1.8805606120435e-07	21270253
1136179	71	3.3379950863772e-06	21270253
1137651	1	4.70140153010874e-08	21270253
1138383	10	4.70140153010874e-07	21270253
1142394	1	4.70140153010874e-08	21270253
1146883	6	2.82084091806524e-07	21270253
1147128	5	2.35070076505437e-07	21270253
1155071	1	4.70140153010874e-08	21270253
1155766	4	1.8805606120435e-07	21270253
1156433	1	4.70140153010874e-08	21270253
1156913	7	3.29098107107612e-07	21270253
1159200	12	5.64168183613049e-07	21270253
1159201	5	2.35070076505437e-07	21270253
1161911	2	9.40280306021748e-08	21270253
1163399	7	3.29098107107612e-07	21270253
1163617	1	4.70140153010874e-08	21270253
1163748	2	9.40280306021748e-08	21270253
1166016	1	4.70140153010874e-08	21270253
1166018	1	4.70140153010874e-08	21270253
1166130	3	1.41042045903262e-07	21270253
1167629	1	4.70140153010874e-08	21270253
1167634	7	3.29098107107612e-07	21270253
1168287	1	4.70140153010874e-08	21270253
1170318	14	6.58196214215223e-07	21270253
1170562	3	1.41042045903262e-07	21270253
1171373	6	2.82084091806524e-07	21270253
1171376	8	3.76112122408699e-07	21270253
1171377	2	9.40280306021748e-08	21270253
1173020	1	4.70140153010874e-08	21270253
1173427	1	4.70140153010874e-08	21270253
1179773	9	4.23126137709787e-07	21270253
1186051	11	5.17154168311961e-07	21270253
1187956	1	4.70140153010874e-08	21270253
1191061	39	1.83354659674241e-06	21270253
1193292	12	5.64168183613049e-07	21270253
1193729	1	4.70140153010874e-08	21270253
1194526	2	9.40280306021748e-08	21270253
1196835	6	2.82084091806524e-07	21270253
1197719	2	9.40280306021748e-08	21270253
1198627	5	2.35070076505437e-07	21270253
1198676	1	4.70140153010874e-08	21270253
1199187	4	1.8805606120435e-07	21270253
1200352	66	3.10292500987177e-06	21270253
1202772	2	9.40280306021748e-08	21270253
1203460	2	9.40280306021748e-08	21270253
1204414	40	1.8805606120435e-06	21270253
1205910	4	1.8805606120435e-07	21270253
1206105	8	3.76112122408699e-07	21270253
1207075	2	9.40280306021748e-08	21270253
1208660	2	9.40280306021748e-08	21270253
1209989	3	1.41042045903262e-07	21270253
1211025	1	4.70140153010874e-08	21270253
1211579	2	9.40280306021748e-08	21270253
1214101	5	2.35070076505437e-07	21270253
1214242	5	2.35070076505437e-07	21270253
1215088	10	4.70140153010874e-07	21270253
1216976	8	3.76112122408699e-07	21270253
1217737	1	4.70140153010874e-08	21270253
1218933	1	4.70140153010874e-08	21270253
1224163	62	2.91486894866742e-06	21270253
1228997	2	9.40280306021748e-08	21270253
1229205	2	9.40280306021748e-08	21270253
1229512	3	1.41042045903262e-07	21270253
1231072	3	1.41042045903262e-07	21270253
1232381	19	8.9326629072066e-07	21270253
1232383	2	9.40280306021748e-08	21270253
1234367	1	4.70140153010874e-08	21270253
1234378	2	9.40280306021748e-08	21270253
1234380	1	4.70140153010874e-08	21270253
1234679	1	4.70140153010874e-08	21270253
1235990	1	4.70140153010874e-08	21270253
1244085	1	4.70140153010874e-08	21270253
1244528	2	9.40280306021748e-08	21270253
1245469	6	2.82084091806524e-07	21270253
1245471	6	2.82084091806524e-07	21270253
1246301	17	7.99238260118486e-07	21270253
1246365	3	1.41042045903262e-07	21270253
1246995	5	2.35070076505437e-07	21270253
1247189	1	4.70140153010874e-08	21270253
1249480	4	1.8805606120435e-07	21270253
1249526	1	4.70140153010874e-08	21270253
1249531	1	4.70140153010874e-08	21270253
1249661	2	9.40280306021748e-08	21270253
1254439	28	1.31639242843045e-06	21270253
1261557	3	1.41042045903262e-07	21270253
1265601	3	1.41042045903262e-07	21270253
1267753	18	8.46252275419573e-07	21270253
1267754	512	2.40711758341567e-05	21270253
1271862	1	4.70140153010874e-08	21270253
1271863	4	1.8805606120435e-07	21270253
1271864	4	1.8805606120435e-07	21270253
1273173	1	4.70140153010874e-08	21270253
1274814	46	2.16264470385002e-06	21270253
1276220	5	2.35070076505437e-07	21270253
1276221	4	1.8805606120435e-07	21270253
1276227	4	1.8805606120435e-07	21270253
1276229	4	1.8805606120435e-07	21270253
1276258	5	2.35070076505437e-07	21270253
1276282	1	4.70140153010874e-08	21270253
1278073	1	4.70140153010874e-08	21270253
1282356	11	5.17154168311961e-07	21270253
1283331	3	1.41042045903262e-07	21270253
1288122	4	1.8805606120435e-07	21270253
1288394	4	1.8805606120435e-07	21270253
1291379	3	1.41042045903262e-07	21270253
1292033	1	4.70140153010874e-08	21270253
1298917	46	2.16264470385002e-06	21270253
1300150	3	1.41042045903262e-07	21270253
1303024	2	9.40280306021748e-08	21270253
1303692	2	9.40280306021748e-08	21270253
1305849	7	3.29098107107612e-07	21270253
1310161	7	3.29098107107612e-07	21270253
1313172	8	3.76112122408699e-07	21270253
1316932	2	9.40280306021748e-08	21270253
1318615	276	1.29758682231001e-05	21270253
1321369	1	4.70140153010874e-08	21270253
1323661	1	4.70140153010874e-08	21270253
1328306	1	4.70140153010874e-08	21270253
1331671	3	1.41042045903262e-07	21270253
1335307	1	4.70140153010874e-08	21270253
1340847	6	2.82084091806524e-07	21270253
1340851	1	4.70140153010874e-08	21270253
1343740	7	3.29098107107612e-07	21270253
1345697	1	4.70140153010874e-08	21270253
1346614	1	4.70140153010874e-08	21270253
1348662	57	2.67979887216198e-06	21270253
1355100	15	7.05210229516311e-07	21270253
1358410	1	4.70140153010874e-08	21270253
1367847	2	9.40280306021748e-08	21270253
1379702	5	2.35070076505437e-07	21270253
1380774	1	4.70140153010874e-08	21270253
1380908	58	2.72681288746307e-06	21270253
1382700	5	2.35070076505437e-07	21270253
1384484	2	9.40280306021748e-08	21270253
1394709	1	4.70140153010874e-08	21270253
1401659	22	1.03430833662392e-06	21270253
1403316	1	4.70140153010874e-08	21270253
1406860	4	1.8805606120435e-07	21270253
1406864	6	2.82084091806524e-07	21270253
1408186	2	9.40280306021748e-08	21270253
1415630	23	1.08132235192501e-06	21270253
1416914	1	4.70140153010874e-08	21270253
1423144	1	4.70140153010874e-08	21270253
1427342	3	1.41042045903262e-07	21270253
1435356	9	4.23126137709787e-07	21270253
