Tax.ID	Frequency	Proportion	Total
1639	21	NA	NA
2839	2	NA	NA
2850	1	NA	NA
10629	10	NA	NA
10632	87	NA	NA
40041	2	NA	NA
96561	1	NA	NA
137722	1	NA	NA
139871	2	NA	NA
160490	2	NA	NA
160491	4	NA	NA
169963	3	NA	NA
171101	3	NA	NA
176279	6	NA	NA
176280	8	NA	NA
177437	3	NA	NA
184922	1	NA	NA
189423	1	NA	NA
190304	2	NA	NA
190485	2	NA	NA
195103	21	NA	NA
203119	1	NA	NA
203275	35	NA	NA
205914	1	NA	NA
208435	3	NA	NA
208596	22	NA	NA
210007	2	NA	NA
216596	3	NA	NA
218493	1	NA	NA
220341	1	NA	NA
220668	1	NA	NA
224308	1	NA	NA
226185	24541	NA	NA
226186	204	NA	NA
231023	1	NA	NA
232721	1	NA	NA
242619	6	NA	NA
243233	1	NA	NA
243365	1	NA	NA
245014	410	NA	NA
245018	58	NA	NA
246194	1	NA	NA
246197	1	NA	NA
246198	159	NA	NA
257310	1	NA	NA
257313	1	NA	NA
257314	35	NA	NA
262543	15	NA	NA
264198	1	NA	NA
264462	1	NA	NA
264731	11	NA	NA
266779	6	NA	NA
266940	1	NA	NA
267608	1	NA	NA
267748	1	NA	NA
269482	1	NA	NA
272559	14	NA	NA
272563	45	NA	NA
272568	2	NA	NA
272621	4	NA	NA
272622	16	NA	NA
272626	10	NA	NA
273119	7	NA	NA
278197	9	NA	NA
279010	2	NA	NA
279808	2	NA	NA
289380	6	NA	NA
290340	2	NA	NA
290398	1	NA	NA
290402	2	NA	NA
293613	1	NA	NA
295405	291	NA	NA
296591	2	NA	NA
298654	1	NA	NA
306537	4	NA	NA
313595	1	NA	NA
314315	2	NA	NA
314565	1	NA	NA
315730	3	NA	NA
315749	3	NA	NA
315750	6	NA	NA
318586	1	NA	NA
321956	1	NA	NA
321967	18	NA	NA
322159	25	NA	NA
324057	2	NA	NA
324831	506	NA	NA
326423	2	NA	NA
326425	11	NA	NA
331111	1	NA	NA
331112	2	NA	NA
331271	1	NA	NA
333849	47	NA	NA
334390	6	NA	NA
334413	20	NA	NA
335541	2	NA	NA
337191	1	NA	NA
347253	4	NA	NA
347495	1	NA	NA
349101	1	NA	NA
349102	1	NA	NA
349163	1	NA	NA
354242	13	NA	NA
357809	37	NA	NA
358220	6	NA	NA
358681	7	NA	NA
359786	5	NA	NA
359787	1	NA	NA
360105	3	NA	NA
360107	55	NA	NA
360911	1	NA	NA
362663	5	NA	NA
363555	5	NA	NA
365044	1	NA	NA
365046	1	NA	NA
365659	10	NA	NA
369723	1	NA	NA
370554	3	NA	NA
373153	7	NA	NA
373384	4	NA	NA
375286	1	NA	NA
376686	9	NA	NA
386043	24	NA	NA
386415	3	NA	NA
387344	18	NA	NA
388919	5	NA	NA
390333	19	NA	NA
391038	1	NA	NA
391295	2	NA	NA
391296	2	NA	NA
391735	3	NA	NA
391904	5	NA	NA
392499	1	NA	NA
393011	1	NA	NA
395019	1	NA	NA
395495	1	NA	NA
396588	1	NA	NA
398578	2	NA	NA
398580	1	NA	NA
402612	5	NA	NA
405566	16	NA	NA
405955	3	NA	NA
412694	12	NA	NA
416870	1	NA	NA
418127	22	NA	NA
420889	1	NA	NA
420890	1	NA	NA
426117	1	NA	NA
426430	7	NA	NA
428406	1	NA	NA
431947	6	NA	NA
435590	5344	NA	NA
435591	141	NA	NA
439843	1	NA	NA
439855	1	NA	NA
443218	1	NA	NA
444177	1	NA	NA
446466	2	NA	NA
446471	1	NA	NA
447217	1	NA	NA
451516	1	NA	NA
454169	1	NA	NA
455488	1	NA	NA
458233	12	NA	NA
460265	1	NA	NA
465515	22	NA	NA
467705	8	NA	NA
469604	4	NA	NA
469607	10	NA	NA
471853	1	NA	NA
471854	1	NA	NA
474186	5237	NA	NA
477974	1	NA	NA
478801	1	NA	NA
479431	1	NA	NA
479432	1	NA	NA
479437	30	NA	NA
481805	7	NA	NA
483219	1	NA	NA
484020	1	NA	NA
486410	2	NA	NA
487213	2	NA	NA
487214	14	NA	NA
491077	1	NA	NA
491915	6	NA	NA
498761	1	NA	NA
504472	1	NA	NA
504474	2	NA	NA
504832	1	NA	NA
505682	3	NA	NA
511691	3	NA	NA
512566	9	NA	NA
515619	156	NA	NA
515620	225	NA	NA
515622	2	NA	NA
516950	192	NA	NA
523794	1	NA	NA
525284	7	NA	NA
525919	31	NA	NA
526226	4	NA	NA
535289	1	NA	NA
543728	1	NA	NA
543913	2	NA	NA
546342	28	NA	NA
546414	1	NA	NA
548473	2	NA	NA
548476	6	NA	NA
548479	6	NA	NA
552526	6	NA	NA
552536	1	NA	NA
553174	110	NA	NA
553190	3	NA	NA
553199	23	NA	NA
553482	1	NA	NA
557433	1	NA	NA
557436	15	NA	NA
561230	1	NA	NA
561276	1	NA	NA
563040	1	NA	NA
565575	10	NA	NA
565655	13	NA	NA
568704	1	NA	NA
568707	1	NA	NA
568814	5	NA	NA
568816	6	NA	NA
573061	4	NA	NA
574093	5	NA	NA
575614	87	NA	NA
580340	2	NA	NA
585057	1	NA	NA
585394	249	NA	NA
585396	1	NA	NA
590998	3	NA	NA
593907	2	NA	NA
595537	1	NA	NA
596154	1	NA	NA
610130	51	NA	NA
617121	4	NA	NA
633699	58	NA	NA
634452	2	NA	NA
637909	1	NA	NA
640081	1	NA	NA
640131	1	NA	NA
642492	1	NA	NA
643561	1	NA	NA
644966	1	NA	NA
645127	1	NA	NA
645462	1	NA	NA
645463	28	NA	NA
645464	5	NA	NA
649349	3	NA	NA
650150	1	NA	NA
653045	2	NA	NA
653938	1	NA	NA
657308	5	NA	NA
657309	168	NA	NA
657310	6793	NA	NA
657313	173	NA	NA
657314	185	NA	NA
657315	1698	NA	NA
657317	80	NA	NA
657318	90	NA	NA
657319	46	NA	NA
657321	51	NA	NA
657322	429	NA	NA
657323	64	NA	NA
662755	11	NA	NA
663241	104	NA	NA
663951	15	NA	NA
663954	3	NA	NA
666686	3	NA	NA
667015	261	NA	NA
673832	117	NA	NA
673835	51	NA	NA
673837	39	NA	NA
673839	207	NA	NA
679935	54	NA	NA
684738	4	NA	NA
685727	1	NA	NA
693746	5	NA	NA
693979	94	NA	NA
694427	3	NA	NA
695560	3	NA	NA
695562	3	NA	NA
696216	7	NA	NA
697329	8	NA	NA
698737	2	NA	NA
698966	1	NA	NA
698967	1	NA	NA
699032	17	NA	NA
699033	11	NA	NA
699037	15	NA	NA
699246	4	NA	NA
701347	2	NA	NA
701521	2	NA	NA
709991	57	NA	NA
710685	1	NA	NA
712961	1	NA	NA
716541	2	NA	NA
717608	68	NA	NA
717959	90	NA	NA
717960	70	NA	NA
717961	48	NA	NA
717962	75	NA	NA
718252	558	NA	NA
718254	1	NA	NA
718255	1710	NA	NA
718271	7	NA	NA
722911	2	NA	NA
742013	2	NA	NA
746361	1	NA	NA
748671	14	NA	NA
751585	67	NA	NA
757425	1	NA	NA
759350	6	NA	NA
760570	37	NA	NA
765874	1	NA	NA
767031	114	NA	NA
767462	15	NA	NA
767463	1	NA	NA
768486	100	NA	NA
861360	1	NA	NA
862962	106	NA	NA
862966	2	NA	NA
862967	1	NA	NA
862968	4	NA	NA
862970	4	NA	NA
862971	3	NA	NA
866768	5	NA	NA
866775	14	NA	NA
866777	6	NA	NA
867900	1	NA	NA
868864	1	NA	NA
869209	6	NA	NA
869212	2	NA	NA
869309	3	NA	NA
879243	11	NA	NA
880758	2	NA	NA
886293	1	NA	NA
889378	1	NA	NA
889932	1	NA	NA
890402	1	NA	NA
891391	12	NA	NA
903814	10	NA	NA
908937	27	NA	NA
909952	2	NA	NA
909954	29	NA	NA
927666	8	NA	NA
930171	2	NA	NA
936153	19385	NA	NA
936154	2	NA	NA
936156	1	NA	NA
937773	15	NA	NA
940190	45	NA	NA
945021	58	NA	NA
945704	6	NA	NA
981539	1	NA	NA
981540	9	NA	NA
984892	2	NA	NA
990317	3	NA	NA
992406	2	NA	NA
1004952	6	NA	NA
1005041	7	NA	NA
1005042	10	NA	NA
1006007	2	NA	NA
1006543	1	NA	NA
1006551	2	NA	NA
1009464	6	NA	NA
1030843	4	NA	NA
1033837	21	NA	NA
1034807	6	NA	NA
1034809	1	NA	NA
1041826	1	NA	NA
1042156	16	NA	NA
1046629	5	NA	NA
1048332	12	NA	NA
1051074	2	NA	NA
1054460	1	NA	NA
1069533	3	NA	NA
1069534	1	NA	NA
1071400	1	NA	NA
1090974	8	NA	NA
1091045	9	NA	NA
1094466	2	NA	NA
1104322	2	NA	NA
1104325	91	NA	NA
1111678	1	NA	NA
1112204	1	NA	NA
1114965	32	NA	NA
1114967	1	NA	NA
1114969	18	NA	NA
1116231	4	NA	NA
1121353	1	NA	NA
1123519	1	NA	NA
1133568	3	NA	NA
1134454	11	NA	NA
1146883	1	NA	NA
1155071	2	NA	NA
1155766	244	NA	NA
1156431	2	NA	NA
1156433	4	NA	NA
1161918	1	NA	NA
1171377	7	NA	NA
1187956	1	NA	NA
1191061	2	NA	NA
1192196	1	NA	NA
1194526	1	NA	NA
1200352	1	NA	NA
1203670	1	NA	NA
1205910	1	NA	NA
1206105	4853	NA	NA
1211025	1	NA	NA
1214101	1	NA	NA
1218933	1	NA	NA
1224163	1	NA	NA
1228997	2	NA	NA
1229758	1	NA	NA
1231072	1	NA	NA
1234679	14	NA	NA
1246995	3	NA	NA
1254439	1	NA	NA
1261557	3050	NA	NA
1267754	1	NA	NA
1273173	3	NA	NA
1276282	1	NA	NA
1286170	19	NA	NA
1300150	66	NA	NA
1305849	169	NA	NA
1318615	7	NA	NA
1318633	2	NA	NA
1341692	1	NA	NA
1345695	1	NA	NA
1383068	1	NA	NA
1384484	1	NA	NA
1408186	17	NA	NA
1435356	2	NA	NA
