Tax.ID	Frequency	Proportion	Total
1639	13	5.53754339410688e-07	23476114
5823	1	4.2596487646976e-08	23476114
10629	249	1.0606525424097e-05	23476114
10632	276	1.17566305905654e-05	23476114
10633	1	4.2596487646976e-08	23476114
13642	1	4.2596487646976e-08	23476114
43926	1	4.2596487646976e-08	23476114
60480	1	4.2596487646976e-08	23476114
60481	2	8.5192975293952e-08	23476114
72520	1	4.2596487646976e-08	23476114
96561	1	4.2596487646976e-08	23476114
96563	8	3.40771901175808e-07	23476114
101510	2	8.5192975293952e-08	23476114
110662	1	4.2596487646976e-08	23476114
126793	1	4.2596487646976e-08	23476114
158878	2	8.5192975293952e-08	23476114
160488	3	1.27789462940928e-07	23476114
160490	2	8.5192975293952e-08	23476114
160491	3	1.27789462940928e-07	23476114
160619	2	8.5192975293952e-08	23476114
169963	1	4.2596487646976e-08	23476114
170187	1	4.2596487646976e-08	23476114
171101	2	8.5192975293952e-08	23476114
176279	61	2.59838574646553e-06	23476114
176280	73	3.10954359822925e-06	23476114
179408	1	4.2596487646976e-08	23476114
184922	4	1.70385950587904e-07	23476114
186103	1	4.2596487646976e-08	23476114
189423	1	4.2596487646976e-08	23476114
190485	1	4.2596487646976e-08	23476114
195103	10	4.2596487646976e-07	23476114
198804	1	4.2596487646976e-08	23476114
203275	9	3.83368388822784e-07	23476114
205922	1	4.2596487646976e-08	23476114
206672	1	4.2596487646976e-08	23476114
208435	3	1.27789462940928e-07	23476114
208596	4	1.70385950587904e-07	23476114
208963	1	4.2596487646976e-08	23476114
208964	2	8.5192975293952e-08	23476114
211110	1	4.2596487646976e-08	23476114
211586	1	4.2596487646976e-08	23476114
216595	6	2.55578925881856e-07	23476114
218495	6	2.55578925881856e-07	23476114
220341	594	2.53023136623037e-05	23476114
221109	3	1.27789462940928e-07	23476114
224911	1	4.2596487646976e-08	23476114
226185	20314	0.00086530505006067	23476114
226186	244	1.03935429858621e-05	23476114
227882	1	4.2596487646976e-08	23476114
231023	1	4.2596487646976e-08	23476114
232721	3	1.27789462940928e-07	23476114
234621	8	3.40771901175808e-07	23476114
243275	2	8.5192975293952e-08	23476114
245014	50	2.1298243823488e-06	23476114
245018	47	2.00203491940787e-06	23476114
246197	1	4.2596487646976e-08	23476114
246198	4	1.70385950587904e-07	23476114
257310	1	4.2596487646976e-08	23476114
257314	15	6.3894731470464e-07	23476114
261658	1	4.2596487646976e-08	23476114
262543	3	1.27789462940928e-07	23476114
264198	1	4.2596487646976e-08	23476114
264199	18	7.66736777645568e-07	23476114
264462	1	4.2596487646976e-08	23476114
264731	1	4.2596487646976e-08	23476114
266117	2	8.5192975293952e-08	23476114
266264	1	4.2596487646976e-08	23476114
266779	6	2.55578925881856e-07	23476114
267608	1	4.2596487646976e-08	23476114
267747	3	1.27789462940928e-07	23476114
269482	1	4.2596487646976e-08	23476114
269798	8	3.40771901175808e-07	23476114
272559	19	8.09333265292544e-07	23476114
272563	26	1.10750867882138e-06	23476114
272620	1	4.2596487646976e-08	23476114
272621	5	2.1298243823488e-07	23476114
272622	17	7.24140289998592e-07	23476114
272623	4	1.70385950587904e-07	23476114
272626	4	1.70385950587904e-07	23476114
272630	2	8.5192975293952e-08	23476114
278197	7	2.98175413528832e-07	23476114
279010	1	4.2596487646976e-08	23476114
279808	2	8.5192975293952e-08	23476114
284812	1	4.2596487646976e-08	23476114
289380	4	1.70385950587904e-07	23476114
293826	2	8.5192975293952e-08	23476114
295405	94	4.00406983881574e-06	23476114
296591	1	4.2596487646976e-08	23476114
299768	19	8.09333265292544e-07	23476114
300269	1	4.2596487646976e-08	23476114
306263	1	4.2596487646976e-08	23476114
312153	2	8.5192975293952e-08	23476114
313598	1	4.2596487646976e-08	23476114
313603	1	4.2596487646976e-08	23476114
314315	2	8.5192975293952e-08	23476114
314565	1	4.2596487646976e-08	23476114
315749	2	8.5192975293952e-08	23476114
315750	4	1.70385950587904e-07	23476114
317655	1	4.2596487646976e-08	23476114
320373	1	4.2596487646976e-08	23476114
320388	1	4.2596487646976e-08	23476114
321967	12	5.11157851763712e-07	23476114
322159	71	3.0243506229353e-06	23476114
324057	2	8.5192975293952e-08	23476114
324831	306	1.30345252199747e-05	23476114
326423	1	4.2596487646976e-08	23476114
326425	8	3.40771901175808e-07	23476114
331111	1	4.2596487646976e-08	23476114
331271	4	1.70385950587904e-07	23476114
333849	29	1.2352981417623e-06	23476114
334390	2	8.5192975293952e-08	23476114
334413	18	7.66736777645568e-07	23476114
335541	1	4.2596487646976e-08	23476114
337191	3	1.27789462940928e-07	23476114
340100	1	4.2596487646976e-08	23476114
344609	2	8.5192975293952e-08	23476114
347253	5	2.1298243823488e-07	23476114
349161	3	1.27789462940928e-07	23476114
349520	2	8.5192975293952e-08	23476114
351746	2	8.5192975293952e-08	23476114
352914	3	1.27789462940928e-07	23476114
353154	1	4.2596487646976e-08	23476114
354242	7	2.98175413528832e-07	23476114
355276	1	4.2596487646976e-08	23476114
357348	1	4.2596487646976e-08	23476114
357809	11	4.68561364116736e-07	23476114
358220	5	2.1298243823488e-07	23476114
358681	3	1.27789462940928e-07	23476114
359786	10	4.2596487646976e-07	23476114
360107	1	4.2596487646976e-08	23476114
360398	1	4.2596487646976e-08	23476114
360910	1	4.2596487646976e-08	23476114
360911	5	2.1298243823488e-07	23476114
362242	1	4.2596487646976e-08	23476114
362663	15	6.3894731470464e-07	23476114
362948	1	4.2596487646976e-08	23476114
363555	2	8.5192975293952e-08	23476114
365044	2	8.5192975293952e-08	23476114
365046	2	8.5192975293952e-08	23476114
365659	9	3.83368388822784e-07	23476114
366602	1	4.2596487646976e-08	23476114
370553	2	8.5192975293952e-08	23476114
370554	3	1.27789462940928e-07	23476114
373153	4	1.70385950587904e-07	23476114
373384	7	2.98175413528832e-07	23476114
376686	17	7.24140289998592e-07	23476114
378753	2	8.5192975293952e-08	23476114
379731	4	1.70385950587904e-07	23476114
380358	1	4.2596487646976e-08	23476114
380703	1	4.2596487646976e-08	23476114
381666	1	4.2596487646976e-08	23476114
381754	1	4.2596487646976e-08	23476114
382245	1	4.2596487646976e-08	23476114
384676	3	1.27789462940928e-07	23476114
386043	8	3.40771901175808e-07	23476114
386585	1	4.2596487646976e-08	23476114
387344	12	5.11157851763712e-07	23476114
388919	4	1.70385950587904e-07	23476114
390333	23	9.79719215880448e-07	23476114
391295	2	8.5192975293952e-08	23476114
391296	2	8.5192975293952e-08	23476114
391735	2	8.5192975293952e-08	23476114
391904	8	3.40771901175808e-07	23476114
392499	1	4.2596487646976e-08	23476114
393011	1	4.2596487646976e-08	23476114
393133	2	8.5192975293952e-08	23476114
393305	1	4.2596487646976e-08	23476114
393595	1	4.2596487646976e-08	23476114
395495	4	1.70385950587904e-07	23476114
395960	1	4.2596487646976e-08	23476114
396513	5	2.1298243823488e-07	23476114
397945	2	8.5192975293952e-08	23476114
398578	4	1.70385950587904e-07	23476114
400756	2	8.5192975293952e-08	23476114
401614	1	4.2596487646976e-08	23476114
402612	11	4.68561364116736e-07	23476114
405535	1	4.2596487646976e-08	23476114
405566	14	5.96350827057664e-07	23476114
405955	13	5.53754339410688e-07	23476114
412022	1	4.2596487646976e-08	23476114
412694	4	1.70385950587904e-07	23476114
416870	1	4.2596487646976e-08	23476114
418127	22	9.37122728233472e-07	23476114
419610	3	1.27789462940928e-07	23476114
420246	2	8.5192975293952e-08	23476114
420662	3	1.27789462940928e-07	23476114
420889	4	1.70385950587904e-07	23476114
420890	3	1.27789462940928e-07	23476114
426117	2	8.5192975293952e-08	23476114
426355	1	4.2596487646976e-08	23476114
435590	2026	8.63004839727734e-05	23476114
435591	60	2.55578925881856e-06	23476114
439843	598	2.54726996128916e-05	23476114
439855	3	1.27789462940928e-07	23476114
441620	1	4.2596487646976e-08	23476114
444177	2	8.5192975293952e-08	23476114
446462	1	4.2596487646976e-08	23476114
450851	2	8.5192975293952e-08	23476114
451515	1	4.2596487646976e-08	23476114
452652	1	4.2596487646976e-08	23476114
452662	1	4.2596487646976e-08	23476114
454169	596	2.53875066375977e-05	23476114
458233	17	7.24140289998592e-07	23476114
464988	3	1.27789462940928e-07	23476114
465515	5	2.1298243823488e-07	23476114
467705	8	3.40771901175808e-07	23476114
469383	1	4.2596487646976e-08	23476114
469604	2	8.5192975293952e-08	23476114
469607	4	1.70385950587904e-07	23476114
474186	4355	0.00018550770370258	23476114
478801	2	8.5192975293952e-08	23476114
479431	1	4.2596487646976e-08	23476114
479437	1	4.2596487646976e-08	23476114
480119	2	8.5192975293952e-08	23476114
481805	7	2.98175413528832e-07	23476114
483219	1	4.2596487646976e-08	23476114
484021	1	4.2596487646976e-08	23476114
485916	1	4.2596487646976e-08	23476114
487213	4	1.70385950587904e-07	23476114
487214	13	5.53754339410688e-07	23476114
488222	1	4.2596487646976e-08	23476114
488223	2	8.5192975293952e-08	23476114
491077	1	4.2596487646976e-08	23476114
491915	12	5.11157851763712e-07	23476114
502558	1	4.2596487646976e-08	23476114
504472	1	4.2596487646976e-08	23476114
504474	5	2.1298243823488e-07	23476114
507522	1	4.2596487646976e-08	23476114
508771	3	1.27789462940928e-07	23476114
509169	1	4.2596487646976e-08	23476114
511691	1	4.2596487646976e-08	23476114
512566	6	2.55578925881856e-07	23476114
515619	68	2.89656115999437e-06	23476114
515620	37	1.57607004293811e-06	23476114
516950	146	6.21908719645849e-06	23476114
521006	1	4.2596487646976e-08	23476114
521674	1	4.2596487646976e-08	23476114
522373	3	1.27789462940928e-07	23476114
523796	2	8.5192975293952e-08	23476114
525284	1	4.2596487646976e-08	23476114
525381	4	1.70385950587904e-07	23476114
525919	44	1.87424545646694e-06	23476114
526225	1	4.2596487646976e-08	23476114
526226	2	8.5192975293952e-08	23476114
535289	2	8.5192975293952e-08	23476114
536056	1	4.2596487646976e-08	23476114
543728	5	2.1298243823488e-07	23476114
543913	9	3.83368388822784e-07	23476114
545693	1	4.2596487646976e-08	23476114
546269	1	4.2596487646976e-08	23476114
546342	26	1.10750867882138e-06	23476114
548473	1	4.2596487646976e-08	23476114
548476	11	4.68561364116736e-07	23476114
548479	1	4.2596487646976e-08	23476114
552536	1	4.2596487646976e-08	23476114
553174	10	4.2596487646976e-07	23476114
553199	56	2.38540330823066e-06	23476114
557433	1	4.2596487646976e-08	23476114
557436	14	5.96350827057664e-07	23476114
557722	1	4.2596487646976e-08	23476114
557723	2	8.5192975293952e-08	23476114
563174	1	4.2596487646976e-08	23476114
565655	7	2.98175413528832e-07	23476114
568814	1	4.2596487646976e-08	23476114
572479	1	4.2596487646976e-08	23476114
573061	2	8.5192975293952e-08	23476114
574093	11	4.68561364116736e-07	23476114
585035	1	4.2596487646976e-08	23476114
585054	1	4.2596487646976e-08	23476114
585057	1	4.2596487646976e-08	23476114
585394	86	3.66329793763993e-06	23476114
585396	598	2.54726996128916e-05	23476114
585397	1	4.2596487646976e-08	23476114
589865	1	4.2596487646976e-08	23476114
591365	1	4.2596487646976e-08	23476114
592022	1	4.2596487646976e-08	23476114
593907	1	4.2596487646976e-08	23476114
595495	1	4.2596487646976e-08	23476114
595537	5	2.1298243823488e-07	23476114
596153	1	4.2596487646976e-08	23476114
596154	1	4.2596487646976e-08	23476114
610130	23	9.79719215880448e-07	23476114
632772	1	4.2596487646976e-08	23476114
633699	36	1.53347355529114e-06	23476114
635013	1	4.2596487646976e-08	23476114
637909	3	1.27789462940928e-07	23476114
640131	1	4.2596487646976e-08	23476114
640132	1	4.2596487646976e-08	23476114
642492	1	4.2596487646976e-08	23476114
643561	1	4.2596487646976e-08	23476114
644042	3	1.27789462940928e-07	23476114
644801	3	1.27789462940928e-07	23476114
645462	1	4.2596487646976e-08	23476114
645463	11	4.68561364116736e-07	23476114
653733	3	1.27789462940928e-07	23476114
655815	1	4.2596487646976e-08	23476114
657309	623	2.6537611804066e-05	23476114
657310	5961	0.000253917662863624	23476114
657313	85	3.62070144999296e-06	23476114
657314	165	7.02842046175104e-06	23476114
657315	549	2.33854717181898e-05	23476114
657317	27	1.15010516646835e-06	23476114
657318	36	1.53347355529114e-06	23476114
657319	12	5.11157851763712e-07	23476114
657321	19	8.09333265292544e-07	23476114
657322	94	4.00406983881574e-06	23476114
657323	96	4.08926281410969e-06	23476114
663241	146	6.21908719645849e-06	23476114
663278	4	1.70385950587904e-07	23476114
663951	25	1.0649121911744e-06	23476114
667015	85	3.62070144999296e-06	23476114
673832	56	2.38540330823066e-06	23476114
673835	15	6.3894731470464e-07	23476114
673837	35	1.49087706764416e-06	23476114
673839	70	2.98175413528832e-06	23476114
679935	19	8.09333265292544e-07	23476114
683837	1	4.2596487646976e-08	23476114
684738	5	2.1298243823488e-07	23476114
685727	1	4.2596487646976e-08	23476114
690566	1	4.2596487646976e-08	23476114
693979	27	1.15010516646835e-06	23476114
695560	2	8.5192975293952e-08	23476114
696216	1	4.2596487646976e-08	23476114
697329	2	8.5192975293952e-08	23476114
698737	1	4.2596487646976e-08	23476114
698968	1	4.2596487646976e-08	23476114
698971	1	4.2596487646976e-08	23476114
698972	1	4.2596487646976e-08	23476114
699032	13	5.53754339410688e-07	23476114
699033	13	5.53754339410688e-07	23476114
699037	12	5.11157851763712e-07	23476114
700598	1	4.2596487646976e-08	23476114
702113	4	1.70385950587904e-07	23476114
706191	1	4.2596487646976e-08	23476114
709991	28	1.19270165411533e-06	23476114
710421	1	4.2596487646976e-08	23476114
712961	2	8.5192975293952e-08	23476114
717608	41	1.74645599352602e-06	23476114
717959	36	1.53347355529114e-06	23476114
717960	23	9.79719215880448e-07	23476114
717961	9	3.83368388822784e-07	23476114
717962	55	2.34280682058368e-06	23476114
718252	157	6.68764856057523e-06	23476114
718255	553	2.35558576687777e-05	23476114
718271	1	4.2596487646976e-08	23476114
741091	1	4.2596487646976e-08	23476114
742013	3	1.27789462940928e-07	23476114
743718	1	4.2596487646976e-08	23476114
748671	1	4.2596487646976e-08	23476114
751585	21	8.94526240586496e-07	23476114
757425	5	2.1298243823488e-07	23476114
759350	1	4.2596487646976e-08	23476114
760570	1	4.2596487646976e-08	23476114
762376	1	4.2596487646976e-08	23476114
762948	2	8.5192975293952e-08	23476114
767462	13	5.53754339410688e-07	23476114
767463	47	2.00203491940787e-06	23476114
768486	66	2.81136818470042e-06	23476114
859656	1	4.2596487646976e-08	23476114
859657	1	4.2596487646976e-08	23476114
861360	1	4.2596487646976e-08	23476114
862962	50	2.1298243823488e-06	23476114
862965	2	8.5192975293952e-08	23476114
862969	1	4.2596487646976e-08	23476114
862970	1	4.2596487646976e-08	23476114
862971	4	1.70385950587904e-07	23476114
866768	5	2.1298243823488e-07	23476114
866775	8	3.40771901175808e-07	23476114
866777	3	1.27789462940928e-07	23476114
869209	2	8.5192975293952e-08	23476114
869309	3	1.27789462940928e-07	23476114
869729	4	1.70385950587904e-07	23476114
879243	1	4.2596487646976e-08	23476114
880070	1	4.2596487646976e-08	23476114
880758	1	4.2596487646976e-08	23476114
882096	2	8.5192975293952e-08	23476114
882097	2	8.5192975293952e-08	23476114
886882	1	4.2596487646976e-08	23476114
891391	13	5.53754339410688e-07	23476114
903814	5	2.1298243823488e-07	23476114
909952	6	2.55578925881856e-07	23476114
909954	9	3.83368388822784e-07	23476114
911045	1	4.2596487646976e-08	23476114
927666	10	4.2596487646976e-07	23476114
929102	2	8.5192975293952e-08	23476114
931626	1	4.2596487646976e-08	23476114
932677	1	4.2596487646976e-08	23476114
935589	1	4.2596487646976e-08	23476114
935591	1	4.2596487646976e-08	23476114
935593	1	4.2596487646976e-08	23476114
936153	17690	0.000753531866475005	23476114
936154	5	2.1298243823488e-07	23476114
937773	26	1.10750867882138e-06	23476114
940190	46	1.9594384317609e-06	23476114
941639	9	3.83368388822784e-07	23476114
945021	48	2.04463140705485e-06	23476114
945704	1	4.2596487646976e-08	23476114
977880	1	4.2596487646976e-08	23476114
980514	2	8.5192975293952e-08	23476114
981540	6	2.55578925881856e-07	23476114
983548	1	4.2596487646976e-08	23476114
983917	1	4.2596487646976e-08	23476114
984892	1	4.2596487646976e-08	23476114
985665	1	4.2596487646976e-08	23476114
990317	3	1.27789462940928e-07	23476114
992406	1	4.2596487646976e-08	23476114
994484	1	4.2596487646976e-08	23476114
996285	3	1.27789462940928e-07	23476114
1004952	1	4.2596487646976e-08	23476114
1005042	3	1.27789462940928e-07	23476114
1007064	1	4.2596487646976e-08	23476114
1009464	1	4.2596487646976e-08	23476114
1031709	3	1.27789462940928e-07	23476114
1032480	1	4.2596487646976e-08	23476114
1033813	1	4.2596487646976e-08	23476114
1033837	8	3.40771901175808e-07	23476114
1034807	10	4.2596487646976e-07	23476114
1035817	1	4.2596487646976e-08	23476114
1037911	3	1.27789462940928e-07	23476114
1041826	8	3.40771901175808e-07	23476114
1042156	7	2.98175413528832e-07	23476114
1042878	2	8.5192975293952e-08	23476114
1046624	2	8.5192975293952e-08	23476114
1046629	27	1.15010516646835e-06	23476114
1048332	18	7.66736777645568e-07	23476114
1051074	9	3.83368388822784e-07	23476114
1054460	3	1.27789462940928e-07	23476114
1064535	2	8.5192975293952e-08	23476114
1069533	2	8.5192975293952e-08	23476114
1074919	1	4.2596487646976e-08	23476114
1076934	3	1.27789462940928e-07	23476114
1082931	1	4.2596487646976e-08	23476114
1089456	1	4.2596487646976e-08	23476114
1090974	4	1.70385950587904e-07	23476114
1091041	1	4.2596487646976e-08	23476114
1091045	17	7.24140289998592e-07	23476114
1093787	1	4.2596487646976e-08	23476114
1095774	1	4.2596487646976e-08	23476114
1104325	89	3.79108740058086e-06	23476114
1107880	1	4.2596487646976e-08	23476114
1110502	1	4.2596487646976e-08	23476114
1111678	2	8.5192975293952e-08	23476114
1114965	1	4.2596487646976e-08	23476114
1114966	1	4.2596487646976e-08	23476114
1114967	10	4.2596487646976e-07	23476114
1114969	56	2.38540330823066e-06	23476114
1116231	1	4.2596487646976e-08	23476114
1118959	2	8.5192975293952e-08	23476114
1121362	1	4.2596487646976e-08	23476114
1123863	1	4.2596487646976e-08	23476114
1124983	1	4.2596487646976e-08	23476114
1131462	1	4.2596487646976e-08	23476114
1133852	1	4.2596487646976e-08	23476114
1133853	1	4.2596487646976e-08	23476114
1134454	32	1.36308760470323e-06	23476114
1136179	9	3.83368388822784e-07	23476114
1147129	1	4.2596487646976e-08	23476114
1151116	1	4.2596487646976e-08	23476114
1155766	205	8.73227996763008e-06	23476114
1156431	1	4.2596487646976e-08	23476114
1156433	2	8.5192975293952e-08	23476114
1163399	1	4.2596487646976e-08	23476114
1170318	2	8.5192975293952e-08	23476114
1171377	1	4.2596487646976e-08	23476114
1184267	1	4.2596487646976e-08	23476114
1187956	16	6.81543802351616e-07	23476114
1193576	1	4.2596487646976e-08	23476114
1194526	3	1.27789462940928e-07	23476114
1195464	1	4.2596487646976e-08	23476114
1196325	1	4.2596487646976e-08	23476114
1196835	3	1.27789462940928e-07	23476114
1206105	2780	0.000118418235658593	23476114
1207075	1	4.2596487646976e-08	23476114
1209989	2	8.5192975293952e-08	23476114
1214101	1	4.2596487646976e-08	23476114
1216976	1	4.2596487646976e-08	23476114
1217984	2	8.5192975293952e-08	23476114
1224163	1	4.2596487646976e-08	23476114
1228997	3	1.27789462940928e-07	23476114
1234380	1	4.2596487646976e-08	23476114
1234679	8	3.40771901175808e-07	23476114
1245471	1	4.2596487646976e-08	23476114
1246301	2	8.5192975293952e-08	23476114
1261557	2728	0.00011620321830095	23476114
1262456	1	4.2596487646976e-08	23476114
1266845	2	8.5192975293952e-08	23476114
1267754	2	8.5192975293952e-08	23476114
1273173	4	1.70385950587904e-07	23476114
1276282	2	8.5192975293952e-08	23476114
1282356	6	2.55578925881856e-07	23476114
1288394	1	4.2596487646976e-08	23476114
1294143	1	4.2596487646976e-08	23476114
1300150	73	3.10954359822925e-06	23476114
1302863	3	1.27789462940928e-07	23476114
1305849	134	5.70792934469478e-06	23476114
1314884	2	8.5192975293952e-08	23476114
1318615	8	3.40771901175808e-07	23476114
1340851	1	4.2596487646976e-08	23476114
1345695	1	4.2596487646976e-08	23476114
1348662	1	4.2596487646976e-08	23476114
1355100	2	8.5192975293952e-08	23476114
1383068	2	8.5192975293952e-08	23476114
1399116	1	4.2596487646976e-08	23476114
1408186	3	1.27789462940928e-07	23476114
1408206	1	4.2596487646976e-08	23476114
1415630	2	8.5192975293952e-08	23476114
