Tax.ID	Frequency	Proportion	Total
2762	2	1.59027666679283e-07	12576428
2787	4	3.18055333358566e-07	12576428
2839	5	3.97569166698207e-07	12576428
2850	7	5.5659683337749e-07	12576428
2880	2	1.59027666679283e-07	12576428
2903	1	7.95138333396414e-08	12576428
2986	1	7.95138333396414e-08	12576428
4770	1	7.95138333396414e-08	12576428
5061	1	7.95138333396414e-08	12576428
5145	1	7.95138333396414e-08	12576428
5518	6	4.77083000037849e-07	12576428
5661	1	7.95138333396414e-08	12576428
5885	2	1.59027666679283e-07	12576428
5889	2	1.59027666679283e-07	12576428
5932	2	1.59027666679283e-07	12576428
10629	1	7.95138333396414e-08	12576428
10632	1	7.95138333396414e-08	12576428
10633	1	7.95138333396414e-08	12576428
10679	22	1.74930433347211e-06	12576428
31964	3	2.38541500018924e-07	12576428
33658	1	7.95138333396414e-08	12576428
35128	15	1.19270750009462e-06	12576428
43989	1	7.95138333396414e-08	12576428
44058	2	1.59027666679283e-07	12576428
45406	1	7.95138333396414e-08	12576428
49266	1	7.95138333396414e-08	12576428
55529	1	7.95138333396414e-08	12576428
59374	8	6.36110666717131e-07	12576428
60481	109	8.66700783402092e-06	12576428
62928	12	9.54166000075697e-07	12576428
62977	10	7.95138333396414e-07	12576428
66084	1	7.95138333396414e-08	12576428
69328	14	1.11319366675498e-06	12576428
75379	19	1.51076283345319e-06	12576428
76114	3	2.38541500018924e-07	12576428
76869	20	1.59027666679283e-06	12576428
78245	4	3.18055333358566e-07	12576428
83406	1	7.95138333396414e-08	12576428
85569	1	7.95138333396414e-08	12576428
85643	15	1.19270750009462e-06	12576428
94122	8	6.36110666717131e-07	12576428
96563	13	1.03367983341534e-06	12576428
99287	25	1.98784583349104e-06	12576428
100226	1	7.95138333396414e-08	12576428
101510	5	3.97569166698207e-07	12576428
114615	4	3.18055333358566e-07	12576428
122586	1	7.95138333396414e-08	12576428
122587	4	3.18055333358566e-07	12576428
134676	2	1.59027666679283e-07	12576428
137722	1	7.95138333396414e-08	12576428
146891	1	7.95138333396414e-08	12576428
150340	1	7.95138333396414e-08	12576428
153948	2	1.59027666679283e-07	12576428
155148	2	1.59027666679283e-07	12576428
155864	1844	0.000146623508678299	12576428
158878	2	1.59027666679283e-07	12576428
159087	6	4.77083000037849e-07	12576428
160488	8	6.36110666717131e-07	12576428
160490	2	1.59027666679283e-07	12576428
160491	1	7.95138333396414e-08	12576428
160619	3	2.38541500018924e-07	12576428
164756	6	4.77083000037849e-07	12576428
167542	1	7.95138333396414e-08	12576428
171101	6	4.77083000037849e-07	12576428
176279	52	4.13471933366135e-06	12576428
176280	54	4.29374700034064e-06	12576428
179408	1	7.95138333396414e-08	12576428
180816	1	7.95138333396414e-08	12576428
186103	1	7.95138333396414e-08	12576428
187272	4	3.18055333358566e-07	12576428
187303	1	7.95138333396414e-08	12576428
187410	2	1.59027666679283e-07	12576428
189423	3	2.38541500018924e-07	12576428
190485	29	2.3059011668496e-06	12576428
190486	3	2.38541500018924e-07	12576428
190650	8	6.36110666717131e-07	12576428
193567	1	7.95138333396414e-08	12576428
194439	1	7.95138333396414e-08	12576428
196162	2	1.59027666679283e-07	12576428
196164	1	7.95138333396414e-08	12576428
198214	344	2.73527586688367e-05	12576428
198215	1393	0.000110762769842121	12576428
198628	4	3.18055333358566e-07	12576428
199310	2833	0.000225262689851204	12576428
203120	1	7.95138333396414e-08	12576428
203275	1	7.95138333396414e-08	12576428
204773	10	7.95138333396414e-07	12576428
205913	3	2.38541500018924e-07	12576428
205914	40	3.18055333358566e-06	12576428
205918	17	1.3517351667739e-06	12576428
205922	50	3.97569166698207e-06	12576428
207559	4	3.18055333358566e-07	12576428
208596	1	7.95138333396414e-08	12576428
208963	22	1.74930433347211e-06	12576428
208964	15	1.19270750009462e-06	12576428
209261	178	1.41534623344562e-05	12576428
211586	1	7.95138333396414e-08	12576428
214092	84	6.67916200052988e-06	12576428
214684	1	7.95138333396414e-08	12576428
215689	1	7.95138333396414e-08	12576428
216591	10	7.95138333396414e-07	12576428
216592	602	4.78673276704641e-05	12576428
216595	330	2.62395650020817e-05	12576428
216596	3	2.38541500018924e-07	12576428
216597	1	7.95138333396414e-08	12576428
216599	924	7.34707820058287e-05	12576428
218491	5	3.97569166698207e-07	12576428
218493	5	3.97569166698207e-07	12576428
220341	553	4.39711498368217e-05	12576428
220664	25	1.98784583349104e-06	12576428
221109	2	1.59027666679283e-07	12576428
223283	23	1.82881816681175e-06	12576428
223926	1	7.95138333396414e-08	12576428
224308	4	3.18055333358566e-07	12576428
224911	11	8.74652166736056e-07	12576428
224914	2	1.59027666679283e-07	12576428
226185	7	5.5659683337749e-07	12576428
226186	15	1.19270750009462e-06	12576428
227940	89	7.07673116722809e-06	12576428
228405	1	7.95138333396414e-08	12576428
228410	3	2.38541500018924e-07	12576428
229533	1	7.95138333396414e-08	12576428
231023	21	1.66979050013247e-06	12576428
232721	211	1.67774188346643e-05	12576428
234267	2	1.59027666679283e-07	12576428
234621	53	4.214233167001e-06	12576428
235909	1	7.95138333396414e-08	12576428
240015	1	7.95138333396414e-08	12576428
243159	1	7.95138333396414e-08	12576428
243230	1	7.95138333396414e-08	12576428
243233	1	7.95138333396414e-08	12576428
243243	1	7.95138333396414e-08	12576428
243265	6	4.77083000037849e-07	12576428
243275	1	7.95138333396414e-08	12576428
243365	8	6.36110666717131e-07	12576428
245014	4	3.18055333358566e-07	12576428
245018	5	3.97569166698207e-07	12576428
246196	2	1.59027666679283e-07	12576428
246197	7	5.5659683337749e-07	12576428
246200	3	2.38541500018924e-07	12576428
247156	2	1.59027666679283e-07	12576428
251221	1	7.95138333396414e-08	12576428
251229	1	7.95138333396414e-08	12576428
257310	8	6.36110666717131e-07	12576428
257311	1	7.95138333396414e-08	12576428
257313	3	2.38541500018924e-07	12576428
258594	5	3.97569166698207e-07	12576428
261292	2	1.59027666679283e-07	12576428
262724	2	1.59027666679283e-07	12576428
262728	1	7.95138333396414e-08	12576428
263358	1	7.95138333396414e-08	12576428
264198	6	4.77083000037849e-07	12576428
264462	4	3.18055333358566e-07	12576428
264730	12	9.54166000075697e-07	12576428
265072	8	6.36110666717131e-07	12576428
266117	1	7.95138333396414e-08	12576428
266264	35	2.78298416688745e-06	12576428
266265	5	3.97569166698207e-07	12576428
266779	16	1.27222133343426e-06	12576428
266834	2	1.59027666679283e-07	12576428
266835	3	2.38541500018924e-07	12576428
266940	2	1.59027666679283e-07	12576428
267608	14	1.11319366675498e-06	12576428
267747	27	2.14687350017032e-06	12576428
269482	7	5.5659683337749e-07	12576428
269798	1	7.95138333396414e-08	12576428
269799	2	1.59027666679283e-07	12576428
269800	1	7.95138333396414e-08	12576428
271848	3	2.38541500018924e-07	12576428
272568	4	3.18055333358566e-07	12576428
272620	282	2.24229010017789e-05	12576428
272622	5	3.97569166698207e-07	12576428
272623	5	3.97569166698207e-07	12576428
272630	8	6.36110666717131e-07	12576428
272631	1	7.95138333396414e-08	12576428
272831	1	7.95138333396414e-08	12576428
272942	1	7.95138333396414e-08	12576428
272943	1	7.95138333396414e-08	12576428
278137	2	1.59027666679283e-07	12576428
279238	1	7.95138333396414e-08	12576428
279808	4	3.18055333358566e-07	12576428
280463	6	4.77083000037849e-07	12576428
280699	2	1.59027666679283e-07	12576428
281310	1	7.95138333396414e-08	12576428
284591	1	7.95138333396414e-08	12576428
284592	2	1.59027666679283e-07	12576428
284593	3	2.38541500018924e-07	12576428
284812	20	1.59027666679283e-06	12576428
288000	7	5.5659683337749e-07	12576428
289380	1	7.95138333396414e-08	12576428
290317	1	7.95138333396414e-08	12576428
290318	1	7.95138333396414e-08	12576428
290338	721	5.73294738378815e-05	12576428
290339	88	6.99721733388845e-06	12576428
290340	22	1.74930433347211e-06	12576428
290398	1	7.95138333396414e-08	12576428
290399	7	5.5659683337749e-07	12576428
292414	1	7.95138333396414e-08	12576428
292415	3	2.38541500018924e-07	12576428
292564	1	7.95138333396414e-08	12576428
295405	3	2.38541500018924e-07	12576428
296543	20	1.59027666679283e-06	12576428
296591	24	1.90833200015139e-06	12576428
298653	2	1.59027666679283e-07	12576428
300267	1599	0.000127142619510087	12576428
300268	458	3.64173356695558e-05	12576428
300269	210	1.66979050013247e-05	12576428
300852	1	7.95138333396414e-08	12576428
306537	2	1.59027666679283e-07	12576428
311402	1	7.95138333396414e-08	12576428
312153	1	7.95138333396414e-08	12576428
313596	1	7.95138333396414e-08	12576428
313603	1	7.95138333396414e-08	12576428
314260	1	7.95138333396414e-08	12576428
314565	26	2.06735966683068e-06	12576428
315749	1	7.95138333396414e-08	12576428
315750	4	3.18055333358566e-07	12576428
316055	8	6.36110666717131e-07	12576428
316056	4	3.18055333358566e-07	12576428
316057	1	7.95138333396414e-08	12576428
316058	4	3.18055333358566e-07	12576428
316273	3	2.38541500018924e-07	12576428
316385	1097	8.72266751735866e-05	12576428
316401	181	1.43920038344751e-05	12576428
316407	207	1.64593635013058e-05	12576428
317655	6	4.77083000037849e-07	12576428
318167	1	7.95138333396414e-08	12576428
318586	4	3.18055333358566e-07	12576428
319224	5	3.97569166698207e-07	12576428
319795	5	3.97569166698207e-07	12576428
320373	1	7.95138333396414e-08	12576428
320388	2	1.59027666679283e-07	12576428
321314	21	1.66979050013247e-06	12576428
322104	1	7.95138333396414e-08	12576428
322159	7	5.5659683337749e-07	12576428
322710	2	1.59027666679283e-07	12576428
323097	2	1.59027666679283e-07	12576428
323098	3	2.38541500018924e-07	12576428
323850	1	7.95138333396414e-08	12576428
325240	1	7.95138333396414e-08	12576428
326297	8	6.36110666717131e-07	12576428
326423	3	2.38541500018924e-07	12576428
326424	2	1.59027666679283e-07	12576428
326425	1	7.95138333396414e-08	12576428
326426	1	7.95138333396414e-08	12576428
326442	1	7.95138333396414e-08	12576428
330214	1	7.95138333396414e-08	12576428
331111	5201	0.000413551447199475	12576428
331112	1865	0.000148293299178431	12576428
331271	22	1.74930433347211e-06	12576428
331272	16	1.27222133343426e-06	12576428
333849	3	2.38541500018924e-07	12576428
334413	9	7.15624500056773e-07	12576428
335283	1	7.95138333396414e-08	12576428
335659	12	9.54166000075697e-07	12576428
337191	2	1.59027666679283e-07	12576428
338187	3	2.38541500018924e-07	12576428
338323	2	1.59027666679283e-07	12576428
338969	14	1.11319366675498e-06	12576428
339670	37	2.94201183356673e-06	12576428
340100	30	2.38541500018924e-06	12576428
340177	1	7.95138333396414e-08	12576428
340322	3	2.38541500018924e-07	12576428
342451	1	7.95138333396414e-08	12576428
342610	4	3.18055333358566e-07	12576428
343509	4	3.18055333358566e-07	12576428
344609	6858	0.000545305869043261	12576428
347253	3	2.38541500018924e-07	12576428
347515	1	7.95138333396414e-08	12576428
348058	1	7.95138333396414e-08	12576428
349101	1	7.95138333396414e-08	12576428
349102	3	2.38541500018924e-07	12576428
349163	2	1.59027666679283e-07	12576428
349215	1	7.95138333396414e-08	12576428
349519	3	2.38541500018924e-07	12576428
349741	1	7.95138333396414e-08	12576428
349746	44	3.49860866694422e-06	12576428
350054	2	1.59027666679283e-07	12576428
350058	2	1.59027666679283e-07	12576428
351348	3	2.38541500018924e-07	12576428
351745	5	3.97569166698207e-07	12576428
351746	23	1.82881816681175e-06	12576428
352472	3	2.38541500018924e-07	12576428
353151	1	7.95138333396414e-08	12576428
353152	1	7.95138333396414e-08	12576428
353153	1	7.95138333396414e-08	12576428
355278	1	7.95138333396414e-08	12576428
357348	3	2.38541500018924e-07	12576428
357808	2	1.59027666679283e-07	12576428
357809	5	3.97569166698207e-07	12576428
358220	287	2.28204701684771e-05	12576428
359786	2	1.59027666679283e-07	12576428
360102	872	6.93360626721673e-05	12576428
360107	1	7.95138333396414e-08	12576428
360910	1	7.95138333396414e-08	12576428
360911	5	3.97569166698207e-07	12576428
362663	43313	0.00344398266343989	12576428
364106	1022	8.12631376731135e-05	12576428
365044	63	5.00937150039741e-06	12576428
365046	50	3.97569166698207e-06	12576428
365659	8	6.36110666717131e-07	12576428
366602	9	7.15624500056773e-07	12576428
367775	1	7.95138333396414e-08	12576428
367928	5	3.97569166698207e-07	12576428
369723	1	7.95138333396414e-08	12576428
370354	53	4.214233167001e-06	12576428
370355	2	1.59027666679283e-07	12576428
370554	1	7.95138333396414e-08	12576428
372461	1	7.95138333396414e-08	12576428
373153	5	3.97569166698207e-07	12576428
373384	21523	0.0017113762349691	12576428
374833	2	1.59027666679283e-07	12576428
374930	4	3.18055333358566e-07	12576428
374931	1	7.95138333396414e-08	12576428
375286	18	1.43124900011355e-06	12576428
376686	21	1.66979050013247e-06	12576428
376758	3	2.38541500018924e-07	12576428
377628	81	6.44062050051096e-06	12576428
378753	11	8.74652166736056e-07	12576428
378806	3	2.38541500018924e-07	12576428
379066	1	7.95138333396414e-08	12576428
379329	9	7.15624500056773e-07	12576428
379731	35	2.78298416688745e-06	12576428
380358	7	5.5659683337749e-07	12576428
380394	1	7.95138333396414e-08	12576428
380703	18	1.43124900011355e-06	12576428
381666	13	1.03367983341534e-06	12576428
381754	48	3.81666400030279e-06	12576428
382245	235	1.86857508348157e-05	12576428
382640	1	7.95138333396414e-08	12576428
383372	1	7.95138333396414e-08	12576428
384676	47	3.73715016696315e-06	12576428
385025	1	7.95138333396414e-08	12576428
386043	2	1.59027666679283e-07	12576428
386415	3	2.38541500018924e-07	12576428
386585	2230	0.0001773158483474	12576428
386656	53	4.214233167001e-06	12576428
387344	1	7.95138333396414e-08	12576428
388919	1	7.95138333396414e-08	12576428
390235	13	1.03367983341534e-06	12576428
390333	11	8.74652166736056e-07	12576428
391008	50	3.97569166698207e-06	12576428
391037	1	7.95138333396414e-08	12576428
391165	10	7.95138333396414e-07	12576428
391595	1	7.95138333396414e-08	12576428
391626	1	7.95138333396414e-08	12576428
391735	57	4.53228850035956e-06	12576428
391774	1	7.95138333396414e-08	12576428
392499	22	1.74930433347211e-06	12576428
393011	6	4.77083000037849e-07	12576428
393115	1	7.95138333396414e-08	12576428
393305	32	2.54444266686853e-06	12576428
394221	1	7.95138333396414e-08	12576428
395019	40	3.18055333358566e-06	12576428
395492	1	7.95138333396414e-08	12576428
395494	1	7.95138333396414e-08	12576428
395495	36	2.86249800022709e-06	12576428
395960	9	7.15624500056773e-07	12576428
395963	1	7.95138333396414e-08	12576428
395965	1	7.95138333396414e-08	12576428
396513	3	2.38541500018924e-07	12576428
396588	20	1.59027666679283e-06	12576428
397945	75	5.96353750047311e-06	12576428
398527	6	4.77083000037849e-07	12576428
398577	3	2.38541500018924e-07	12576428
398578	117	9.30311850073805e-06	12576428
398580	1	7.95138333396414e-08	12576428
399739	22	1.74930433347211e-06	12576428
399741	2	1.59027666679283e-07	12576428
399742	43	3.41909483360458e-06	12576428
400667	11	8.74652166736056e-07	12576428
400756	6	4.77083000037849e-07	12576428
401614	1	7.95138333396414e-08	12576428
402612	10	7.95138333396414e-07	12576428
402626	7	5.5659683337749e-07	12576428
402881	6	4.77083000037849e-07	12576428
402882	1	7.95138333396414e-08	12576428
403677	12	9.54166000075697e-07	12576428
404380	1	7.95138333396414e-08	12576428
404589	1	7.95138333396414e-08	12576428
405416	15	1.19270750009462e-06	12576428
405566	1	7.95138333396414e-08	12576428
405948	3	2.38541500018924e-07	12576428
405955	34850	0.0027710570918865	12576428
406425	3	2.38541500018924e-07	12576428
406817	2	1.59027666679283e-07	12576428
409438	531	4.22218455033496e-05	12576428
411154	3	2.38541500018924e-07	12576428
412022	2	1.59027666679283e-07	12576428
412694	6	4.77083000037849e-07	12576428
413997	289	2.29794978351564e-05	12576428
414684	1	7.95138333396414e-08	12576428
414970	5	3.97569166698207e-07	12576428
416269	2	1.59027666679283e-07	12576428
416344	2	1.59027666679283e-07	12576428
416870	3	2.38541500018924e-07	12576428
419610	17	1.3517351667739e-06	12576428
420247	3	2.38541500018924e-07	12576428
420662	38	3.02152566690637e-06	12576428
423368	238	1.89242923348347e-05	12576428
423536	2	1.59027666679283e-07	12576428
424182	1	7.95138333396414e-08	12576428
425011	13	1.03367983341534e-06	12576428
425104	1	7.95138333396414e-08	12576428
426114	5	3.97569166698207e-07	12576428
426117	15	1.19270750009462e-06	12576428
426355	30	2.38541500018924e-06	12576428
426430	1	7.95138333396414e-08	12576428
428406	18	1.43124900011355e-06	12576428
431895	1	7.95138333396414e-08	12576428
431946	15815	0.00125751127426643	12576428
434922	1	7.95138333396414e-08	12576428
435258	1	7.95138333396414e-08	12576428
435590	48	3.81666400030279e-06	12576428
435591	15	1.19270750009462e-06	12576428
435998	4	3.18055333358566e-07	12576428
436308	1	7.95138333396414e-08	12576428
436717	7	5.5659683337749e-07	12576428
438753	4	3.18055333358566e-07	12576428
439375	4	3.18055333358566e-07	12576428
439843	145	1.1529505834248e-05	12576428
439851	4	3.18055333358566e-07	12576428
439855	11287	0.000897472636904533	12576428
440085	17	1.3517351667739e-06	12576428
441375	3	2.38541500018924e-07	12576428
441620	9	7.15624500056773e-07	12576428
441768	1	7.95138333396414e-08	12576428
443143	1	7.95138333396414e-08	12576428
443144	1	7.95138333396414e-08	12576428
444178	2	1.59027666679283e-07	12576428
444450	428	3.40319206693665e-05	12576428
446462	2	1.59027666679283e-07	12576428
446465	11	8.74652166736056e-07	12576428
446466	5	3.97569166698207e-07	12576428
446468	3	2.38541500018924e-07	12576428
446469	1	7.95138333396414e-08	12576428
446471	9	7.15624500056773e-07	12576428
447217	1	7.95138333396414e-08	12576428
448385	3	2.38541500018924e-07	12576428
450851	6	4.77083000037849e-07	12576428
451516	1	7.95138333396414e-08	12576428
452637	2	1.59027666679283e-07	12576428
452638	2	1.59027666679283e-07	12576428
452662	8	6.36110666717131e-07	12576428
452863	8	6.36110666717131e-07	12576428
454166	1	7.95138333396414e-08	12576428
454169	224	1.78110986680797e-05	12576428
455488	1	7.95138333396414e-08	12576428
455632	1	7.95138333396414e-08	12576428
456481	1	7.95138333396414e-08	12576428
460265	10	7.95138333396414e-07	12576428
464988	1	7.95138333396414e-08	12576428
465515	44	3.49860866694422e-06	12576428
465817	3	2.38541500018924e-07	12576428
467705	1	7.95138333396414e-08	12576428
469008	21	1.66979050013247e-06	12576428
469382	1	7.95138333396414e-08	12576428
471223	1	7.95138333396414e-08	12576428
471854	1	7.95138333396414e-08	12576428
471857	1	7.95138333396414e-08	12576428
474186	1	7.95138333396414e-08	12576428
476213	1	7.95138333396414e-08	12576428
477641	2	1.59027666679283e-07	12576428
478801	7	5.5659683337749e-07	12576428
479431	1	7.95138333396414e-08	12576428
479432	1	7.95138333396414e-08	12576428
479433	1	7.95138333396414e-08	12576428
479436	2	1.59027666679283e-07	12576428
480043	1	7.95138333396414e-08	12576428
480119	27	2.14687350017032e-06	12576428
481805	35405	0.00281518726939	12576428
481877	9	7.15624500056773e-07	12576428
482957	6	4.77083000037849e-07	12576428
483179	2	1.59027666679283e-07	12576428
483219	4	3.18055333358566e-07	12576428
484021	9	7.15624500056773e-07	12576428
484906	2	1.59027666679283e-07	12576428
485914	1	7.95138333396414e-08	12576428
485918	4	3.18055333358566e-07	12576428
486410	1	7.95138333396414e-08	12576428
487214	4	3.18055333358566e-07	12576428
488221	1	7.95138333396414e-08	12576428
488223	1	7.95138333396414e-08	12576428
489653	4	3.18055333358566e-07	12576428
491915	2	1.59027666679283e-07	12576428
497978	7	5.5659683337749e-07	12576428
498211	12	9.54166000075697e-07	12576428
498217	24	1.90833200015139e-06	12576428
498761	1	7.95138333396414e-08	12576428
502801	1	7.95138333396414e-08	12576428
504474	11	8.74652166736056e-07	12576428
504728	1	7.95138333396414e-08	12576428
504832	6	4.77083000037849e-07	12576428
507522	64	5.08888533373705e-06	12576428
509169	29	2.3059011668496e-06	12576428
509170	8	6.36110666717131e-07	12576428
509173	109	8.66700783402092e-06	12576428
509190	9	7.15624500056773e-07	12576428
510516	2	1.59027666679283e-07	12576428
511051	1	7.95138333396414e-08	12576428
512565	1	7.95138333396414e-08	12576428
512566	3	2.38541500018924e-07	12576428
515619	20	1.59027666679283e-06	12576428
515620	5	3.97569166698207e-07	12576428
516950	2	1.59027666679283e-07	12576428
521006	2	1.59027666679283e-07	12576428
521097	1	7.95138333396414e-08	12576428
521674	2	1.59027666679283e-07	12576428
522306	10	7.95138333396414e-07	12576428
522373	105	8.34895250066235e-06	12576428
523794	1	7.95138333396414e-08	12576428
523796	2	1.59027666679283e-07	12576428
525284	2	1.59027666679283e-07	12576428
525897	1	7.95138333396414e-08	12576428
525919	2	1.59027666679283e-07	12576428
526224	1	7.95138333396414e-08	12576428
526225	3	2.38541500018924e-07	12576428
526227	2	1.59027666679283e-07	12576428
529507	4	3.18055333358566e-07	12576428
530564	1	7.95138333396414e-08	12576428
531844	10	7.95138333396414e-07	12576428
535289	159	1.2642699501003e-05	12576428
536019	1	7.95138333396414e-08	12576428
536056	3241	0.000257704333853778	12576428
543728	74	5.88402366713347e-06	12576428
543891	44	3.49860866694422e-06	12576428
543913	9	7.15624500056773e-07	12576428
544404	110	8.74652166736056e-06	12576428
544556	1	7.95138333396414e-08	12576428
545693	3	2.38541500018924e-07	12576428
548476	5	3.97569166698207e-07	12576428
550538	21	1.66979050013247e-06	12576428
550540	3	2.38541500018924e-07	12576428
551115	1	7.95138333396414e-08	12576428
553174	1	7.95138333396414e-08	12576428
553190	1	7.95138333396414e-08	12576428
553199	936	7.44249480059044e-05	12576428
554290	3	2.38541500018924e-07	12576428
555778	2	1.59027666679283e-07	12576428
556484	5	3.97569166698207e-07	12576428
557598	4	3.18055333358566e-07	12576428
557600	2	1.59027666679283e-07	12576428
557722	15	1.19270750009462e-06	12576428
559292	20	1.59027666679283e-06	12576428
559295	1	7.95138333396414e-08	12576428
559307	4	3.18055333358566e-07	12576428
561229	2	1.59027666679283e-07	12576428
561230	6	4.77083000037849e-07	12576428
561231	7	5.5659683337749e-07	12576428
561304	1	7.95138333396414e-08	12576428
563769	8	6.36110666717131e-07	12576428
564886	5	3.97569166698207e-07	12576428
565034	1	7.95138333396414e-08	12576428
565040	2	1.59027666679283e-07	12576428
565042	2	1.59027666679283e-07	12576428
565050	5	3.97569166698207e-07	12576428
565655	1	7.95138333396414e-08	12576428
566546	181	1.43920038344751e-05	12576428
568706	2	1.59027666679283e-07	12576428
568707	1	7.95138333396414e-08	12576428
570417	1	7.95138333396414e-08	12576428
572265	4	3.18055333358566e-07	12576428
572477	2	1.59027666679283e-07	12576428
572480	1	7.95138333396414e-08	12576428
573065	1	7.95138333396414e-08	12576428
573235	828	6.58374540052231e-05	12576428
573729	4	3.18055333358566e-07	12576428
574093	3	2.38541500018924e-07	12576428
574521	6421	0.000510558323873838	12576428
575540	3	2.38541500018924e-07	12576428
578455	9	7.15624500056773e-07	12576428
579405	1	7.95138333396414e-08	12576428
580332	1	7.95138333396414e-08	12576428
582744	2	1.59027666679283e-07	12576428
582899	1	7.95138333396414e-08	12576428
583345	5	3.97569166698207e-07	12576428
583355	2	1.59027666679283e-07	12576428
585034	147	1.16885335009273e-05	12576428
585035	3080	0.000244902606686096	12576428
585054	3649	0.000290145977856352	12576428
585055	952	7.56971693393386e-05	12576428
585056	4950	0.000393593475031225	12576428
585057	9755	0.000775657444228202	12576428
585394	10	7.95138333396414e-07	12576428
585395	1067	8.48412601733974e-05	12576428
585396	550	4.37326083368028e-05	12576428
585397	2394	0.000190356117015102	12576428
590409	1	7.95138333396414e-08	12576428
590998	1	7.95138333396414e-08	12576428
591020	40	3.18055333358566e-06	12576428
591946	2525	0.000200772429182595	12576428
592316	4	3.18055333358566e-07	12576428
593588	1	7.95138333396414e-08	12576428
593750	1	7.95138333396414e-08	12576428
593907	4	3.18055333358566e-07	12576428
595494	10	7.95138333396414e-07	12576428
595495	7892	0.00062752317271645	12576428
595496	63	5.00937150039741e-06	12576428
595528	5	3.97569166698207e-07	12576428
595537	84	6.67916200052988e-06	12576428
596153	72	5.72499600045418e-06	12576428
596154	70	5.5659683337749e-06	12576428
604162	3	2.38541500018924e-07	12576428
626418	1	7.95138333396414e-08	12576428
627192	6	4.77083000037849e-07	12576428
630588	2	1.59027666679283e-07	12576428
630626	12	9.54166000075697e-07	12576428
632772	2	1.59027666679283e-07	12576428
633149	6	4.77083000037849e-07	12576428
634176	1	7.95138333396414e-08	12576428
634499	4	3.18055333358566e-07	12576428
634500	15	1.19270750009462e-06	12576428
634503	1	7.95138333396414e-08	12576428
637379	4	3.18055333358566e-07	12576428
637910	148	1.17680473342669e-05	12576428
639283	3	2.38541500018924e-07	12576428
640081	17	1.3517351667739e-06	12576428
640131	13	1.03367983341534e-06	12576428
640132	1	7.95138333396414e-08	12576428
640510	2	1.59027666679283e-07	12576428
640511	6	4.77083000037849e-07	12576428
640512	3	2.38541500018924e-07	12576428
640513	71	5.64548216711454e-06	12576428
643561	52	4.13471933366135e-06	12576428
644042	1	7.95138333396414e-08	12576428
644282	1	7.95138333396414e-08	12576428
644283	2	1.59027666679283e-07	12576428
644801	8	6.36110666717131e-07	12576428
645127	4	3.18055333358566e-07	12576428
648999	2	1.59027666679283e-07	12576428
652103	3	2.38541500018924e-07	12576428
653045	2	1.59027666679283e-07	12576428
655815	2	1.59027666679283e-07	12576428
655817	564	4.48458020035578e-05	12576428
657309	7	5.5659683337749e-07	12576428
657310	2	1.59027666679283e-07	12576428
657313	10	7.95138333396414e-07	12576428
657314	7	5.5659683337749e-07	12576428
657315	3	2.38541500018924e-07	12576428
657316	7	5.5659683337749e-07	12576428
657317	15	1.19270750009462e-06	12576428
657318	17	1.3517351667739e-06	12576428
657319	5	3.97569166698207e-07	12576428
657321	12	9.54166000075697e-07	12576428
657322	9	7.15624500056773e-07	12576428
657323	16	1.27222133343426e-06	12576428
661410	7	5.5659683337749e-07	12576428
662755	6	4.77083000037849e-07	12576428
663278	1	7.95138333396414e-08	12576428
665029	1	7.95138333396414e-08	12576428
666681	2	1.59027666679283e-07	12576428
666685	7	5.5659683337749e-07	12576428
667015	2	1.59027666679283e-07	12576428
670307	1	7.95138333396414e-08	12576428
675635	1	7.95138333396414e-08	12576428
679935	2	1.59027666679283e-07	12576428
680646	8	6.36110666717131e-07	12576428
681288	1	7.95138333396414e-08	12576428
682634	1	7.95138333396414e-08	12576428
682795	2	1.59027666679283e-07	12576428
684738	3	2.38541500018924e-07	12576428
685038	147	1.16885335009273e-05	12576428
685727	1	7.95138333396414e-08	12576428
688245	26	2.06735966683068e-06	12576428
688270	1	7.95138333396414e-08	12576428
690566	5	3.97569166698207e-07	12576428
690850	1	7.95138333396414e-08	12576428
691437	1	7.95138333396414e-08	12576428
693216	1	7.95138333396414e-08	12576428
693444	161	1.28017271676823e-05	12576428
693970	1	7.95138333396414e-08	12576428
693978	12	9.54166000075697e-07	12576428
693979	3	2.38541500018924e-07	12576428
693982	1	7.95138333396414e-08	12576428
694427	2	1.59027666679283e-07	12576428
696406	208	1.65388773346454e-05	12576428
696747	1	7.95138333396414e-08	12576428
696749	1	7.95138333396414e-08	12576428
697283	1	7.95138333396414e-08	12576428
697329	4	3.18055333358566e-07	12576428
698737	1	7.95138333396414e-08	12576428
698761	2	1.59027666679283e-07	12576428
698936	1	7.95138333396414e-08	12576428
698962	4	3.18055333358566e-07	12576428
698964	1	7.95138333396414e-08	12576428
698973	7	5.5659683337749e-07	12576428
700015	1	7.95138333396414e-08	12576428
700598	8	6.36110666717131e-07	12576428
701177	77	6.12256516715239e-06	12576428
701347	28	2.22638733350996e-06	12576428
702113	1	7.95138333396414e-08	12576428
702459	1	7.95138333396414e-08	12576428
706191	2	1.59027666679283e-07	12576428
710421	1	7.95138333396414e-08	12576428
710685	1	7.95138333396414e-08	12576428
710696	1	7.95138333396414e-08	12576428
712898	3	2.38541500018924e-07	12576428
714962	167	1.32788101677201e-05	12576428
716541	33	2.62395650020817e-06	12576428
717231	2	1.59027666679283e-07	12576428
717605	2	1.59027666679283e-07	12576428
717608	1	7.95138333396414e-08	12576428
717785	2	1.59027666679283e-07	12576428
717959	2	1.59027666679283e-07	12576428
717960	3	2.38541500018924e-07	12576428
717961	2	1.59027666679283e-07	12576428
717962	9	7.15624500056773e-07	12576428
718251	1	7.95138333396414e-08	12576428
718252	9	7.15624500056773e-07	12576428
718254	6	4.77083000037849e-07	12576428
718255	2	1.59027666679283e-07	12576428
718274	281	2.23433871684392e-05	12576428
722911	1	7.95138333396414e-08	12576428
741091	5	3.97569166698207e-07	12576428
741093	2	1.59027666679283e-07	12576428
742013	97	7.71284183394522e-06	12576428
743299	1	7.95138333396414e-08	12576428
743525	10	7.95138333396414e-07	12576428
743718	1	7.95138333396414e-08	12576428
743720	3	2.38541500018924e-07	12576428
743721	11	8.74652166736056e-07	12576428
745277	1	7.95138333396414e-08	12576428
745310	14	1.11319366675498e-06	12576428
746361	2	1.59027666679283e-07	12576428
746697	1	7.95138333396414e-08	12576428
748247	3	2.38541500018924e-07	12576428
748280	4	3.18055333358566e-07	12576428
748671	1	7.95138333396414e-08	12576428
749927	1	7.95138333396414e-08	12576428
751585	3	2.38541500018924e-07	12576428
754035	2	1.59027666679283e-07	12576428
754252	1	7.95138333396414e-08	12576428
754477	3	2.38541500018924e-07	12576428
755732	1	7.95138333396414e-08	12576428
757424	15	1.19270750009462e-06	12576428
758793	1	7.95138333396414e-08	12576428
759350	2	1.59027666679283e-07	12576428
759362	1	7.95138333396414e-08	12576428
759914	1	7.95138333396414e-08	12576428
760570	5	3.97569166698207e-07	12576428
762051	1	7.95138333396414e-08	12576428
762376	10	7.95138333396414e-07	12576428
762633	2	1.59027666679283e-07	12576428
762903	2	1.59027666679283e-07	12576428
762948	3	2.38541500018924e-07	12576428
765698	2	1.59027666679283e-07	12576428
765952	3	2.38541500018924e-07	12576428
767029	2	1.59027666679283e-07	12576428
767462	1	7.95138333396414e-08	12576428
767463	7	5.5659683337749e-07	12576428
768066	1	7.95138333396414e-08	12576428
768486	1	7.95138333396414e-08	12576428
798128	3	2.38541500018924e-07	12576428
856793	1	7.95138333396414e-08	12576428
858619	2	1.59027666679283e-07	12576428
859655	8	6.36110666717131e-07	12576428
859656	10	7.95138333396414e-07	12576428
859657	13	1.03367983341534e-06	12576428
861360	3	2.38541500018924e-07	12576428
862719	1	7.95138333396414e-08	12576428
862962	3	2.38541500018924e-07	12576428
862966	1	7.95138333396414e-08	12576428
866768	15961	0.00126912029393402	12576428
868597	34	2.70347033354781e-06	12576428
869209	2	1.59027666679283e-07	12576428
869212	1	7.95138333396414e-08	12576428
869309	4	3.18055333358566e-07	12576428
869729	24416	0.00194140975482069	12576428
871585	2	1.59027666679283e-07	12576428
875328	1	7.95138333396414e-08	12576428
877468	38	3.02152566690637e-06	12576428
880070	1	7.95138333396414e-08	12576428
880591	1	7.95138333396414e-08	12576428
880633	1	7.95138333396414e-08	12576428
880758	5	3.97569166698207e-07	12576428
882102	1	7.95138333396414e-08	12576428
882378	1	7.95138333396414e-08	12576428
882884	270	2.14687350017032e-05	12576428
882944	1	7.95138333396414e-08	12576428
883062	1	7.95138333396414e-08	12576428
884204	1	7.95138333396414e-08	12576428
885275	300	2.38541500018924e-05	12576428
885276	979	7.7844042839509e-05	12576428
886293	1	7.95138333396414e-08	12576428
886377	1	7.95138333396414e-08	12576428
887061	1	7.95138333396414e-08	12576428
889738	4	3.18055333358566e-07	12576428
889932	1	7.95138333396414e-08	12576428
890402	2	1.59027666679283e-07	12576428
903814	1	7.95138333396414e-08	12576428
905079	3	2.38541500018924e-07	12576428
909420	2	1.59027666679283e-07	12576428
909946	5	3.97569166698207e-07	12576428
909952	76	6.04305133381275e-06	12576428
910348	347	2.75913001688556e-05	12576428
926570	3	2.38541500018924e-07	12576428
927666	6	4.77083000037849e-07	12576428
929556	2	1.59027666679283e-07	12576428
929562	1	7.95138333396414e-08	12576428
930169	1	7.95138333396414e-08	12576428
930171	2	1.59027666679283e-07	12576428
930944	1	7.95138333396414e-08	12576428
931281	6	4.77083000037849e-07	12576428
932677	3	2.38541500018924e-07	12576428
935296	141	1.12114505008894e-05	12576428
935589	1	7.95138333396414e-08	12576428
935591	4	3.18055333358566e-07	12576428
935593	1	7.95138333396414e-08	12576428
935599	1	7.95138333396414e-08	12576428
936153	8	6.36110666717131e-07	12576428
936157	1	7.95138333396414e-08	12576428
937777	1	7.95138333396414e-08	12576428
940296	2	1.59027666679283e-07	12576428
941193	2	1.59027666679283e-07	12576428
942513	2	1.59027666679283e-07	12576428
944546	1	7.95138333396414e-08	12576428
944547	1	7.95138333396414e-08	12576428
945556	1	7.95138333396414e-08	12576428
946362	1	7.95138333396414e-08	12576428
946483	9	7.15624500056773e-07	12576428
953739	2	1.59027666679283e-07	12576428
956149	3	2.38541500018924e-07	12576428
977880	10	7.95138333396414e-07	12576428
979556	5	3.97569166698207e-07	12576428
980514	1	7.95138333396414e-08	12576428
981222	1	7.95138333396414e-08	12576428
981368	4	3.18055333358566e-07	12576428
983544	2	1.59027666679283e-07	12576428
983548	1	7.95138333396414e-08	12576428
983917	37	2.94201183356673e-06	12576428
985002	1	7.95138333396414e-08	12576428
990315	16	1.27222133343426e-06	12576428
990316	1	7.95138333396414e-08	12576428
992406	2	1.59027666679283e-07	12576428
994476	1	7.95138333396414e-08	12576428
994484	56	4.45277466701992e-06	12576428
996285	22	1.74930433347211e-06	12576428
998088	3	2.38541500018924e-07	12576428
999541	7	5.5659683337749e-07	12576428
999552	2	1.59027666679283e-07	12576428
1001583	1	7.95138333396414e-08	12576428
1001585	5	3.97569166698207e-07	12576428
1003195	2	1.59027666679283e-07	12576428
1005048	32	2.54444266686853e-06	12576428
1006551	11	8.74652166736056e-07	12576428
1007064	1	7.95138333396414e-08	12576428
1007105	1	7.95138333396414e-08	12576428
1008297	2	1.59027666679283e-07	12576428
1008459	1	7.95138333396414e-08	12576428
1009464	2	1.59027666679283e-07	12576428
1009846	5	3.97569166698207e-07	12576428
1016998	57	4.53228850035956e-06	12576428
1017264	1	7.95138333396414e-08	12576428
1028307	7	5.5659683337749e-07	12576428
1029756	2	1.59027666679283e-07	12576428
1031709	62	4.92985766705777e-06	12576428
1031710	1	7.95138333396414e-08	12576428
1031711	6	4.77083000037849e-07	12576428
1032480	1	7.95138333396414e-08	12576428
1033813	20804	0.0016542057887979	12576428
1034807	7	5.5659683337749e-07	12576428
1034809	2	1.59027666679283e-07	12576428
1035377	1	7.95138333396414e-08	12576428
1035817	1	7.95138333396414e-08	12576428
1036172	1	7.95138333396414e-08	12576428
1037409	8	6.36110666717131e-07	12576428
1037911	199	1.58232528345886e-05	12576428
1041826	6	4.77083000037849e-07	12576428
1042876	12	9.54166000075697e-07	12576428
1042878	5	3.97569166698207e-07	12576428
1045855	8	6.36110666717131e-07	12576428
1045856	8	6.36110666717131e-07	12576428
1046629	6	4.77083000037849e-07	12576428
1048332	4	3.18055333358566e-07	12576428
1048689	47	3.73715016696315e-06	12576428
1049565	17	1.3517351667739e-06	12576428
1054460	4	3.18055333358566e-07	12576428
1064539	4	3.18055333358566e-07	12576428
1064592	1	7.95138333396414e-08	12576428
1069533	1	7.95138333396414e-08	12576428
1069534	1	7.95138333396414e-08	12576428
1069642	1	7.95138333396414e-08	12576428
1071381	1	7.95138333396414e-08	12576428
1071382	1	7.95138333396414e-08	12576428
1072459	1826	0.000145192259678185	12576428
1075089	11	8.74652166736056e-07	12576428
1081093	1	7.95138333396414e-08	12576428
1085623	2	1.59027666679283e-07	12576428
1089456	15	1.19270750009462e-06	12576428
1091045	376	2.98972013357052e-05	12576428
1091494	1	7.95138333396414e-08	12576428
1091495	1	7.95138333396414e-08	12576428
1093141	1	7.95138333396414e-08	12576428
1093787	1	7.95138333396414e-08	12576428
1094466	4	3.18055333358566e-07	12576428
1095774	2	1.59027666679283e-07	12576428
1096995	1	7.95138333396414e-08	12576428
1096996	47	3.73715016696315e-06	12576428
1097668	6	4.77083000037849e-07	12576428
1097677	1	7.95138333396414e-08	12576428
1104320	2	1.59027666679283e-07	12576428
1104322	1	7.95138333396414e-08	12576428
1104325	1	7.95138333396414e-08	12576428
1104326	3	2.38541500018924e-07	12576428
1110502	3	2.38541500018924e-07	12576428
1111068	1	7.95138333396414e-08	12576428
1114965	2	1.59027666679283e-07	12576428
1114966	4	3.18055333358566e-07	12576428
1114967	92	7.31527266724701e-06	12576428
1114969	886	7.04492563389223e-05	12576428
1114970	39	3.10103950024602e-06	12576428
1117647	1	7.95138333396414e-08	12576428
1117943	1	7.95138333396414e-08	12576428
1118963	12	9.54166000075697e-07	12576428
1121353	1	7.95138333396414e-08	12576428
1121362	4	3.18055333358566e-07	12576428
1123519	10	7.95138333396414e-07	12576428
1123523	1	7.95138333396414e-08	12576428
1123863	4	3.18055333358566e-07	12576428
1124936	142	1.12909643342291e-05	12576428
1124983	40	3.18055333358566e-06	12576428
1125630	183	1.45510315011544e-05	12576428
1127134	2	1.59027666679283e-07	12576428
1132507	144	1.14499920009084e-05	12576428
1133849	1	7.95138333396414e-08	12576428
1133852	1213	9.64502798409851e-05	12576428
1133853	2869	0.000228125187851431	12576428
1134454	459	3.64968495028954e-05	12576428
1134782	24	1.90833200015139e-06	12576428
1136179	50	3.97569166698207e-06	12576428
1138308	8	6.36110666717131e-07	12576428
1138383	1	7.95138333396414e-08	12576428
1142394	2	1.59027666679283e-07	12576428
1144275	2	1.59027666679283e-07	12576428
1147161	1	7.95138333396414e-08	12576428
1151116	2	1.59027666679283e-07	12576428
1155766	4	3.18055333358566e-07	12576428
1156431	2	1.59027666679283e-07	12576428
1156433	3	2.38541500018924e-07	12576428
1160717	19	1.51076283345319e-06	12576428
1163399	30	2.38541500018924e-06	12576428
1163617	2	1.59027666679283e-07	12576428
1166016	1	7.95138333396414e-08	12576428
1166018	7	5.5659683337749e-07	12576428
1166130	3	2.38541500018924e-07	12576428
1167634	33	2.62395650020817e-06	12576428
1170318	35	2.78298416688745e-06	12576428
1171373	1	7.95138333396414e-08	12576428
1171376	1	7.95138333396414e-08	12576428
1173020	3	2.38541500018924e-07	12576428
1173427	8	6.36110666717131e-07	12576428
1179773	1	7.95138333396414e-08	12576428
1184267	1	7.95138333396414e-08	12576428
1185652	1	7.95138333396414e-08	12576428
1187956	2	1.59027666679283e-07	12576428
1191061	199	1.58232528345886e-05	12576428
1191523	1	7.95138333396414e-08	12576428
1193292	25	1.98784583349104e-06	12576428
1193576	1	7.95138333396414e-08	12576428
1194526	16	1.27222133343426e-06	12576428
1196325	9	7.15624500056773e-07	12576428
1196835	22	1.74930433347211e-06	12576428
1197719	1	7.95138333396414e-08	12576428
1200352	1	7.95138333396414e-08	12576428
1202538	1	7.95138333396414e-08	12576428
1202539	1	7.95138333396414e-08	12576428
1202772	1	7.95138333396414e-08	12576428
1204414	2	1.59027666679283e-07	12576428
1207075	39	3.10103950024602e-06	12576428
1208658	4	3.18055333358566e-07	12576428
1208660	2	1.59027666679283e-07	12576428
1211025	4	3.18055333358566e-07	12576428
1211579	20	1.59027666679283e-06	12576428
1214101	1	7.95138333396414e-08	12576428
1214242	1	7.95138333396414e-08	12576428
1215088	30	2.38541500018924e-06	12576428
1216976	20	1.59027666679283e-06	12576428
1218933	4	3.18055333358566e-07	12576428
1224163	1	7.95138333396414e-08	12576428
1228997	1	7.95138333396414e-08	12576428
1229205	2	1.59027666679283e-07	12576428
1229756	1	7.95138333396414e-08	12576428
1229758	2	1.59027666679283e-07	12576428
1229908	1	7.95138333396414e-08	12576428
1229909	1	7.95138333396414e-08	12576428
1233873	2	1.59027666679283e-07	12576428
1234380	5	3.97569166698207e-07	12576428
1235461	1	7.95138333396414e-08	12576428
1245469	8	6.36110666717131e-07	12576428
1245471	63	5.00937150039741e-06	12576428
1246301	63	5.00937150039741e-06	12576428
1246995	1	7.95138333396414e-08	12576428
1249634	5	3.97569166698207e-07	12576428
1249661	2	1.59027666679283e-07	12576428
1254432	3	2.38541500018924e-07	12576428
1257118	2	1.59027666679283e-07	12576428
1262456	6	4.77083000037849e-07	12576428
1266738	3	2.38541500018924e-07	12576428
1267753	25	1.98784583349104e-06	12576428
1267754	5	3.97569166698207e-07	12576428
1271752	2	1.59027666679283e-07	12576428
1271862	22	1.74930433347211e-06	12576428
1271863	1	7.95138333396414e-08	12576428
1271864	4	3.18055333358566e-07	12576428
1274814	173	1.3755893167758e-05	12576428
1276282	3	2.38541500018924e-07	12576428
1278073	1	7.95138333396414e-08	12576428
1279007	1	7.95138333396414e-08	12576428
1279008	1	7.95138333396414e-08	12576428
1280938	2	1.59027666679283e-07	12576428
1282356	128	1.01777706674741e-05	12576428
1286170	21	1.66979050013247e-06	12576428
1286640	2	1.59027666679283e-07	12576428
1288394	6	4.77083000037849e-07	12576428
1294143	12	9.54166000075697e-07	12576428
1302863	1	7.95138333396414e-08	12576428
1303692	1	7.95138333396414e-08	12576428
1304892	1	7.95138333396414e-08	12576428
1318615	1	7.95138333396414e-08	12576428
1331671	20	1.59027666679283e-06	12576428
1332188	1	7.95138333396414e-08	12576428
1335916	13	1.03367983341534e-06	12576428
1340847	1	7.95138333396414e-08	12576428
1340851	1	7.95138333396414e-08	12576428
1343740	2	1.59027666679283e-07	12576428
1346614	8	6.36110666717131e-07	12576428
1348660	2	1.59027666679283e-07	12576428
1348662	1	7.95138333396414e-08	12576428
1355100	5108	0.000406156660698888	12576428
1367847	1	7.95138333396414e-08	12576428
1380774	4	3.18055333358566e-07	12576428
1380908	200	1.59027666679283e-05	12576428
1382700	41	3.2600671669253e-06	12576428
1394711	1	7.95138333396414e-08	12576428
1400867	2	1.59027666679283e-07	12576428
1401659	15	1.19270750009462e-06	12576428
1406860	2	1.59027666679283e-07	12576428
1415630	343	2.7273244835497e-05	12576428
1416914	5	3.97569166698207e-07	12576428
1427342	1	7.95138333396414e-08	12576428
1435044	4	3.18055333358566e-07	12576428
1435058	2	1.59027666679283e-07	12576428
1435356	3	2.38541500018924e-07	12576428
1436140	49	3.89617783364243e-06	12576428
