Tax.ID	Frequency	Proportion	Total
394	5	7.05577656286086e-08	70863922
882	1	1.41115531257217e-08	70863922
883	2	2.82231062514434e-08	70863922
1511	5	7.05577656286086e-08	70863922
1639	1	1.41115531257217e-08	70863922
2762	14	1.97561743760104e-07	70863922
2769	3	4.23346593771652e-08	70863922
2771	4	5.64462125028869e-08	70863922
2787	12	1.69338637508661e-07	70863922
2788	1	1.41115531257217e-08	70863922
2829	6	8.46693187543303e-08	70863922
2832	3	4.23346593771652e-08	70863922
2839	44	6.20908337531756e-07	70863922
2850	89	1.25592822818923e-06	70863922
2880	39	5.50350571903147e-07	70863922
2885	1	1.41115531257217e-08	70863922
2898	3	4.23346593771652e-08	70863922
2903	1	1.41115531257217e-08	70863922
4770	6	8.46693187543303e-08	70863922
4950	4	5.64462125028869e-08	70863922
4959	1	1.41115531257217e-08	70863922
5061	1	1.41115531257217e-08	70863922
5145	2	2.82231062514434e-08	70863922
5518	4	5.64462125028869e-08	70863922
5661	1	1.41115531257217e-08	70863922
5749	1	1.41115531257217e-08	70863922
5786	37	5.22127465651704e-07	70863922
5823	4	5.64462125028869e-08	70863922
5851	2	2.82231062514434e-08	70863922
5872	1	1.41115531257217e-08	70863922
5885	1	1.41115531257217e-08	70863922
5901	2	2.82231062514434e-08	70863922
5907	4	5.64462125028869e-08	70863922
5911	7	9.8780871880052e-08	70863922
5932	8	1.12892425005774e-07	70863922
10678	1	1.41115531257217e-08	70863922
10870	1	1.41115531257217e-08	70863922
31964	40	5.64462125028869e-07	70863922
32049	3	4.23346593771652e-08	70863922
35128	40	5.64462125028869e-07	70863922
36809	2	2.82231062514434e-08	70863922
37692	1	1.41115531257217e-08	70863922
38271	2	2.82231062514434e-08	70863922
41431	2	2.82231062514434e-08	70863922
43685	1	1.41115531257217e-08	70863922
44056	1	1.41115531257217e-08	70863922
46234	3	4.23346593771652e-08	70863922
47573	2	2.82231062514434e-08	70863922
49266	4	5.64462125028869e-08	70863922
50948	1	1.41115531257217e-08	70863922
52970	3	4.23346593771652e-08	70863922
55529	6	8.46693187543303e-08	70863922
56107	2	2.82231062514434e-08	70863922
56780	1	1.41115531257217e-08	70863922
59374	1	1.41115531257217e-08	70863922
59748	1	1.41115531257217e-08	70863922
59920	1	1.41115531257217e-08	70863922
59922	3	4.23346593771652e-08	70863922
60480	3	4.23346593771652e-08	70863922
60481	124	1.74983258758949e-06	70863922
62928	73	1.03014337817769e-06	70863922
62977	24	3.38677275017321e-07	70863922
63186	5	7.05577656286086e-08	70863922
64471	25	3.52788828143043e-07	70863922
65071	6	8.46693187543303e-08	70863922
65393	2	2.82231062514434e-08	70863922
67593	4	5.64462125028869e-08	70863922
69328	15	2.11673296885826e-07	70863922
71421	1	1.41115531257217e-08	70863922
72520	1	1.41115531257217e-08	70863922
74547	1	1.41115531257217e-08	70863922
74557	2	2.82231062514434e-08	70863922
75379	48	6.77354550034642e-07	70863922
76114	94	1.32648599381784e-06	70863922
76869	56	7.90246975040416e-07	70863922
78245	21	2.96342615640156e-07	70863922
79929	2	2.82231062514434e-08	70863922
80365	1	1.41115531257217e-08	70863922
83406	2	2.82231062514434e-08	70863922
85569	2	2.82231062514434e-08	70863922
85643	129	1.8203903532181e-06	70863922
85962	2	2.82231062514434e-08	70863922
86416	5	7.05577656286086e-08	70863922
88149	10	1.41115531257217e-07	70863922
93059	1	1.41115531257217e-08	70863922
94122	54	7.62023868788973e-07	70863922
96563	244	3.4432189626761e-06	70863922
99179	1	1.41115531257217e-08	70863922
99287	2	2.82231062514434e-08	70863922
99598	34	4.79792806274538e-07	70863922
100226	4	5.64462125028869e-08	70863922
101510	227	3.20332255953883e-06	70863922
103690	2	2.82231062514434e-08	70863922
106370	6	8.46693187543303e-08	70863922
107806	1	1.41115531257217e-08	70863922
108098	68	9.59585612549077e-07	70863922
109269	2	2.82231062514434e-08	70863922
114615	23	3.245657218916e-07	70863922
115713	1	1.41115531257217e-08	70863922
118163	2	2.82231062514434e-08	70863922
120807	3	4.23346593771652e-08	70863922
122586	1	1.41115531257217e-08	70863922
122587	1	1.41115531257217e-08	70863922
123214	1	1.41115531257217e-08	70863922
134676	7	9.8780871880052e-08	70863922
137722	8	1.12892425005774e-07	70863922
145522	3	4.23346593771652e-08	70863922
151535	1	1.41115531257217e-08	70863922
151599	1	1.41115531257217e-08	70863922
153948	6	8.46693187543303e-08	70863922
155864	3	4.23346593771652e-08	70863922
158189	6	8.46693187543303e-08	70863922
158190	1	1.41115531257217e-08	70863922
158878	1	1.41115531257217e-08	70863922
159087	143	2.01795209697821e-06	70863922
160488	6	8.46693187543303e-08	70863922
160490	1	1.41115531257217e-08	70863922
160491	1	1.41115531257217e-08	70863922
160492	1	1.41115531257217e-08	70863922
160619	63	8.89027846920468e-07	70863922
164037	1	1.41115531257217e-08	70863922
164328	3	4.23346593771652e-08	70863922
164756	47	6.63242996908921e-07	70863922
164757	1	1.41115531257217e-08	70863922
167879	4	5.64462125028869e-08	70863922
171101	19	2.68119509388713e-07	70863922
176279	70	9.8780871880052e-07	70863922
176280	75	1.05836648442913e-06	70863922
176299	35	4.9390435940026e-07	70863922
177437	1	1.41115531257217e-08	70863922
179408	76	1.07247803755485e-06	70863922
187272	9	1.27003978131495e-07	70863922
187303	43	6.06796784406034e-07	70863922
187420	2	2.82231062514434e-08	70863922
188937	1	1.41115531257217e-08	70863922
189918	41	5.7857367815459e-07	70863922
190304	138	1.9473943313496e-06	70863922
190485	27	3.81011934394486e-07	70863922
190486	5	7.05577656286086e-08	70863922
190650	60	8.46693187543303e-07	70863922
192952	1	1.41115531257217e-08	70863922
194439	4	5.64462125028869e-08	70863922
195103	205	2.89286839077295e-06	70863922
195253	2	2.82231062514434e-08	70863922
196162	44	6.20908337531756e-07	70863922
196164	226	3.18921100641311e-06	70863922
196600	1	1.41115531257217e-08	70863922
198215	5	7.05577656286086e-08	70863922
198628	1	1.41115531257217e-08	70863922
203119	22	3.10454168765878e-07	70863922
203120	71	1.00192027192624e-06	70863922
203122	6	8.46693187543303e-08	70863922
203124	36	5.08015912525982e-07	70863922
203275	10	1.41115531257217e-07	70863922
203907	1	1.41115531257217e-08	70863922
204536	1	1.41115531257217e-08	70863922
204773	107	1.50993618445222e-06	70863922
205913	159	2.24373694698975e-06	70863922
205914	1	1.41115531257217e-08	70863922
205918	14	1.97561743760104e-07	70863922
205922	84	1.18537046256062e-06	70863922
206672	2	2.82231062514434e-08	70863922
207559	6	8.46693187543303e-08	70863922
208596	12	1.69338637508661e-07	70863922
208963	103	1.45348997194934e-06	70863922
208964	148	2.08850986260681e-06	70863922
210007	2	2.82231062514434e-08	70863922
211586	4	5.64462125028869e-08	70863922
213810	31	4.37458146897373e-07	70863922
214092	3	4.23346593771652e-08	70863922
214684	30	4.23346593771652e-07	70863922
215689	1	1.41115531257217e-08	70863922
216432	2	2.82231062514434e-08	70863922
216591	81	1.14303580318346e-06	70863922
216594	1	1.41115531257217e-08	70863922
216595	434	6.12441405656323e-06	70863922
216596	48	6.77354550034642e-07	70863922
216597	1	1.41115531257217e-08	70863922
216599	3	4.23346593771652e-08	70863922
218491	1	1.41115531257217e-08	70863922
218493	1	1.41115531257217e-08	70863922
218495	1	1.41115531257217e-08	70863922
218496	1	1.41115531257217e-08	70863922
220341	1396	1.96997281635075e-05	70863922
220664	42	5.92685231280312e-07	70863922
220668	1	1.41115531257217e-08	70863922
221029	1	1.41115531257217e-08	70863922
221109	1	1.41115531257217e-08	70863922
223283	26	3.66900381268765e-07	70863922
224308	1	1.41115531257217e-08	70863922
224911	47	6.63242996908921e-07	70863922
224914	53	7.47912315663251e-07	70863922
225849	1	1.41115531257217e-08	70863922
225937	38	5.36239018777425e-07	70863922
226185	16	2.25784850011547e-07	70863922
226186	708	9.99097961301098e-06	70863922
227086	1	1.41115531257217e-08	70863922
227321	40	5.64462125028869e-07	70863922
227882	43	6.06796784406034e-07	70863922
227941	2	2.82231062514434e-08	70863922
228400	1	1.41115531257217e-08	70863922
228405	39	5.50350571903147e-07	70863922
228410	1	1.41115531257217e-08	70863922
229533	2	2.82231062514434e-08	70863922
231023	38	5.36239018777425e-07	70863922
232721	727	1.02590991223997e-05	70863922
234267	1	1.41115531257217e-08	70863922
234621	3781	5.33557823683538e-05	70863922
234831	3	4.23346593771652e-08	70863922
235909	2	2.82231062514434e-08	70863922
240015	1	1.41115531257217e-08	70863922
240292	2	2.82231062514434e-08	70863922
243230	6	8.46693187543303e-08	70863922
243233	4	5.64462125028869e-08	70863922
243243	4	5.64462125028869e-08	70863922
243265	1	1.41115531257217e-08	70863922
243275	2	2.82231062514434e-08	70863922
243276	4	5.64462125028869e-08	70863922
243365	30	4.23346593771652e-07	70863922
245014	203	2.86464528452151e-06	70863922
245018	524	7.39445383787818e-06	70863922
246194	1	1.41115531257217e-08	70863922
246195	3	4.23346593771652e-08	70863922
246196	12	1.69338637508661e-07	70863922
246197	4	5.64462125028869e-08	70863922
246198	2	2.82231062514434e-08	70863922
246200	4	5.64462125028869e-08	70863922
247156	3	4.23346593771652e-08	70863922
251221	2	2.82231062514434e-08	70863922
251229	3	4.23346593771652e-08	70863922
257310	14	1.97561743760104e-07	70863922
257311	5	7.05577656286086e-08	70863922
257313	8	1.12892425005774e-07	70863922
257314	1	1.41115531257217e-08	70863922
258594	57	8.04358528166138e-07	70863922
259536	147	2.07439830948109e-06	70863922
261292	124	1.74983258758949e-06	70863922
262316	2	2.82231062514434e-08	70863922
262543	4	5.64462125028869e-08	70863922
262724	128	1.80627880009238e-06	70863922
262727	1	1.41115531257217e-08	70863922
262768	1	1.41115531257217e-08	70863922
263358	3	4.23346593771652e-08	70863922
264198	41	5.7857367815459e-07	70863922
264199	7	9.8780871880052e-08	70863922
264201	1	1.41115531257217e-08	70863922
264203	2	2.82231062514434e-08	70863922
264462	3	4.23346593771652e-08	70863922
264730	12	1.69338637508661e-07	70863922
264731	12	1.69338637508661e-07	70863922
265072	5	7.05577656286086e-08	70863922
266264	158	2.22962539386403e-06	70863922
266265	108	1.52404773757795e-06	70863922
266779	65	9.17250953171912e-07	70863922
266834	3	4.23346593771652e-08	70863922
266835	7	9.8780871880052e-08	70863922
266940	7	9.8780871880052e-08	70863922
267377	1	1.41115531257217e-08	70863922
267608	62	8.74916293794746e-07	70863922
267747	31	4.37458146897373e-07	70863922
269482	17	2.39896403137269e-07	70863922
269796	1	1.41115531257217e-08	70863922
269797	2	2.82231062514434e-08	70863922
269798	30	4.23346593771652e-07	70863922
269800	1	1.41115531257217e-08	70863922
271848	3	4.23346593771652e-08	70863922
272123	40	5.64462125028869e-07	70863922
272559	78	1.10070114380629e-06	70863922
272561	3	4.23346593771652e-08	70863922
272563	132	1.86272501259527e-06	70863922
272568	5	7.05577656286086e-08	70863922
272620	133	1.87683656572099e-06	70863922
272622	28	3.95123487520208e-07	70863922
272623	103	1.45348997194934e-06	70863922
272624	1	1.41115531257217e-08	70863922
272626	2	2.82231062514434e-08	70863922
272630	38	5.36239018777425e-07	70863922
272632	2	2.82231062514434e-08	70863922
272831	12	1.69338637508661e-07	70863922
272942	12	1.69338637508661e-07	70863922
272943	3	4.23346593771652e-08	70863922
272947	1	1.41115531257217e-08	70863922
273119	2	2.82231062514434e-08	70863922
278137	3	4.23346593771652e-08	70863922
278197	3	4.23346593771652e-08	70863922
279010	4	5.64462125028869e-08	70863922
279238	47	6.63242996908921e-07	70863922
279808	9	1.27003978131495e-07	70863922
280463	10	1.41115531257217e-07	70863922
281090	4	5.64462125028869e-08	70863922
281310	1	1.41115531257217e-08	70863922
284590	1	1.41115531257217e-08	70863922
284592	2	2.82231062514434e-08	70863922
284593	5	7.05577656286086e-08	70863922
284812	16	2.25784850011547e-07	70863922
285951	1	1.41115531257217e-08	70863922
286636	1	1.41115531257217e-08	70863922
288000	17	2.39896403137269e-07	70863922
288705	5	7.05577656286086e-08	70863922
289380	6	8.46693187543303e-08	70863922
290317	1	1.41115531257217e-08	70863922
290338	4	5.64462125028869e-08	70863922
290339	5	7.05577656286086e-08	70863922
290340	161	2.2719600532412e-06	70863922
290397	3	4.23346593771652e-08	70863922
290398	7	9.8780871880052e-08	70863922
290399	4	5.64462125028869e-08	70863922
290400	3	4.23346593771652e-08	70863922
290402	29	4.0923504064593e-07	70863922
290633	1	1.41115531257217e-08	70863922
291112	2	2.82231062514434e-08	70863922
291331	2	2.82231062514434e-08	70863922
292414	2	2.82231062514434e-08	70863922
292415	73	1.03014337817769e-06	70863922
292564	2	2.82231062514434e-08	70863922
293826	5	7.05577656286086e-08	70863922
295405	171	2.41307558449841e-06	70863922
296543	40	5.64462125028869e-07	70863922
296591	359	5.0660475721341e-06	70863922
298386	3	4.23346593771652e-08	70863922
298653	7	9.8780871880052e-08	70863922
298654	5	7.05577656286086e-08	70863922
299768	9	1.27003978131495e-07	70863922
300268	5	7.05577656286086e-08	70863922
300269	3	4.23346593771652e-08	70863922
300852	86	1.21359356881207e-06	70863922
304371	1	1.41115531257217e-08	70863922
306323	1	1.41115531257217e-08	70863922
306537	3	4.23346593771652e-08	70863922
309799	2	2.82231062514434e-08	70863922
309801	1	1.41115531257217e-08	70863922
311403	46	6.49131443783199e-07	70863922
312153	63	8.89027846920468e-07	70863922
312309	1	1.41115531257217e-08	70863922
313595	4	5.64462125028869e-08	70863922
313598	14	1.97561743760104e-07	70863922
313603	3	4.23346593771652e-08	70863922
314225	5	7.05577656286086e-08	70863922
314275	1	1.41115531257217e-08	70863922
314282	4	5.64462125028869e-08	70863922
314565	58	8.1847008129186e-07	70863922
315749	4	5.64462125028869e-08	70863922
315750	4	5.64462125028869e-08	70863922
316055	76	1.07247803755485e-06	70863922
316056	15	2.11673296885826e-07	70863922
316057	9	1.27003978131495e-07	70863922
316058	43	6.06796784406034e-07	70863922
316067	2	2.82231062514434e-08	70863922
316273	69	9.73697165674799e-07	70863922
316279	1	1.41115531257217e-08	70863922
316385	135	1.90505967197243e-06	70863922
317025	1	1.41115531257217e-08	70863922
317655	17	2.39896403137269e-07	70863922
318161	1	1.41115531257217e-08	70863922
318167	36	5.08015912525982e-07	70863922
318586	34	4.79792806274538e-07	70863922
319224	41	5.7857367815459e-07	70863922
319795	9	1.27003978131495e-07	70863922
320373	4	5.64462125028869e-08	70863922
320388	3	4.23346593771652e-08	70863922
320389	2	2.82231062514434e-08	70863922
321314	1	1.41115531257217e-08	70863922
321332	3	4.23346593771652e-08	70863922
321956	1	1.41115531257217e-08	70863922
321967	8	1.12892425005774e-07	70863922
322098	1	1.41115531257217e-08	70863922
322159	160	2.25784850011547e-06	70863922
322710	76	1.07247803755485e-06	70863922
323097	11	1.55227084382939e-07	70863922
323098	7	9.8780871880052e-08	70863922
323848	2	2.82231062514434e-08	70863922
324602	1	1.41115531257217e-08	70863922
324831	4	5.64462125028869e-08	70863922
325240	5	7.05577656286086e-08	70863922
326298	5	7.05577656286086e-08	70863922
326423	1	1.41115531257217e-08	70863922
326424	96	1.35470910006928e-06	70863922
326425	4	5.64462125028869e-08	70863922
326426	6	8.46693187543303e-08	70863922
326442	3	4.23346593771652e-08	70863922
330214	4	5.64462125028869e-08	70863922
331111	63	8.89027846920468e-07	70863922
331112	19	2.68119509388713e-07	70863922
331271	102	1.43937841882362e-06	70863922
331272	44	6.20908337531756e-07	70863922
331678	1	1.41115531257217e-08	70863922
333849	6	8.46693187543303e-08	70863922
334390	2	2.82231062514434e-08	70863922
334413	1	1.41115531257217e-08	70863922
335283	5	7.05577656286086e-08	70863922
335284	254	3.58433449393332e-06	70863922
335541	2	2.82231062514434e-08	70863922
335543	68	9.59585612549077e-07	70863922
335659	16	2.25784850011547e-07	70863922
337191	4	5.64462125028869e-08	70863922
338187	3	4.23346593771652e-08	70863922
338963	3	4.23346593771652e-08	70863922
338966	1	1.41115531257217e-08	70863922
338969	288	4.06412730020785e-06	70863922
339670	89	1.25592822818923e-06	70863922
339860	3	4.23346593771652e-08	70863922
340047	1	1.41115531257217e-08	70863922
340099	4	5.64462125028869e-08	70863922
340100	136	1.91917122509815e-06	70863922
340322	20	2.82231062514434e-07	70863922
342108	5	7.05577656286086e-08	70863922
342109	1	1.41115531257217e-08	70863922
342451	4	5.64462125028869e-08	70863922
342610	4	5.64462125028869e-08	70863922
344609	87	1.22770512193779e-06	70863922
345219	4	5.64462125028869e-08	70863922
347253	97	1.36882065319501e-06	70863922
347328	1	1.41115531257217e-08	70863922
347515	2	2.82231062514434e-08	70863922
347834	3	4.23346593771652e-08	70863922
348535	2	2.82231062514434e-08	70863922
349101	7	9.8780871880052e-08	70863922
349102	6	8.46693187543303e-08	70863922
349106	50	7.05577656286086e-07	70863922
349124	4	5.64462125028869e-08	70863922
349163	7	9.8780871880052e-08	70863922
349215	1	1.41115531257217e-08	70863922
349307	2	2.82231062514434e-08	70863922
349519	3	4.23346593771652e-08	70863922
349521	6	8.46693187543303e-08	70863922
349741	58	8.1847008129186e-07	70863922
349746	2	2.82231062514434e-08	70863922
349747	4	5.64462125028869e-08	70863922
350054	6	8.46693187543303e-08	70863922
350058	8	1.12892425005774e-07	70863922
350688	1	1.41115531257217e-08	70863922
351348	10	1.41115531257217e-07	70863922
351605	1	1.41115531257217e-08	70863922
351607	1	1.41115531257217e-08	70863922
351745	42	5.92685231280312e-07	70863922
351746	58	8.1847008129186e-07	70863922
352472	1	1.41115531257217e-08	70863922
352914	14	1.97561743760104e-07	70863922
353151	5	7.05577656286086e-08	70863922
353152	4	5.64462125028869e-08	70863922
353153	3	4.23346593771652e-08	70863922
353154	2	2.82231062514434e-08	70863922
354242	11	1.55227084382939e-07	70863922
354260	1	1.41115531257217e-08	70863922
355276	2	2.82231062514434e-08	70863922
355277	2	2.82231062514434e-08	70863922
355278	1	1.41115531257217e-08	70863922
357348	4	5.64462125028869e-08	70863922
357808	1	1.41115531257217e-08	70863922
357809	172	2.42718713762414e-06	70863922
358220	693	9.77930631612515e-06	70863922
359786	19	2.68119509388713e-07	70863922
359787	1	1.41115531257217e-08	70863922
360094	6	8.46693187543303e-08	70863922
360095	3	4.23346593771652e-08	70863922
360102	25	3.52788828143043e-07	70863922
360104	1	1.41115531257217e-08	70863922
360106	3	4.23346593771652e-08	70863922
360107	1	1.41115531257217e-08	70863922
360109	1	1.41115531257217e-08	70863922
360115	1	1.41115531257217e-08	70863922
360910	96	1.35470910006928e-06	70863922
360911	8	1.12892425005774e-07	70863922
362242	1	1.41115531257217e-08	70863922
362663	44	6.20908337531756e-07	70863922
362948	1	1.41115531257217e-08	70863922
365044	1067	1.50570271851451e-05	70863922
365046	335	4.72737029711678e-06	70863922
365659	17	2.39896403137269e-07	70863922
366394	2	2.82231062514434e-08	70863922
366602	49	6.91466103160364e-07	70863922
367737	165	2.32840626574408e-06	70863922
367775	76	1.07247803755485e-06	70863922
367928	427	6.02563318468317e-06	70863922
368407	1	1.41115531257217e-08	70863922
370354	2	2.82231062514434e-08	70863922
370553	3	4.23346593771652e-08	70863922
373153	25	3.52788828143043e-07	70863922
373384	37	5.22127465651704e-07	70863922
373903	3	4.23346593771652e-08	70863922
373994	2	2.82231062514434e-08	70863922
374930	2	2.82231062514434e-08	70863922
375286	143	2.01795209697821e-06	70863922
375451	2	2.82231062514434e-08	70863922
376686	347	4.89670893462544e-06	70863922
376758	35	4.9390435940026e-07	70863922
377628	10	1.41115531257217e-07	70863922
377629	5	7.05577656286086e-08	70863922
378753	11	1.55227084382939e-07	70863922
379066	2	2.82231062514434e-08	70863922
379731	205	2.89286839077295e-06	70863922
380358	4	5.64462125028869e-08	70863922
380703	31	4.37458146897373e-07	70863922
381666	274	3.86656555644775e-06	70863922
381754	94	1.32648599381784e-06	70863922
382245	79	1.11481269693202e-06	70863922
382638	2	2.82231062514434e-08	70863922
383407	2	2.82231062514434e-08	70863922
383629	5	7.05577656286086e-08	70863922
384676	39	5.50350571903147e-07	70863922
385025	1	1.41115531257217e-08	70863922
386043	2	2.82231062514434e-08	70863922
386415	2	2.82231062514434e-08	70863922
386585	4	5.64462125028869e-08	70863922
386656	7	9.8780871880052e-08	70863922
387092	2	2.82231062514434e-08	70863922
387093	3	4.23346593771652e-08	70863922
388919	11	1.55227084382939e-07	70863922
390235	18	2.54007956262991e-07	70863922
390236	2	2.82231062514434e-08	70863922
390333	26	3.66900381268765e-07	70863922
390874	1	1.41115531257217e-08	70863922
391008	93	1.31237444069212e-06	70863922
391037	1	1.41115531257217e-08	70863922
391038	2	2.82231062514434e-08	70863922
391165	10	1.41115531257217e-07	70863922
391295	7	9.8780871880052e-08	70863922
391296	7	9.8780871880052e-08	70863922
391595	1	1.41115531257217e-08	70863922
391616	2	2.82231062514434e-08	70863922
391619	3	4.23346593771652e-08	70863922
391626	1	1.41115531257217e-08	70863922
391735	310	4.37458146897373e-06	70863922
391896	1	1.41115531257217e-08	70863922
391904	121	1.70749792821233e-06	70863922
392499	15	2.11673296885826e-07	70863922
393011	4	5.64462125028869e-08	70863922
393115	3	4.23346593771652e-08	70863922
393305	21	2.96342615640156e-07	70863922
393595	98	1.38293220632073e-06	70863922
394221	1	1.41115531257217e-08	70863922
394503	1	1.41115531257217e-08	70863922
395019	42	5.92685231280312e-07	70863922
395492	2	2.82231062514434e-08	70863922
395494	6	8.46693187543303e-08	70863922
395495	385	5.43294795340286e-06	70863922
395960	8	1.12892425005774e-07	70863922
395962	1	1.41115531257217e-08	70863922
395963	4	5.64462125028869e-08	70863922
395965	36	5.08015912525982e-07	70863922
396513	3	4.23346593771652e-08	70863922
396588	48	6.77354550034642e-07	70863922
396595	1	1.41115531257217e-08	70863922
397945	252	3.55611138768187e-06	70863922
398527	99	1.39704375944645e-06	70863922
398577	4	5.64462125028869e-08	70863922
398578	499	7.04166500973514e-06	70863922
398579	3	4.23346593771652e-08	70863922
398580	29	4.0923504064593e-07	70863922
398767	28	3.95123487520208e-07	70863922
399726	1	1.41115531257217e-08	70863922
399739	57	8.04358528166138e-07	70863922
399741	6	8.46693187543303e-08	70863922
399742	2	2.82231062514434e-08	70863922
399781	2	2.82231062514434e-08	70863922
399804	40	5.64462125028869e-07	70863922
400667	242	3.41499585642466e-06	70863922
400668	6	8.46693187543303e-08	70863922
400673	1	1.41115531257217e-08	70863922
400756	75	1.05836648442913e-06	70863922
401473	53	7.47912315663251e-07	70863922
401614	1	1.41115531257217e-08	70863922
402612	411	5.79984833467163e-06	70863922
402626	33	4.65681253148817e-07	70863922
402881	49	6.91466103160364e-07	70863922
402882	2	2.82231062514434e-08	70863922
403677	53	7.47912315663251e-07	70863922
403833	3	4.23346593771652e-08	70863922
404380	28	3.95123487520208e-07	70863922
404589	49	6.91466103160364e-07	70863922
405416	84	1.18537046256062e-06	70863922
405440	5	7.05577656286086e-08	70863922
405531	1	1.41115531257217e-08	70863922
405532	1	1.41115531257217e-08	70863922
405534	1	1.41115531257217e-08	70863922
405566	7	9.8780871880052e-08	70863922
405948	3	4.23346593771652e-08	70863922
405955	34	4.79792806274538e-07	70863922
406425	43	6.06796784406034e-07	70863922
407976	2	2.82231062514434e-08	70863922
409438	3	4.23346593771652e-08	70863922
410289	6	8.46693187543303e-08	70863922
410358	3	4.23346593771652e-08	70863922
411154	84	1.18537046256062e-06	70863922
412022	1	1.41115531257217e-08	70863922
412030	4	5.64462125028869e-08	70863922
412133	2	2.82231062514434e-08	70863922
412694	2	2.82231062514434e-08	70863922
412965	1	1.41115531257217e-08	70863922
413404	2	2.82231062514434e-08	70863922
413997	2	2.82231062514434e-08	70863922
413999	5	7.05577656286086e-08	70863922
414684	4	5.64462125028869e-08	70863922
416269	8	1.12892425005774e-07	70863922
416344	3	4.23346593771652e-08	70863922
416870	30	4.23346593771652e-07	70863922
418127	1	1.41115531257217e-08	70863922
419610	50	7.05577656286086e-07	70863922
419947	5	7.05577656286086e-08	70863922
420245	1	1.41115531257217e-08	70863922
420246	1	1.41115531257217e-08	70863922
420247	40	5.64462125028869e-07	70863922
420662	328	4.62858942523672e-06	70863922
420889	21	2.96342615640156e-07	70863922
420890	21	2.96342615640156e-07	70863922
423211	4	5.64462125028869e-08	70863922
423368	14	1.97561743760104e-07	70863922
423536	6	8.46693187543303e-08	70863922
424182	59	8.32581634417581e-07	70863922
425011	5	7.05577656286086e-08	70863922
425104	5	7.05577656286086e-08	70863922
426114	55	7.76135421914694e-07	70863922
426117	10	1.41115531257217e-07	70863922
426355	32	4.51569700023095e-07	70863922
426430	4	5.64462125028869e-08	70863922
428406	80	1.12892425005774e-06	70863922
431895	207	2.9210914970244e-06	70863922
431943	3	4.23346593771652e-08	70863922
431946	1	1.41115531257217e-08	70863922
431947	6	8.46693187543303e-08	70863922
434922	1	1.41115531257217e-08	70863922
434923	1	1.41115531257217e-08	70863922
434924	1	1.41115531257217e-08	70863922
435258	5	7.05577656286086e-08	70863922
435590	2607	3.67888189987565e-05	70863922
435591	191	2.69530664701285e-06	70863922
435998	29	4.0923504064593e-07	70863922
436308	4	5.64462125028869e-08	70863922
436717	28	3.95123487520208e-07	70863922
438753	9	1.27003978131495e-07	70863922
439235	3	4.23346593771652e-08	70863922
439292	2	2.82231062514434e-08	70863922
439375	75	1.05836648442913e-06	70863922
439843	1395	1.96856166103818e-05	70863922
439855	12	1.69338637508661e-07	70863922
440085	47	6.63242996908921e-07	70863922
441375	2	2.82231062514434e-08	70863922
441620	46	6.49131443783199e-07	70863922
441768	30	4.23346593771652e-07	70863922
441771	1	1.41115531257217e-08	70863922
443143	46	6.49131443783199e-07	70863922
443144	1	1.41115531257217e-08	70863922
443218	5	7.05577656286086e-08	70863922
443906	121	1.70749792821233e-06	70863922
444177	11	1.55227084382939e-07	70863922
444178	55	7.76135421914694e-07	70863922
446462	8	1.12892425005774e-07	70863922
446465	5	7.05577656286086e-08	70863922
446466	3	4.23346593771652e-08	70863922
446468	29	4.0923504064593e-07	70863922
446469	18	2.54007956262991e-07	70863922
446470	2	2.82231062514434e-08	70863922
446471	8	1.12892425005774e-07	70863922
447217	76	1.07247803755485e-06	70863922
448385	9	1.27003978131495e-07	70863922
449447	3	4.23346593771652e-08	70863922
450851	91	1.28415133444068e-06	70863922
451516	1	1.41115531257217e-08	70863922
452637	8	1.12892425005774e-07	70863922
452638	7	9.8780871880052e-08	70863922
452652	3	4.23346593771652e-08	70863922
452662	50	7.05577656286086e-07	70863922
452863	4	5.64462125028869e-08	70863922
454169	1395	1.96856166103818e-05	70863922
455488	37	5.22127465651704e-07	70863922
455632	4	5.64462125028869e-08	70863922
456481	1	1.41115531257217e-08	70863922
457425	5	7.05577656286086e-08	70863922
458233	4	5.64462125028869e-08	70863922
459349	150	2.11673296885826e-06	70863922
459424	1	1.41115531257217e-08	70863922
459845	1	1.41115531257217e-08	70863922
460265	9	1.27003978131495e-07	70863922
462590	1	1.41115531257217e-08	70863922
463136	1	1.41115531257217e-08	70863922
463137	1	1.41115531257217e-08	70863922
464988	4	5.64462125028869e-08	70863922
465515	97	1.36882065319501e-06	70863922
465817	2	2.82231062514434e-08	70863922
467705	6	8.46693187543303e-08	70863922
469371	2	2.82231062514434e-08	70863922
469383	4	5.64462125028869e-08	70863922
469604	2	2.82231062514434e-08	70863922
469607	3	4.23346593771652e-08	70863922
471223	7	9.8780871880052e-08	70863922
471852	49	6.91466103160364e-07	70863922
471853	1	1.41115531257217e-08	70863922
471854	2	2.82231062514434e-08	70863922
471855	4	5.64462125028869e-08	70863922
471856	11	1.55227084382939e-07	70863922
471857	7	9.8780871880052e-08	70863922
472759	2	2.82231062514434e-08	70863922
474186	1	1.41115531257217e-08	70863922
476213	1	1.41115531257217e-08	70863922
477641	11	1.55227084382939e-07	70863922
478433	4	5.64462125028869e-08	70863922
478434	4	5.64462125028869e-08	70863922
478801	9	1.27003978131495e-07	70863922
479431	73	1.03014337817769e-06	70863922
479432	22	3.10454168765878e-07	70863922
479433	47	6.63242996908921e-07	70863922
479434	2	2.82231062514434e-08	70863922
479435	4	5.64462125028869e-08	70863922
479436	8	1.12892425005774e-07	70863922
479437	93	1.31237444069212e-06	70863922
480119	33	4.65681253148817e-07	70863922
480224	1	1.41115531257217e-08	70863922
481448	2	2.82231062514434e-08	70863922
481805	48	6.77354550034642e-07	70863922
481877	78	1.10070114380629e-06	70863922
482957	5	7.05577656286086e-08	70863922
483179	53	7.47912315663251e-07	70863922
483219	2	2.82231062514434e-08	70863922
484020	9	1.27003978131495e-07	70863922
484021	129	1.8203903532181e-06	70863922
484906	2	2.82231062514434e-08	70863922
485917	47	6.63242996908921e-07	70863922
485918	14	1.97561743760104e-07	70863922
486410	2	2.82231062514434e-08	70863922
487213	3	4.23346593771652e-08	70863922
487214	14	1.97561743760104e-07	70863922
487521	2	2.82231062514434e-08	70863922
488221	1	1.41115531257217e-08	70863922
489653	3	4.23346593771652e-08	70863922
490759	1	1.41115531257217e-08	70863922
491077	1	1.41115531257217e-08	70863922
491915	7	9.8780871880052e-08	70863922
491916	6	8.46693187543303e-08	70863922
497965	2	2.82231062514434e-08	70863922
497978	97	1.36882065319501e-06	70863922
498211	11	1.55227084382939e-07	70863922
498216	2	2.82231062514434e-08	70863922
498217	1	1.41115531257217e-08	70863922
498761	1	1.41115531257217e-08	70863922
502025	2	2.82231062514434e-08	70863922
502558	1	1.41115531257217e-08	70863922
502800	2	2.82231062514434e-08	70863922
502801	1	1.41115531257217e-08	70863922
504472	25	3.52788828143043e-07	70863922
504474	4	5.64462125028869e-08	70863922
504728	135	1.90505967197243e-06	70863922
504832	24	3.38677275017321e-07	70863922
505711	1	1.41115531257217e-08	70863922
507522	53	7.47912315663251e-07	70863922
508765	3	4.23346593771652e-08	70863922
508771	4	5.64462125028869e-08	70863922
509169	71	1.00192027192624e-06	70863922
509170	93	1.31237444069212e-06	70863922
509173	344	4.85437427524827e-06	70863922
509190	58	8.1847008129186e-07	70863922
510516	41	5.7857367815459e-07	70863922
511062	1	1.41115531257217e-08	70863922
511437	4	5.64462125028869e-08	70863922
511691	2	2.82231062514434e-08	70863922
512565	2	2.82231062514434e-08	70863922
512566	2	2.82231062514434e-08	70863922
515619	923	1.30249635350411e-05	70863922
515620	100	1.41115531257217e-06	70863922
515622	6	8.46693187543303e-08	70863922
515635	3	4.23346593771652e-08	70863922
516950	6	8.46693187543303e-08	70863922
518766	1	1.41115531257217e-08	70863922
519441	5	7.05577656286086e-08	70863922
521095	1	1.41115531257217e-08	70863922
521096	1	1.41115531257217e-08	70863922
521097	8	1.12892425005774e-07	70863922
521098	1	1.41115531257217e-08	70863922
521674	1	1.41115531257217e-08	70863922
522306	72	1.01603182505196e-06	70863922
522373	122	1.72160948133805e-06	70863922
523791	3	4.23346593771652e-08	70863922
525284	2	2.82231062514434e-08	70863922
525381	6	8.46693187543303e-08	70863922
525897	2	2.82231062514434e-08	70863922
525898	2	2.82231062514434e-08	70863922
525903	2	2.82231062514434e-08	70863922
525909	2	2.82231062514434e-08	70863922
526225	4	5.64462125028869e-08	70863922
526226	42	5.92685231280312e-07	70863922
526227	86	1.21359356881207e-06	70863922
530564	2	2.82231062514434e-08	70863922
531844	24	3.38677275017321e-07	70863922
535289	349	4.92493204087688e-06	70863922
536019	8	1.12892425005774e-07	70863922
536056	90	1.27003978131495e-06	70863922
543728	461	6.50542599095771e-06	70863922
543734	6	8.46693187543303e-08	70863922
543891	130	1.83450190634382e-06	70863922
543913	41	5.7857367815459e-07	70863922
544556	8	1.12892425005774e-07	70863922
545695	46	6.49131443783199e-07	70863922
546342	2	2.82231062514434e-08	70863922
546414	2	2.82231062514434e-08	70863922
548473	1	1.41115531257217e-08	70863922
548476	5	7.05577656286086e-08	70863922
548479	2	2.82231062514434e-08	70863922
550540	2	2.82231062514434e-08	70863922
550542	3	4.23346593771652e-08	70863922
552811	1	1.41115531257217e-08	70863922
553174	28	3.95123487520208e-07	70863922
553190	8	1.12892425005774e-07	70863922
553199	2254	3.18074407453768e-05	70863922
554290	1	1.41115531257217e-08	70863922
555217	1	1.41115531257217e-08	70863922
555778	4	5.64462125028869e-08	70863922
556484	10	1.41115531257217e-07	70863922
557433	5	7.05577656286086e-08	70863922
557436	5	7.05577656286086e-08	70863922
557598	19	2.68119509388713e-07	70863922
557600	15	2.11673296885826e-07	70863922
557722	65	9.17250953171912e-07	70863922
557760	5	7.05577656286086e-08	70863922
559292	128	1.80627880009238e-06	70863922
559295	5	7.05577656286086e-08	70863922
561229	1	1.41115531257217e-08	70863922
561276	5	7.05577656286086e-08	70863922
562970	3	4.23346593771652e-08	70863922
563040	3	4.23346593771652e-08	70863922
565040	114	1.60871705633228e-06	70863922
565042	145	2.04617520322965e-06	70863922
565050	53	7.47912315663251e-07	70863922
565655	3	4.23346593771652e-08	70863922
568706	1	1.41115531257217e-08	70863922
568707	6	8.46693187543303e-08	70863922
568814	4	5.64462125028869e-08	70863922
568816	9	1.27003978131495e-07	70863922
568817	1	1.41115531257217e-08	70863922
571800	356	5.02371291275693e-06	70863922
572307	1	1.41115531257217e-08	70863922
572477	46	6.49131443783199e-07	70863922
572479	1	1.41115531257217e-08	70863922
572480	52	7.33800762537529e-07	70863922
572544	1	1.41115531257217e-08	70863922
573059	1	1.41115531257217e-08	70863922
573061	2	2.82231062514434e-08	70863922
573062	1	1.41115531257217e-08	70863922
573065	1	1.41115531257217e-08	70863922
573235	3	4.23346593771652e-08	70863922
573370	4	5.64462125028869e-08	70863922
573729	1	1.41115531257217e-08	70863922
574087	3	4.23346593771652e-08	70863922
574093	2	2.82231062514434e-08	70863922
574521	2	2.82231062514434e-08	70863922
575614	5	7.05577656286086e-08	70863922
575788	1	1.41115531257217e-08	70863922
576789	1	1.41115531257217e-08	70863922
578455	5	7.05577656286086e-08	70863922
580327	4	5.64462125028869e-08	70863922
580332	38	5.36239018777425e-07	70863922
582402	1	1.41115531257217e-08	70863922
582744	52	7.33800762537529e-07	70863922
582899	30	4.23346593771652e-07	70863922
583345	17	2.39896403137269e-07	70863922
583346	3	4.23346593771652e-08	70863922
583355	1	1.41115531257217e-08	70863922
585034	1	1.41115531257217e-08	70863922
585035	1	1.41115531257217e-08	70863922
585054	7	9.8780871880052e-08	70863922
585055	3	4.23346593771652e-08	70863922
585056	3	4.23346593771652e-08	70863922
585057	7	9.8780871880052e-08	70863922
585394	270	3.81011934394486e-06	70863922
585395	2	2.82231062514434e-08	70863922
585396	1395	1.96856166103818e-05	70863922
585397	3	4.23346593771652e-08	70863922
590409	1	1.41115531257217e-08	70863922
590998	46	6.49131443783199e-07	70863922
591001	4	5.64462125028869e-08	70863922
591020	1	1.41115531257217e-08	70863922
591167	2	2.82231062514434e-08	70863922
591365	2	2.82231062514434e-08	70863922
591946	2	2.82231062514434e-08	70863922
592029	2	2.82231062514434e-08	70863922
592316	1	1.41115531257217e-08	70863922
593588	1	1.41115531257217e-08	70863922
593907	1	1.41115531257217e-08	70863922
595494	15	2.11673296885826e-07	70863922
595495	53	7.47912315663251e-07	70863922
595496	82	1.15714735630918e-06	70863922
595528	10	1.41115531257217e-07	70863922
595537	348	4.91082048775116e-06	70863922
596153	373	5.2636093158942e-06	70863922
596154	400	5.64462125028869e-06	70863922
604162	1	1.41115531257217e-08	70863922
610130	70	9.8780871880052e-07	70863922
617121	1	1.41115531257217e-08	70863922
622759	3	4.23346593771652e-08	70863922
626418	47	6.63242996908921e-07	70863922
627192	47	6.63242996908921e-07	70863922
627343	1	1.41115531257217e-08	70863922
630588	1	1.41115531257217e-08	70863922
632292	1	1.41115531257217e-08	70863922
632772	54	7.62023868788973e-07	70863922
633147	3	4.23346593771652e-08	70863922
633149	24	3.38677275017321e-07	70863922
633699	4	5.64462125028869e-08	70863922
634176	1	1.41115531257217e-08	70863922
634452	2	2.82231062514434e-08	70863922
634456	2	2.82231062514434e-08	70863922
634498	2	2.82231062514434e-08	70863922
634499	1	1.41115531257217e-08	70863922
634500	48	6.77354550034642e-07	70863922
635013	1	1.41115531257217e-08	70863922
637379	55	7.76135421914694e-07	70863922
637887	1	1.41115531257217e-08	70863922
637905	1	1.41115531257217e-08	70863922
637910	4	5.64462125028869e-08	70863922
639283	12	1.69338637508661e-07	70863922
640081	42	5.92685231280312e-07	70863922
640131	11	1.55227084382939e-07	70863922
640132	2	2.82231062514434e-08	70863922
640510	3	4.23346593771652e-08	70863922
640511	60	8.46693187543303e-07	70863922
640512	6	8.46693187543303e-08	70863922
640513	19	2.68119509388713e-07	70863922
642492	2	2.82231062514434e-08	70863922
643561	246	3.47144206892754e-06	70863922
643562	2	2.82231062514434e-08	70863922
643648	1	1.41115531257217e-08	70863922
643867	1	1.41115531257217e-08	70863922
644042	1	1.41115531257217e-08	70863922
644282	3	4.23346593771652e-08	70863922
644283	5	7.05577656286086e-08	70863922
644284	21	2.96342615640156e-07	70863922
644801	26	3.66900381268765e-07	70863922
645127	42	5.92685231280312e-07	70863922
645462	2	2.82231062514434e-08	70863922
645463	26	3.66900381268765e-07	70863922
645464	8	1.12892425005774e-07	70863922
645991	1	1.41115531257217e-08	70863922
646529	27	3.81011934394486e-07	70863922
648757	4	5.64462125028869e-08	70863922
648999	5	7.05577656286086e-08	70863922
649349	10	1.41115531257217e-07	70863922
649638	1	1.41115531257217e-08	70863922
649639	2	2.82231062514434e-08	70863922
649831	6	8.46693187543303e-08	70863922
650150	9	1.27003978131495e-07	70863922
652103	67	9.45474059423355e-07	70863922
653045	1	1.41115531257217e-08	70863922
653733	2	2.82231062514434e-08	70863922
655098	2	2.82231062514434e-08	70863922
655815	15	2.11673296885826e-07	70863922
656024	2	2.82231062514434e-08	70863922
656519	4	5.64462125028869e-08	70863922
657308	67	9.45474059423355e-07	70863922
657309	718	1.01320951442682e-05	70863922
657310	2	2.82231062514434e-08	70863922
657313	451	6.36431045970049e-06	70863922
657314	402	5.67284435654013e-06	70863922
657315	348	4.91082048775116e-06	70863922
657316	126	1.77805569384094e-06	70863922
657317	537	7.57790402851256e-06	70863922
657318	640	9.0313940004619e-06	70863922
657319	140	1.97561743760104e-06	70863922
657321	500	7.05577656286086e-06	70863922
657322	505	7.12633432848947e-06	70863922
657323	514	7.25333830662096e-06	70863922
657324	3	4.23346593771652e-08	70863922
661367	5	7.05577656286086e-08	70863922
661410	4	5.64462125028869e-08	70863922
662755	2	2.82231062514434e-08	70863922
663278	85	1.19948201568635e-06	70863922
663954	2	2.82231062514434e-08	70863922
665029	2	2.82231062514434e-08	70863922
665571	2	2.82231062514434e-08	70863922
666681	74	1.04425493130341e-06	70863922
666685	3	4.23346593771652e-08	70863922
667015	53	7.47912315663251e-07	70863922
669502	1	1.41115531257217e-08	70863922
670307	1	1.41115531257217e-08	70863922
670487	1	1.41115531257217e-08	70863922
674081	1	1.41115531257217e-08	70863922
675635	5	7.05577656286086e-08	70863922
679935	64	9.0313940004619e-07	70863922
679936	2	2.82231062514434e-08	70863922
680198	1	1.41115531257217e-08	70863922
680646	6	8.46693187543303e-08	70863922
682634	2	2.82231062514434e-08	70863922
684738	67	9.45474059423355e-07	70863922
685038	1	1.41115531257217e-08	70863922
685727	6	8.46693187543303e-08	70863922
688245	175	2.4695217970013e-06	70863922
688270	14	1.97561743760104e-07	70863922
690566	10	1.41115531257217e-07	70863922
690850	1	1.41115531257217e-08	70863922
691437	5	7.05577656286086e-08	70863922
693216	1	1.41115531257217e-08	70863922
693444	2	2.82231062514434e-08	70863922
693746	12	1.69338637508661e-07	70863922
693970	1	1.41115531257217e-08	70863922
693974	3	4.23346593771652e-08	70863922
693978	11	1.55227084382939e-07	70863922
693979	27	3.81011934394486e-07	70863922
693982	2	2.82231062514434e-08	70863922
694427	20	2.82231062514434e-07	70863922
694430	1	1.41115531257217e-08	70863922
695560	2	2.82231062514434e-08	70863922
696216	4	5.64462125028869e-08	70863922
696406	1	1.41115531257217e-08	70863922
696749	20	2.82231062514434e-07	70863922
697284	2	2.82231062514434e-08	70863922
697329	20	2.82231062514434e-07	70863922
698737	2	2.82231062514434e-08	70863922
698758	1	1.41115531257217e-08	70863922
698761	3	4.23346593771652e-08	70863922
698936	1	1.41115531257217e-08	70863922
698948	3	4.23346593771652e-08	70863922
698964	2	2.82231062514434e-08	70863922
698972	1	1.41115531257217e-08	70863922
698973	124	1.74983258758949e-06	70863922
699032	7	9.8780871880052e-08	70863922
699033	10	1.41115531257217e-07	70863922
699037	12	1.69338637508661e-07	70863922
700015	2	2.82231062514434e-08	70863922
700508	4	5.64462125028869e-08	70863922
700598	21	2.96342615640156e-07	70863922
701347	3	4.23346593771652e-08	70863922
701521	2	2.82231062514434e-08	70863922
702113	51	7.19689209411808e-07	70863922
702459	6	8.46693187543303e-08	70863922
706191	50	7.05577656286086e-07	70863922
708248	1	1.41115531257217e-08	70863922
709986	1	1.41115531257217e-08	70863922
709991	103	1.45348997194934e-06	70863922
710421	5	7.05577656286086e-08	70863922
710685	6	8.46693187543303e-08	70863922
710686	27	3.81011934394486e-07	70863922
710696	3	4.23346593771652e-08	70863922
712898	2	2.82231062514434e-08	70863922
712938	1	1.41115531257217e-08	70863922
712961	1	1.41115531257217e-08	70863922
713604	1	1.41115531257217e-08	70863922
714313	4	5.64462125028869e-08	70863922
715451	1	1.41115531257217e-08	70863922
716541	17	2.39896403137269e-07	70863922
716544	2	2.82231062514434e-08	70863922
717605	1	1.41115531257217e-08	70863922
717608	102	1.43937841882362e-06	70863922
717773	1	1.41115531257217e-08	70863922
717785	2	2.82231062514434e-08	70863922
717959	63	8.89027846920468e-07	70863922
717960	146	2.06028675635537e-06	70863922
717961	53	7.47912315663251e-07	70863922
717962	343	4.84026272212255e-06	70863922
718251	1	1.41115531257217e-08	70863922
718252	406	5.72929056904302e-06	70863922
718254	6	8.46693187543303e-08	70863922
718255	353	4.98137825337977e-06	70863922
718271	8	1.12892425005774e-07	70863922
718274	2	2.82231062514434e-08	70863922
720554	10	1.41115531257217e-07	70863922
722911	7	9.8780871880052e-08	70863922
741091	66	9.31362506297633e-07	70863922
742013	266	3.75367313144198e-06	70863922
743299	2	2.82231062514434e-08	70863922
743525	1559	2.19999113230002e-05	70863922
743718	4	5.64462125028869e-08	70863922
743720	17	2.39896403137269e-07	70863922
743721	11	1.55227084382939e-07	70863922
743722	2	2.82231062514434e-08	70863922
745277	7	9.8780871880052e-08	70863922
745310	15	2.11673296885826e-07	70863922
745776	3	4.23346593771652e-08	70863922
746361	10	1.41115531257217e-07	70863922
746697	3	4.23346593771652e-08	70863922
748247	36	5.08015912525982e-07	70863922
748280	20	2.82231062514434e-07	70863922
748671	5	7.05577656286086e-08	70863922
748727	2	2.82231062514434e-08	70863922
749219	6	8.46693187543303e-08	70863922
749414	1	1.41115531257217e-08	70863922
749927	6	8.46693187543303e-08	70863922
751585	156	2.20140228761259e-06	70863922
751945	109	1.53815929070367e-06	70863922
754035	7	9.8780871880052e-08	70863922
754252	60	8.46693187543303e-07	70863922
754476	7	9.8780871880052e-08	70863922
754477	4	5.64462125028869e-08	70863922
755178	3	4.23346593771652e-08	70863922
755731	1	1.41115531257217e-08	70863922
755732	17	2.39896403137269e-07	70863922
756272	2	2.82231062514434e-08	70863922
757424	206	2.90697994389867e-06	70863922
757425	2	2.82231062514434e-08	70863922
758793	38	5.36239018777425e-07	70863922
759350	84	1.18537046256062e-06	70863922
759362	3	4.23346593771652e-08	70863922
759914	1	1.41115531257217e-08	70863922
760154	1	1.41115531257217e-08	70863922
760192	35	4.9390435940026e-07	70863922
760570	14	1.97561743760104e-07	70863922
761193	1	1.41115531257217e-08	70863922
762051	2	2.82231062514434e-08	70863922
762376	208	2.93520305015012e-06	70863922
762633	120	1.69338637508661e-06	70863922
762903	5	7.05577656286086e-08	70863922
762948	6	8.46693187543303e-08	70863922
765698	11	1.55227084382939e-07	70863922
765874	6	8.46693187543303e-08	70863922
765911	10	1.41115531257217e-07	70863922
765912	4	5.64462125028869e-08	70863922
765952	5	7.05577656286086e-08	70863922
766760	1	1.41115531257217e-08	70863922
767029	2	2.82231062514434e-08	70863922
767031	2	2.82231062514434e-08	70863922
767434	1	1.41115531257217e-08	70863922
767453	2	2.82231062514434e-08	70863922
767462	1	1.41115531257217e-08	70863922
767463	103	1.45348997194934e-06	70863922
767468	1	1.41115531257217e-08	70863922
768066	1	1.41115531257217e-08	70863922
768490	4	5.64462125028869e-08	70863922
768492	3	4.23346593771652e-08	70863922
768670	1	1.41115531257217e-08	70863922
768700	1	1.41115531257217e-08	70863922
798128	116	1.63694016258372e-06	70863922
856793	1	1.41115531257217e-08	70863922
857087	1	1.41115531257217e-08	70863922
858619	2	2.82231062514434e-08	70863922
859654	1	1.41115531257217e-08	70863922
859655	9	1.27003978131495e-07	70863922
859656	46	6.49131443783199e-07	70863922
859657	14	1.97561743760104e-07	70863922
860228	4	5.64462125028869e-08	70863922
861208	3	4.23346593771652e-08	70863922
861360	19	2.68119509388713e-07	70863922
862719	7	9.8780871880052e-08	70863922
862751	3	4.23346593771652e-08	70863922
862908	2	2.82231062514434e-08	70863922
862962	105	1.48171307820078e-06	70863922
862964	1	1.41115531257217e-08	70863922
862965	9	1.27003978131495e-07	70863922
862966	2	2.82231062514434e-08	70863922
862967	2	2.82231062514434e-08	70863922
862970	3	4.23346593771652e-08	70863922
862971	3	4.23346593771652e-08	70863922
865938	6	8.46693187543303e-08	70863922
866536	10	1.41115531257217e-07	70863922
866630	1	1.41115531257217e-08	70863922
866768	63	8.89027846920468e-07	70863922
866775	3	4.23346593771652e-08	70863922
866777	13	1.83450190634382e-07	70863922
866913	1	1.41115531257217e-08	70863922
867900	9	1.27003978131495e-07	70863922
867902	3	4.23346593771652e-08	70863922
868131	4	5.64462125028869e-08	70863922
868132	2	2.82231062514434e-08	70863922
868595	1	1.41115531257217e-08	70863922
868597	116	1.63694016258372e-06	70863922
869209	40	5.64462125028869e-07	70863922
869211	1	1.41115531257217e-08	70863922
869212	2	2.82231062514434e-08	70863922
869215	1	1.41115531257217e-08	70863922
869216	1	1.41115531257217e-08	70863922
869306	1	1.41115531257217e-08	70863922
869309	25	3.52788828143043e-07	70863922
869729	14	1.97561743760104e-07	70863922
871584	1	1.41115531257217e-08	70863922
871585	28	3.95123487520208e-07	70863922
871963	1	1.41115531257217e-08	70863922
875328	4	5.64462125028869e-08	70863922
877468	1	1.41115531257217e-08	70863922
880070	1	1.41115531257217e-08	70863922
880071	10	1.41115531257217e-07	70863922
880591	5	7.05577656286086e-08	70863922
880633	1	1.41115531257217e-08	70863922
880758	84	1.18537046256062e-06	70863922
882102	1	1.41115531257217e-08	70863922
882884	1	1.41115531257217e-08	70863922
882944	1	1.41115531257217e-08	70863922
883062	11	1.55227084382939e-07	70863922
884204	1	1.41115531257217e-08	70863922
885276	1	1.41115531257217e-08	70863922
886293	1	1.41115531257217e-08	70863922
886377	1	1.41115531257217e-08	70863922
887061	46	6.49131443783199e-07	70863922
889738	107	1.50993618445222e-06	70863922
889932	1	1.41115531257217e-08	70863922
890402	160	2.25784850011547e-06	70863922
891391	2	2.82231062514434e-08	70863922
891398	2	2.82231062514434e-08	70863922
903814	8	1.12892425005774e-07	70863922
905079	7	9.8780871880052e-08	70863922
908937	9	1.27003978131495e-07	70863922
909420	1	1.41115531257217e-08	70863922
909946	2	2.82231062514434e-08	70863922
909952	131	1.84861345946955e-06	70863922
909954	3	4.23346593771652e-08	70863922
910348	4	5.64462125028869e-08	70863922
914127	1	1.41115531257217e-08	70863922
926550	2	2.82231062514434e-08	70863922
926556	8	1.12892425005774e-07	70863922
926562	4	5.64462125028869e-08	70863922
926566	3	4.23346593771652e-08	70863922
926570	3	4.23346593771652e-08	70863922
927666	18	2.54007956262991e-07	70863922
927704	5	7.05577656286086e-08	70863922
929102	79	1.11481269693202e-06	70863922
929439	4	5.64462125028869e-08	70863922
929506	3	4.23346593771652e-08	70863922
929556	15	2.11673296885826e-07	70863922
929562	18	2.54007956262991e-07	70863922
930169	45	6.35019890657477e-07	70863922
930170	1	1.41115531257217e-08	70863922
930171	4	5.64462125028869e-08	70863922
930944	19	2.68119509388713e-07	70863922
931276	11	1.55227084382939e-07	70863922
931281	45	6.35019890657477e-07	70863922
931626	3	4.23346593771652e-08	70863922
932677	50	7.05577656286086e-07	70863922
935296	7	9.8780871880052e-08	70863922
935593	1	1.41115531257217e-08	70863922
936153	5	7.05577656286086e-08	70863922
936156	1	1.41115531257217e-08	70863922
937774	3	4.23346593771652e-08	70863922
940190	1	1.41115531257217e-08	70863922
941193	41	5.7857367815459e-07	70863922
941639	6	8.46693187543303e-08	70863922
944168	1	1.41115531257217e-08	70863922
944546	39	5.50350571903147e-07	70863922
944547	140	1.97561743760104e-06	70863922
945556	10	1.41115531257217e-07	70863922
945704	42	5.92685231280312e-07	70863922
946362	2	2.82231062514434e-08	70863922
946483	53	7.47912315663251e-07	70863922
953739	1	1.41115531257217e-08	70863922
956149	3	4.23346593771652e-08	70863922
977880	88	1.24181667506351e-06	70863922
979556	92	1.2982628875664e-06	70863922
980514	5	7.05577656286086e-08	70863922
981222	2	2.82231062514434e-08	70863922
981368	39	5.50350571903147e-07	70863922
981540	51	7.19689209411808e-07	70863922
983544	56	7.90246975040416e-07	70863922
983545	1	1.41115531257217e-08	70863922
983917	303	4.27580059709368e-06	70863922
984262	3	4.23346593771652e-08	70863922
990315	26	3.66900381268765e-07	70863922
990316	18	2.54007956262991e-07	70863922
990317	2	2.82231062514434e-08	70863922
991905	38	5.36239018777425e-07	70863922
992406	1	1.41115531257217e-08	70863922
994476	21	2.96342615640156e-07	70863922
994484	158	2.22962539386403e-06	70863922
996285	176	2.48363335012702e-06	70863922
998088	22	3.10454168765878e-07	70863922
999541	28	3.95123487520208e-07	70863922
999552	2	2.82231062514434e-08	70863922
999953	6	8.46693187543303e-08	70863922
1001585	106	1.4958246313265e-06	70863922
1002672	1	1.41115531257217e-08	70863922
1002809	16	2.25784850011547e-07	70863922
1003195	3	4.23346593771652e-08	70863922
1004786	2	2.82231062514434e-08	70863922
1004952	2	2.82231062514434e-08	70863922
1005041	43	6.06796784406034e-07	70863922
1005042	44	6.20908337531756e-07	70863922
1005048	53	7.47912315663251e-07	70863922
1006543	1	1.41115531257217e-08	70863922
1006551	24	3.38677275017321e-07	70863922
1007064	1	1.41115531257217e-08	70863922
1007105	10	1.41115531257217e-07	70863922
1009846	7	9.8780871880052e-08	70863922
1016998	2	2.82231062514434e-08	70863922
1017264	3	4.23346593771652e-08	70863922
1028307	6	8.46693187543303e-08	70863922
1029756	8	1.12892425005774e-07	70863922
1030843	2	2.82231062514434e-08	70863922
1031709	119	1.67927482196088e-06	70863922
1031710	3	4.23346593771652e-08	70863922
1031711	7	9.8780871880052e-08	70863922
1032480	37	5.22127465651704e-07	70863922
1033813	1	1.41115531257217e-08	70863922
1033837	2	2.82231062514434e-08	70863922
1034807	105	1.48171307820078e-06	70863922
1034809	1	1.41115531257217e-08	70863922
1035817	62	8.74916293794746e-07	70863922
1036172	61	8.60804740669025e-07	70863922
1036672	4	5.64462125028869e-08	70863922
1036743	38	5.36239018777425e-07	70863922
1037409	24	3.38677275017321e-07	70863922
1037911	365	5.15071689088843e-06	70863922
1041504	1	1.41115531257217e-08	70863922
1041826	50	7.05577656286086e-07	70863922
1042156	25	3.52788828143043e-07	70863922
1042417	2	2.82231062514434e-08	70863922
1042876	12	1.69338637508661e-07	70863922
1042878	122	1.72160948133805e-06	70863922
1045855	47	6.63242996908921e-07	70863922
1045856	21	2.96342615640156e-07	70863922
1045858	3	4.23346593771652e-08	70863922
1046624	3	4.23346593771652e-08	70863922
1046629	110	1.55227084382939e-06	70863922
1048332	136	1.91917122509815e-06	70863922
1048689	1	1.41115531257217e-08	70863922
1049565	5	7.05577656286086e-08	70863922
1051074	12	1.69338637508661e-07	70863922
1051632	2	2.82231062514434e-08	70863922
1053648	2	2.82231062514434e-08	70863922
1053692	1	1.41115531257217e-08	70863922
1054460	13	1.83450190634382e-07	70863922
1064535	104	1.46760152507506e-06	70863922
1064539	4	5.64462125028869e-08	70863922
1069533	5	7.05577656286086e-08	70863922
1069534	4	5.64462125028869e-08	70863922
1069642	1	1.41115531257217e-08	70863922
1071378	4	5.64462125028869e-08	70863922
1071381	4	5.64462125028869e-08	70863922
1071382	2	2.82231062514434e-08	70863922
1071400	5	7.05577656286086e-08	70863922
1074919	2	2.82231062514434e-08	70863922
1075089	49	6.91466103160364e-07	70863922
1076934	10	1.41115531257217e-07	70863922
1082931	4	5.64462125028869e-08	70863922
1085623	1	1.41115531257217e-08	70863922
1089456	118	1.66516326883516e-06	70863922
1089553	2	2.82231062514434e-08	70863922
1091041	1	1.41115531257217e-08	70863922
1091045	1043	1.47183499101278e-05	70863922
1091494	2	2.82231062514434e-08	70863922
1093141	17	2.39896403137269e-07	70863922
1093787	6	8.46693187543303e-08	70863922
1094466	63	8.89027846920468e-07	70863922
1095774	50	7.05577656286086e-07	70863922
1096996	26	3.66900381268765e-07	70863922
1097668	7	9.8780871880052e-08	70863922
1097677	9	1.27003978131495e-07	70863922
1100841	1	1.41115531257217e-08	70863922
1104320	53	7.47912315663251e-07	70863922
1104322	18	2.54007956262991e-07	70863922
1104325	5	7.05577656286086e-08	70863922
1104326	6	8.46693187543303e-08	70863922
1107880	5	7.05577656286086e-08	70863922
1110502	12	1.69338637508661e-07	70863922
1110509	1	1.41115531257217e-08	70863922
1111068	3	4.23346593771652e-08	70863922
1111069	141	1.98972899072676e-06	70863922
1111678	11	1.55227084382939e-07	70863922
1112204	5	7.05577656286086e-08	70863922
1114965	13	1.83450190634382e-07	70863922
1114966	17	2.39896403137269e-07	70863922
1114967	265	3.73956157831626e-06	70863922
1114969	2264	3.1948556276634e-05	70863922
1114970	49	6.91466103160364e-07	70863922
1116231	3	4.23346593771652e-08	70863922
1116391	1	1.41115531257217e-08	70863922
1117647	12	1.69338637508661e-07	70863922
1117943	2	2.82231062514434e-08	70863922
1118963	79	1.11481269693202e-06	70863922
1121335	4	5.64462125028869e-08	70863922
1121353	6	8.46693187543303e-08	70863922
1121362	9	1.27003978131495e-07	70863922
1123519	8	1.12892425005774e-07	70863922
1123523	1	1.41115531257217e-08	70863922
1123863	50	7.05577656286086e-07	70863922
1124936	2	2.82231062514434e-08	70863922
1124983	96	1.35470910006928e-06	70863922
1125630	16	2.25784850011547e-07	70863922
1127134	40	5.64462125028869e-07	70863922
1128398	32	4.51569700023095e-07	70863922
1129794	2	2.82231062514434e-08	70863922
1131462	1	1.41115531257217e-08	70863922
1133568	2	2.82231062514434e-08	70863922
1133849	38	5.36239018777425e-07	70863922
1133850	1	1.41115531257217e-08	70863922
1133852	3	4.23346593771652e-08	70863922
1133853	6	8.46693187543303e-08	70863922
1134454	1276	1.80063417884209e-05	70863922
1136179	3507	4.94892168119061e-05	70863922
1137651	3	4.23346593771652e-08	70863922
1138308	1	1.41115531257217e-08	70863922
1138382	74	1.04425493130341e-06	70863922
1138383	2	2.82231062514434e-08	70863922
1138871	1	1.41115531257217e-08	70863922
1142511	1	1.41115531257217e-08	70863922
1144275	3	4.23346593771652e-08	70863922
1146883	4	5.64462125028869e-08	70863922
1150469	1	1.41115531257217e-08	70863922
1151116	58	8.1847008129186e-07	70863922
1155071	2	2.82231062514434e-08	70863922
1155766	18	2.54007956262991e-07	70863922
1155777	1	1.41115531257217e-08	70863922
1156431	8	1.12892425005774e-07	70863922
1156433	10	1.41115531257217e-07	70863922
1156913	4	5.64462125028869e-08	70863922
1161918	3	4.23346593771652e-08	70863922
1162668	1	1.41115531257217e-08	70863922
1163389	1	1.41115531257217e-08	70863922
1163399	78	1.10070114380629e-06	70863922
1163617	7	9.8780871880052e-08	70863922
1166018	2	2.82231062514434e-08	70863922
1166130	2	2.82231062514434e-08	70863922
1167629	2	2.82231062514434e-08	70863922
1167634	24	3.38677275017321e-07	70863922
1168287	39	5.50350571903147e-07	70863922
1170318	35	4.9390435940026e-07	70863922
1170562	3	4.23346593771652e-08	70863922
1171373	2	2.82231062514434e-08	70863922
1171376	3	4.23346593771652e-08	70863922
1171377	1	1.41115531257217e-08	70863922
1173020	42	5.92685231280312e-07	70863922
1173026	2	2.82231062514434e-08	70863922
1173027	4	5.64462125028869e-08	70863922
1179773	3	4.23346593771652e-08	70863922
1183438	1	1.41115531257217e-08	70863922
1184267	3	4.23346593771652e-08	70863922
1185652	4	5.64462125028869e-08	70863922
1187956	57	8.04358528166138e-07	70863922
1191061	80	1.12892425005774e-06	70863922
1192196	1	1.41115531257217e-08	70863922
1193292	105	1.48171307820078e-06	70863922
1194526	15	2.11673296885826e-07	70863922
1196325	14	1.97561743760104e-07	70863922
1196835	54	7.62023868788973e-07	70863922
1197325	1	1.41115531257217e-08	70863922
1197719	1	1.41115531257217e-08	70863922
1198232	1	1.41115531257217e-08	70863922
1198627	1	1.41115531257217e-08	70863922
1198676	2	2.82231062514434e-08	70863922
1199187	2	2.82231062514434e-08	70863922
1200352	1	1.41115531257217e-08	70863922
1202772	3	4.23346593771652e-08	70863922
1203670	1	1.41115531257217e-08	70863922
1204414	19	2.68119509388713e-07	70863922
1205910	30	4.23346593771652e-07	70863922
1206105	4	5.64462125028869e-08	70863922
1207075	165	2.32840626574408e-06	70863922
1208658	5	7.05577656286086e-08	70863922
1208660	3	4.23346593771652e-08	70863922
1208919	17	2.39896403137269e-07	70863922
1208920	1	1.41115531257217e-08	70863922
1208923	5	7.05577656286086e-08	70863922
1209989	2	2.82231062514434e-08	70863922
1211025	2	2.82231062514434e-08	70863922
1211579	13	1.83450190634382e-07	70863922
1211705	2	2.82231062514434e-08	70863922
1214101	5	7.05577656286086e-08	70863922
1214242	1	1.41115531257217e-08	70863922
1215088	65	9.17250953171912e-07	70863922
1216976	20	2.82231062514434e-07	70863922
1217984	1	1.41115531257217e-08	70863922
1218175	1	1.41115531257217e-08	70863922
1218933	2	2.82231062514434e-08	70863922
1219076	1	1.41115531257217e-08	70863922
1220533	1	1.41115531257217e-08	70863922
1224163	4	5.64462125028869e-08	70863922
1224746	1	1.41115531257217e-08	70863922
1228997	109	1.53815929070367e-06	70863922
1229205	1	1.41115531257217e-08	70863922
1229758	1	1.41115531257217e-08	70863922
1229785	1	1.41115531257217e-08	70863922
1229908	3	4.23346593771652e-08	70863922
1229909	5	7.05577656286086e-08	70863922
1231072	3	4.23346593771652e-08	70863922
1231626	1	1.41115531257217e-08	70863922
1232381	6	8.46693187543303e-08	70863922
1232383	2	2.82231062514434e-08	70863922
1233873	4	5.64462125028869e-08	70863922
1234380	2	2.82231062514434e-08	70863922
1234679	79	1.11481269693202e-06	70863922
1235461	1	1.41115531257217e-08	70863922
1235990	2	2.82231062514434e-08	70863922
1236903	1	1.41115531257217e-08	70863922
1236908	1	1.41115531257217e-08	70863922
1244085	3	4.23346593771652e-08	70863922
1245469	45	6.35019890657477e-07	70863922
1245471	59	8.32581634417581e-07	70863922
1246301	272	3.83834245019631e-06	70863922
1246365	2	2.82231062514434e-08	70863922
1246995	6	8.46693187543303e-08	70863922
1249480	4	5.64462125028869e-08	70863922
1249634	48	6.77354550034642e-07	70863922
1249661	6	8.46693187543303e-08	70863922
1254432	2	2.82231062514434e-08	70863922
1254439	36	5.08015912525982e-07	70863922
1255043	1	1.41115531257217e-08	70863922
1257118	9	1.27003978131495e-07	70863922
1261131	1	1.41115531257217e-08	70863922
1262456	18	2.54007956262991e-07	70863922
1265601	1	1.41115531257217e-08	70863922
1266845	84	1.18537046256062e-06	70863922
1271752	35	4.9390435940026e-07	70863922
1271862	1	1.41115531257217e-08	70863922
1271863	3	4.23346593771652e-08	70863922
1271864	2	2.82231062514434e-08	70863922
1273173	1	1.41115531257217e-08	70863922
1274814	4	5.64462125028869e-08	70863922
1276282	10	1.41115531257217e-07	70863922
1278073	1	1.41115531257217e-08	70863922
1279007	1	1.41115531257217e-08	70863922
1279008	2	2.82231062514434e-08	70863922
1280938	3	4.23346593771652e-08	70863922
1282356	134	1.89094811884671e-06	70863922
1283331	31	4.37458146897373e-07	70863922
1286170	27	3.81011934394486e-07	70863922
1286640	1	1.41115531257217e-08	70863922
1288394	14	1.97561743760104e-07	70863922
1290427	1	1.41115531257217e-08	70863922
1294143	58	8.1847008129186e-07	70863922
1298593	4	5.64462125028869e-08	70863922
1298917	1	1.41115531257217e-08	70863922
1300150	1	1.41115531257217e-08	70863922
1300257	1	1.41115531257217e-08	70863922
1300258	2	2.82231062514434e-08	70863922
1302863	6	8.46693187543303e-08	70863922
1303692	2	2.82231062514434e-08	70863922
1304892	2	2.82231062514434e-08	70863922
1305598	1	1.41115531257217e-08	70863922
1305849	6	8.46693187543303e-08	70863922
1310161	4	5.64462125028869e-08	70863922
1313172	10	1.41115531257217e-07	70863922
1321369	1	1.41115531257217e-08	70863922
1328306	2	2.82231062514434e-08	70863922
1331671	82	1.15714735630918e-06	70863922
1332188	5	7.05577656286086e-08	70863922
1335307	1	1.41115531257217e-08	70863922
1340495	8	1.12892425005774e-07	70863922
1340847	1	1.41115531257217e-08	70863922
1340851	4	5.64462125028869e-08	70863922
1343740	3	4.23346593771652e-08	70863922
1345695	4	5.64462125028869e-08	70863922
1345697	1	1.41115531257217e-08	70863922
1346614	9	1.27003978131495e-07	70863922
1348662	1	1.41115531257217e-08	70863922
1356861	1	1.41115531257217e-08	70863922
1367847	5	7.05577656286086e-08	70863922
1379702	64	9.0313940004619e-07	70863922
1380774	13	1.83450190634382e-07	70863922
1380908	71	1.00192027192624e-06	70863922
1383068	1	1.41115531257217e-08	70863922
1384484	4	5.64462125028869e-08	70863922
1385727	1	1.41115531257217e-08	70863922
1389489	68	9.59585612549077e-07	70863922
1394709	4	5.64462125028869e-08	70863922
1394711	22	3.10454168765878e-07	70863922
1399115	3	4.23346593771652e-08	70863922
1399116	3	4.23346593771652e-08	70863922
1400867	6	8.46693187543303e-08	70863922
1401659	3	4.23346593771652e-08	70863922
1408186	1	1.41115531257217e-08	70863922
1408206	1	1.41115531257217e-08	70863922
1408272	5	7.05577656286086e-08	70863922
1415630	280	3.95123487520208e-06	70863922
1415773	1	1.41115531257217e-08	70863922
1416914	37	5.22127465651704e-07	70863922
1423144	4	5.64462125028869e-08	70863922
1427342	8	1.12892425005774e-07	70863922
1430440	3	4.23346593771652e-08	70863922
1435044	4	5.64462125028869e-08	70863922
1435058	1	1.41115531257217e-08	70863922
1435356	6	8.46693187543303e-08	70863922
1436140	40	5.64462125028869e-07	70863922
