Tax.ID	Frequency	Proportion	Total
394	1	6.61842347776128e-09	151093384
883	1	6.61842347776128e-09	151093384
1639	2	1.32368469555226e-08	151093384
2762	5	3.30921173888064e-08	151093384
2771	1	6.61842347776128e-09	151093384
2787	2	1.32368469555226e-08	151093384
2829	3	1.98552704332838e-08	151093384
2832	1	6.61842347776128e-09	151093384
2839	13	8.60395052108966e-08	151093384
2850	13	8.60395052108966e-08	151093384
2880	2	1.32368469555226e-08	151093384
2898	1	6.61842347776128e-09	151093384
4950	3	1.98552704332838e-08	151093384
4959	1	6.61842347776128e-09	151093384
5061	1	6.61842347776128e-09	151093384
5145	1	6.61842347776128e-09	151093384
5518	1	6.61842347776128e-09	151093384
5749	1	6.61842347776128e-09	151093384
5786	1	6.61842347776128e-09	151093384
5823	1	6.61842347776128e-09	151093384
5851	3	1.98552704332838e-08	151093384
5901	2	1.32368469555226e-08	151093384
5905	2	1.32368469555226e-08	151093384
5911	3	1.98552704332838e-08	151093384
5932	8	5.29473878220902e-08	151093384
10359	2	1.32368469555226e-08	151093384
31271	2	1.32368469555226e-08	151093384
31964	4	2.64736939110451e-08	151093384
32051	1	6.61842347776128e-09	151093384
33657	1	6.61842347776128e-09	151093384
33658	1	6.61842347776128e-09	151093384
35128	9	5.95658112998515e-08	151093384
36809	3	1.98552704332838e-08	151093384
40041	1	6.61842347776128e-09	151093384
41431	1	6.61842347776128e-09	151093384
43926	2	1.32368469555226e-08	151093384
44056	1	6.61842347776128e-09	151093384
44058	1	6.61842347776128e-09	151093384
47573	1	6.61842347776128e-09	151093384
49266	1	6.61842347776128e-09	151093384
52970	2	1.32368469555226e-08	151093384
55529	10	6.61842347776128e-08	151093384
59374	4	2.64736939110451e-08	151093384
59922	1	6.61842347776128e-09	151093384
60480	1	6.61842347776128e-09	151093384
60481	4	2.64736939110451e-08	151093384
62928	9	5.95658112998515e-08	151093384
62977	4	2.64736939110451e-08	151093384
63118	1	6.61842347776128e-09	151093384
63186	2	1.32368469555226e-08	151093384
64471	2	1.32368469555226e-08	151093384
65071	1	6.61842347776128e-09	151093384
65393	1	6.61842347776128e-09	151093384
66692	1	6.61842347776128e-09	151093384
69328	17	1.12513199121942e-07	151093384
71421	1	6.61842347776128e-09	151093384
72520	2	1.32368469555226e-08	151093384
74557	1	6.61842347776128e-09	151093384
75379	9	5.95658112998515e-08	151093384
76114	12	7.94210817331353e-08	151093384
76869	7	4.63289643443289e-08	151093384
78245	4	2.64736939110451e-08	151093384
83129	1	6.61842347776128e-09	151093384
83406	1	6.61842347776128e-09	151093384
85643	6	3.97105408665677e-08	151093384
94122	4	2.64736939110451e-08	151093384
96563	20	1.32368469555226e-07	151093384
99287	2	1.32368469555226e-08	151093384
99598	1	6.61842347776128e-09	151093384
100226	1	6.61842347776128e-09	151093384
101510	15	9.92763521664191e-08	151093384
103690	1	6.61842347776128e-09	151093384
105559	1	6.61842347776128e-09	151093384
109269	2	1.32368469555226e-08	151093384
110662	1	6.61842347776128e-09	151093384
111780	1	6.61842347776128e-09	151093384
114416	1	6.61842347776128e-09	151093384
114615	5	3.30921173888064e-08	151093384
120807	2	1.32368469555226e-08	151093384
122587	1	6.61842347776128e-09	151093384
123214	2	1.32368469555226e-08	151093384
126793	1	6.61842347776128e-09	151093384
137722	4	2.64736939110451e-08	151093384
153948	1	6.61842347776128e-09	151093384
156889	1	6.61842347776128e-09	151093384
158878	1	6.61842347776128e-09	151093384
158879	1	6.61842347776128e-09	151093384
159087	5	3.30921173888064e-08	151093384
160488	10	6.61842347776128e-08	151093384
160492	1	6.61842347776128e-09	151093384
160619	8	5.29473878220902e-08	151093384
164037	2	1.32368469555226e-08	151093384
164756	8	5.29473878220902e-08	151093384
164757	1	6.61842347776128e-09	151093384
167542	1	6.61842347776128e-09	151093384
167879	1	6.61842347776128e-09	151093384
171101	10	6.61842347776128e-08	151093384
172968	1	6.61842347776128e-09	151093384
176279	65	4.30197526054483e-07	151093384
176280	69	4.56671219965528e-07	151093384
176299	2	1.32368469555226e-08	151093384
177437	1	6.61842347776128e-09	151093384
177439	1	6.61842347776128e-09	151093384
179408	4	2.64736939110451e-08	151093384
187303	2	1.32368469555226e-08	151093384
188937	2	1.32368469555226e-08	151093384
189423	2	1.32368469555226e-08	151093384
189918	2	1.32368469555226e-08	151093384
190485	20	1.32368469555226e-07	151093384
190486	5	3.30921173888064e-08	151093384
190650	9	5.95658112998515e-08	151093384
192952	1	6.61842347776128e-09	151093384
195103	2	1.32368469555226e-08	151093384
196162	5	3.30921173888064e-08	151093384
196164	4	2.64736939110451e-08	151093384
203120	3	1.98552704332838e-08	151093384
204536	2	1.32368469555226e-08	151093384
204773	8	5.29473878220902e-08	151093384
205913	4	2.64736939110451e-08	151093384
205918	4	2.64736939110451e-08	151093384
205922	7	4.63289643443289e-08	151093384
206672	2	1.32368469555226e-08	151093384
207559	4	2.64736939110451e-08	151093384
208435	6	3.97105408665677e-08	151093384
208596	1	6.61842347776128e-09	151093384
208963	41	2.71355362588212e-07	151093384
208964	48	3.17684326932541e-07	151093384
211110	7	4.63289643443289e-08	151093384
211586	1	6.61842347776128e-09	151093384
214684	1	6.61842347776128e-09	151093384
216591	6	3.97105408665677e-08	151093384
216595	25	1.65460586944032e-07	151093384
216596	4	2.64736939110451e-08	151093384
218493	1	6.61842347776128e-09	151093384
220341	762	5.04323869005409e-06	151093384
220664	14	9.26579286886579e-08	151093384
223283	1	6.61842347776128e-09	151093384
224308	1	6.61842347776128e-09	151093384
224911	28	1.85315857377316e-07	151093384
225849	1	6.61842347776128e-09	151093384
225937	1	6.61842347776128e-09	151093384
227882	2	1.32368469555226e-08	151093384
228405	1	6.61842347776128e-09	151093384
229533	2	1.32368469555226e-08	151093384
231023	10	6.61842347776128e-08	151093384
232721	208	1.37663208337435e-06	151093384
234267	2	1.32368469555226e-08	151093384
234621	635	4.20269890837841e-06	151093384
234831	1	6.61842347776128e-09	151093384
235909	1	6.61842347776128e-09	151093384
242231	4	2.64736939110451e-08	151093384
242619	1	6.61842347776128e-09	151093384
243160	1	6.61842347776128e-09	151093384
243233	3	1.98552704332838e-08	151093384
243243	6	3.97105408665677e-08	151093384
243276	2	1.32368469555226e-08	151093384
243277	1	6.61842347776128e-09	151093384
243365	3	1.98552704332838e-08	151093384
245018	2	1.32368469555226e-08	151093384
246196	3	1.98552704332838e-08	151093384
246198	2	1.32368469555226e-08	151093384
247156	3	1.98552704332838e-08	151093384
251229	1	6.61842347776128e-09	151093384
257310	3	1.98552704332838e-08	151093384
257311	1	6.61842347776128e-09	151093384
257313	3	1.98552704332838e-08	151093384
258594	4	2.64736939110451e-08	151093384
261292	3	1.98552704332838e-08	151093384
262316	5	3.30921173888064e-08	151093384
262543	3	1.98552704332838e-08	151093384
262724	27	1.78697433899554e-07	151093384
262727	2	1.32368469555226e-08	151093384
264198	13	8.60395052108966e-08	151093384
264203	2	1.32368469555226e-08	151093384
264462	1	6.61842347776128e-09	151093384
264730	2	1.32368469555226e-08	151093384
265072	4	2.64736939110451e-08	151093384
266117	1	6.61842347776128e-09	151093384
266264	37	2.44881668677167e-07	151093384
266265	7	4.63289643443289e-08	151093384
266779	7	4.63289643443289e-08	151093384
266834	1	6.61842347776128e-09	151093384
266835	2	1.32368469555226e-08	151093384
266940	4	2.64736939110451e-08	151093384
267608	16	1.0589477564418e-07	151093384
267747	32	2.11789551288361e-07	151093384
269482	16	1.0589477564418e-07	151093384
269800	5	3.30921173888064e-08	151093384
271848	2	1.32368469555226e-08	151093384
272560	1	6.61842347776128e-09	151093384
272562	3	1.98552704332838e-08	151093384
272563	4	2.64736939110451e-08	151093384
272568	3	1.98552704332838e-08	151093384
272620	22	1.45605316510748e-07	151093384
272621	1	6.61842347776128e-09	151093384
272622	20	1.32368469555226e-07	151093384
272623	27	1.78697433899554e-07	151093384
272626	1	6.61842347776128e-09	151093384
272630	16	1.0589477564418e-07	151093384
272831	3	1.98552704332838e-08	151093384
272843	1	6.61842347776128e-09	151093384
272942	2	1.32368469555226e-08	151093384
273119	15	9.92763521664191e-08	151093384
273133	3	1.98552704332838e-08	151093384
278137	3	1.98552704332838e-08	151093384
278197	4	2.64736939110451e-08	151093384
279010	8	5.29473878220902e-08	151093384
279238	13	8.60395052108966e-08	151093384
279808	7	4.63289643443289e-08	151093384
280463	1	6.61842347776128e-09	151093384
281090	4	2.64736939110451e-08	151093384
281310	1	6.61842347776128e-09	151093384
284592	1	6.61842347776128e-09	151093384
284593	2	1.32368469555226e-08	151093384
284811	3	1.98552704332838e-08	151093384
285951	1	6.61842347776128e-09	151093384
288000	13	8.60395052108966e-08	151093384
288705	2	1.32368469555226e-08	151093384
289376	1	6.61842347776128e-09	151093384
289380	2	1.32368469555226e-08	151093384
290339	4	2.64736939110451e-08	151093384
290340	8	5.29473878220902e-08	151093384
290397	1	6.61842347776128e-09	151093384
290398	2	1.32368469555226e-08	151093384
290399	4	2.64736939110451e-08	151093384
292415	9	5.95658112998515e-08	151093384
292564	5	3.30921173888064e-08	151093384
296543	10	6.61842347776128e-08	151093384
296591	20	1.32368469555226e-07	151093384
298654	1	6.61842347776128e-09	151093384
300852	14	9.26579286886579e-08	151093384
306537	3	1.98552704332838e-08	151093384
309800	2	1.32368469555226e-08	151093384
311402	2	1.32368469555226e-08	151093384
311403	1	6.61842347776128e-09	151093384
313598	2	1.32368469555226e-08	151093384
314225	3	1.98552704332838e-08	151093384
314315	1	6.61842347776128e-09	151093384
314565	14	9.26579286886579e-08	151093384
315730	2	1.32368469555226e-08	151093384
316055	12	7.94210817331353e-08	151093384
316056	4	2.64736939110451e-08	151093384
316057	6	3.97105408665677e-08	151093384
316058	4	2.64736939110451e-08	151093384
316067	1	6.61842347776128e-09	151093384
316273	4	2.64736939110451e-08	151093384
316385	2	1.32368469555226e-08	151093384
317655	10	6.61842347776128e-08	151093384
318586	4	2.64736939110451e-08	151093384
319224	1	6.61842347776128e-09	151093384
319795	9	5.95658112998515e-08	151093384
320373	3	1.98552704332838e-08	151093384
320388	4	2.64736939110451e-08	151093384
320389	1	6.61842347776128e-09	151093384
321967	4	2.64736939110451e-08	151093384
322159	6	3.97105408665677e-08	151093384
322710	17	1.12513199121942e-07	151093384
323097	2	1.32368469555226e-08	151093384
323098	1	6.61842347776128e-09	151093384
324602	1	6.61842347776128e-09	151093384
324831	3	1.98552704332838e-08	151093384
325240	1	6.61842347776128e-09	151093384
326424	4	2.64736939110451e-08	151093384
326425	2	1.32368469555226e-08	151093384
329726	2	1.32368469555226e-08	151093384
330214	1	6.61842347776128e-09	151093384
330879	3	1.98552704332838e-08	151093384
331111	8	5.29473878220902e-08	151093384
331112	8	5.29473878220902e-08	151093384
331271	20	1.32368469555226e-07	151093384
331272	6	3.97105408665677e-08	151093384
334390	2	1.32368469555226e-08	151093384
334413	2	1.32368469555226e-08	151093384
335283	2	1.32368469555226e-08	151093384
335541	1	6.61842347776128e-09	151093384
335659	28	1.85315857377316e-07	151093384
338969	8	5.29473878220902e-08	151093384
339670	31	2.051711278106e-07	151093384
340099	2	1.32368469555226e-08	151093384
340100	29	1.91934280855077e-07	151093384
340322	3	1.98552704332838e-08	151093384
342108	2	1.32368469555226e-08	151093384
342451	10	6.61842347776128e-08	151093384
342610	1	6.61842347776128e-09	151093384
345219	3	1.98552704332838e-08	151093384
347253	5	3.30921173888064e-08	151093384
347327	1	6.61842347776128e-09	151093384
347515	2	1.32368469555226e-08	151093384
349101	7	4.63289643443289e-08	151093384
349102	2	1.32368469555226e-08	151093384
349163	3	1.98552704332838e-08	151093384
349519	2	1.32368469555226e-08	151093384
350054	4	2.64736939110451e-08	151093384
350058	4	2.64736939110451e-08	151093384
351348	8	5.29473878220902e-08	151093384
351745	8	5.29473878220902e-08	151093384
351746	10	6.61842347776128e-08	151093384
352914	8	5.29473878220902e-08	151093384
353151	1	6.61842347776128e-09	151093384
353152	1	6.61842347776128e-09	151093384
353153	2	1.32368469555226e-08	151093384
355278	1	6.61842347776128e-09	151093384
357244	1	6.61842347776128e-09	151093384
357348	9	5.95658112998515e-08	151093384
357808	1	6.61842347776128e-09	151093384
358220	182	1.20455307295255e-06	151093384
359786	6	3.97105408665677e-08	151093384
359787	1	6.61842347776128e-09	151093384
360094	2	1.32368469555226e-08	151093384
360095	1	6.61842347776128e-09	151093384
360115	1	6.61842347776128e-09	151093384
360910	7	4.63289643443289e-08	151093384
362663	3	1.98552704332838e-08	151093384
362976	1	6.61842347776128e-09	151093384
365044	34	2.25026398243883e-07	151093384
365046	39	2.5811851563269e-07	151093384
365659	30	1.98552704332838e-07	151093384
366394	2	1.32368469555226e-08	151093384
366602	3	1.98552704332838e-08	151093384
367737	3	1.98552704332838e-08	151093384
367928	8	5.29473878220902e-08	151093384
368407	1	6.61842347776128e-09	151093384
369723	2	1.32368469555226e-08	151093384
370438	1	6.61842347776128e-09	151093384
373153	15	9.92763521664191e-08	151093384
373384	9	5.95658112998515e-08	151093384
374833	1	6.61842347776128e-09	151093384
374931	1	6.61842347776128e-09	151093384
375286	11	7.2802658255374e-08	151093384
376686	2	1.32368469555226e-08	151093384
376758	3	1.98552704332838e-08	151093384
378753	11	7.2802658255374e-08	151093384
378806	3	1.98552704332838e-08	151093384
379066	1	6.61842347776128e-09	151093384
379731	24	1.58842163466271e-07	151093384
380358	2	1.32368469555226e-08	151093384
380703	1	6.61842347776128e-09	151093384
381666	13	8.60395052108966e-08	151093384
381754	32	2.11789551288361e-07	151093384
382245	11	7.2802658255374e-08	151093384
383407	1	6.61842347776128e-09	151093384
384676	33	2.18407974766122e-07	151093384
387344	1	6.61842347776128e-09	151093384
388919	5	3.30921173888064e-08	151093384
390235	12	7.94210817331353e-08	151093384
390333	10	6.61842347776128e-08	151093384
391008	16	1.0589477564418e-07	151093384
391037	3	1.98552704332838e-08	151093384
391038	5	3.30921173888064e-08	151093384
391165	1	6.61842347776128e-09	151093384
391735	30	1.98552704332838e-07	151093384
392499	21	1.38986893032987e-07	151093384
393595	1	6.61842347776128e-09	151093384
395019	29	1.91934280855077e-07	151093384
395491	2	1.32368469555226e-08	151093384
395492	1	6.61842347776128e-09	151093384
395494	1	6.61842347776128e-09	151093384
395495	28	1.85315857377316e-07	151093384
395960	7	4.63289643443289e-08	151093384
395961	2	1.32368469555226e-08	151093384
395962	1	6.61842347776128e-09	151093384
396513	2	1.32368469555226e-08	151093384
396588	4	2.64736939110451e-08	151093384
396595	1	6.61842347776128e-09	151093384
397945	44	2.91210633021496e-07	151093384
398511	1	6.61842347776128e-09	151093384
398527	15	9.92763521664191e-08	151093384
398577	5	3.30921173888064e-08	151093384
398578	82	5.42710725176425e-07	151093384
398767	1	6.61842347776128e-09	151093384
399739	57	3.77250138232393e-07	151093384
399741	1	6.61842347776128e-09	151093384
399742	2	1.32368469555226e-08	151093384
400667	19	1.25750046077464e-07	151093384
400756	7	4.63289643443289e-08	151093384
402626	16	1.0589477564418e-07	151093384
402881	5	3.30921173888064e-08	151093384
402882	1	6.61842347776128e-09	151093384
403677	6	3.97105408665677e-08	151093384
404380	2	1.32368469555226e-08	151093384
404589	2	1.32368469555226e-08	151093384
405416	10	6.61842347776128e-08	151093384
405566	4	2.64736939110451e-08	151093384
405948	5	3.30921173888064e-08	151093384
405955	5	3.30921173888064e-08	151093384
406425	6	3.97105408665677e-08	151093384
409438	1	6.61842347776128e-09	151093384
412022	4	2.64736939110451e-08	151093384
412030	1	6.61842347776128e-09	151093384
416344	5	3.30921173888064e-08	151093384
416870	16	1.0589477564418e-07	151093384
418127	1	6.61842347776128e-09	151093384
419610	23	1.52223739988509e-07	151093384
420662	34	2.25026398243883e-07	151093384
420889	2	1.32368469555226e-08	151093384
423368	9	5.95658112998515e-08	151093384
424182	2	1.32368469555226e-08	151093384
425011	3	1.98552704332838e-08	151093384
426114	5	3.30921173888064e-08	151093384
426117	13	8.60395052108966e-08	151093384
426355	40	2.64736939110451e-07	151093384
426430	2	1.32368469555226e-08	151093384
428406	17	1.12513199121942e-07	151093384
431947	3	1.98552704332838e-08	151093384
434924	1	6.61842347776128e-09	151093384
435258	2	1.32368469555226e-08	151093384
435590	10	6.61842347776128e-08	151093384
435591	5	3.30921173888064e-08	151093384
436717	7	4.63289643443289e-08	151093384
438753	2	1.32368469555226e-08	151093384
439375	2	1.32368469555226e-08	151093384
439843	766	5.06971238396514e-06	151093384
439855	1	6.61842347776128e-09	151093384
440085	16	1.0589477564418e-07	151093384
441620	79	5.22855454743141e-07	151093384
442563	1	6.61842347776128e-09	151093384
443906	6	3.97105408665677e-08	151093384
446462	4	2.64736939110451e-08	151093384
446465	3	1.98552704332838e-08	151093384
446466	1	6.61842347776128e-09	151093384
446468	1	6.61842347776128e-09	151093384
446469	2	1.32368469555226e-08	151093384
446471	4	2.64736939110451e-08	151093384
450851	5	3.30921173888064e-08	151093384
451516	1	6.61842347776128e-09	151093384
452637	1	6.61842347776128e-09	151093384
452652	2	1.32368469555226e-08	151093384
452662	7	4.63289643443289e-08	151093384
452863	1	6.61842347776128e-09	151093384
454169	763	5.04985711353185e-06	151093384
455488	1	6.61842347776128e-09	151093384
455632	2	1.32368469555226e-08	151093384
456481	1	6.61842347776128e-09	151093384
457425	1	6.61842347776128e-09	151093384
460265	11	7.2802658255374e-08	151093384
464988	3	1.98552704332838e-08	151093384
465515	19	1.25750046077464e-07	151093384
467705	7	4.63289643443289e-08	151093384
469371	2	1.32368469555226e-08	151093384
469607	1	6.61842347776128e-09	151093384
471223	1	6.61842347776128e-09	151093384
471852	1	6.61842347776128e-09	151093384
471857	6	3.97105408665677e-08	151093384
472759	2	1.32368469555226e-08	151093384
477641	5	3.30921173888064e-08	151093384
478801	9	5.95658112998515e-08	151093384
479431	7	4.63289643443289e-08	151093384
479432	5	3.30921173888064e-08	151093384
479433	4	2.64736939110451e-08	151093384
479436	4	2.64736939110451e-08	151093384
479437	1	6.61842347776128e-09	151093384
480119	10	6.61842347776128e-08	151093384
480224	1	6.61842347776128e-09	151093384
481805	12	7.94210817331353e-08	151093384
481877	1	6.61842347776128e-09	151093384
482957	6	3.97105408665677e-08	151093384
483219	2	1.32368469555226e-08	151093384
484020	1	6.61842347776128e-09	151093384
484021	12	7.94210817331353e-08	151093384
485917	4	2.64736939110451e-08	151093384
487213	5	3.30921173888064e-08	151093384
487214	10	6.61842347776128e-08	151093384
488222	1	6.61842347776128e-09	151093384
488223	2	1.32368469555226e-08	151093384
489653	1	6.61842347776128e-09	151093384
491915	9	5.95658112998515e-08	151093384
491916	1	6.61842347776128e-09	151093384
497978	7	4.63289643443289e-08	151093384
502025	5	3.30921173888064e-08	151093384
504346	1	6.61842347776128e-09	151093384
504474	4	2.64736939110451e-08	151093384
504728	22	1.45605316510748e-07	151093384
504832	4	2.64736939110451e-08	151093384
505682	13	8.60395052108966e-08	151093384
507522	5	3.30921173888064e-08	151093384
509169	28	1.85315857377316e-07	151093384
509170	14	9.26579286886579e-08	151093384
509173	30	1.98552704332838e-07	151093384
509190	3	1.98552704332838e-08	151093384
510516	1	6.61842347776128e-09	151093384
511062	3	1.98552704332838e-08	151093384
511995	1	6.61842347776128e-09	151093384
512564	2	1.32368469555226e-08	151093384
512565	1	6.61842347776128e-09	151093384
512566	3	1.98552704332838e-08	151093384
515619	1	6.61842347776128e-09	151093384
515620	3	1.98552704332838e-08	151093384
515622	2	1.32368469555226e-08	151093384
516950	4	2.64736939110451e-08	151093384
521006	4	2.64736939110451e-08	151093384
521096	1	6.61842347776128e-09	151093384
521097	1	6.61842347776128e-09	151093384
522306	2	1.32368469555226e-08	151093384
522373	15	9.92763521664191e-08	151093384
523791	2	1.32368469555226e-08	151093384
523794	1	6.61842347776128e-09	151093384
525284	4	2.64736939110451e-08	151093384
525381	4	2.64736939110451e-08	151093384
525897	1	6.61842347776128e-09	151093384
525919	1	6.61842347776128e-09	151093384
526225	2	1.32368469555226e-08	151093384
526226	4	2.64736939110451e-08	151093384
526227	6	3.97105408665677e-08	151093384
529507	1	6.61842347776128e-09	151093384
530564	1	6.61842347776128e-09	151093384
535289	100	6.61842347776128e-07	151093384
536019	4	2.64736939110451e-08	151093384
536056	2	1.32368469555226e-08	151093384
543728	90	5.95658112998515e-07	151093384
543734	1	6.61842347776128e-09	151093384
543891	14	9.26579286886579e-08	151093384
543913	5	3.30921173888064e-08	151093384
544556	3	1.98552704332838e-08	151093384
545693	2	1.32368469555226e-08	151093384
546342	2	1.32368469555226e-08	151093384
546414	1	6.61842347776128e-09	151093384
548473	1	6.61842347776128e-09	151093384
548476	5	3.30921173888064e-08	151093384
550542	3	1.98552704332838e-08	151093384
553174	6	3.97105408665677e-08	151093384
553190	6	3.97105408665677e-08	151093384
553199	1149	7.60456857594771e-06	151093384
556484	2	1.32368469555226e-08	151093384
557598	3	1.98552704332838e-08	151093384
557599	2	1.32368469555226e-08	151093384
557600	11	7.2802658255374e-08	151093384
557722	27	1.78697433899554e-07	151093384
557760	2	1.32368469555226e-08	151093384
559292	51	3.37539597365825e-07	151093384
559295	2	1.32368469555226e-08	151093384
559307	1	6.61842347776128e-09	151093384
561231	1	6.61842347776128e-09	151093384
561276	2	1.32368469555226e-08	151093384
565040	5	3.30921173888064e-08	151093384
565042	2	1.32368469555226e-08	151093384
565050	8	5.29473878220902e-08	151093384
565575	1	6.61842347776128e-09	151093384
568206	1	6.61842347776128e-09	151093384
568706	1	6.61842347776128e-09	151093384
568707	4	2.64736939110451e-08	151093384
570417	2	1.32368469555226e-08	151093384
572263	1	6.61842347776128e-09	151093384
572477	4	2.64736939110451e-08	151093384
572480	1	6.61842347776128e-09	151093384
573729	4	2.64736939110451e-08	151093384
575540	3	1.98552704332838e-08	151093384
575614	2	1.32368469555226e-08	151093384
577650	1	6.61842347776128e-09	151093384
578455	2	1.32368469555226e-08	151093384
579138	2	1.32368469555226e-08	151093384
579405	1	6.61842347776128e-09	151093384
580327	3	1.98552704332838e-08	151093384
580332	5	3.30921173888064e-08	151093384
581103	1	6.61842347776128e-09	151093384
582744	1	6.61842347776128e-09	151093384
582899	2	1.32368469555226e-08	151093384
583345	2	1.32368469555226e-08	151093384
585034	1	6.61842347776128e-09	151093384
585035	1	6.61842347776128e-09	151093384
585054	1	6.61842347776128e-09	151093384
585057	1	6.61842347776128e-09	151093384
585394	1	6.61842347776128e-09	151093384
585396	764	5.05647553700961e-06	151093384
590409	1	6.61842347776128e-09	151093384
590998	1	6.61842347776128e-09	151093384
592022	2	1.32368469555226e-08	151093384
593907	3	1.98552704332838e-08	151093384
595494	2	1.32368469555226e-08	151093384
595495	3	1.98552704332838e-08	151093384
595496	1	6.61842347776128e-09	151093384
595528	2	1.32368469555226e-08	151093384
595537	80	5.29473878220902e-07	151093384
596153	61	4.03723832143438e-07	151093384
596154	62	4.10342255621199e-07	151093384
598659	2	1.32368469555226e-08	151093384
604162	4	2.64736939110451e-08	151093384
610130	2	1.32368469555226e-08	151093384
626418	4	2.64736939110451e-08	151093384
627192	6	3.97105408665677e-08	151093384
630588	2	1.32368469555226e-08	151093384
630626	1	6.61842347776128e-09	151093384
632772	7	4.63289643443289e-08	151093384
633149	1	6.61842347776128e-09	151093384
634452	1	6.61842347776128e-09	151093384
634956	1	6.61842347776128e-09	151093384
637379	7	4.63289643443289e-08	151093384
637909	1	6.61842347776128e-09	151093384
639283	1	6.61842347776128e-09	151093384
640081	12	7.94210817331353e-08	151093384
640131	5	3.30921173888064e-08	151093384
640132	1	6.61842347776128e-09	151093384
640510	3	1.98552704332838e-08	151093384
640511	3	1.98552704332838e-08	151093384
640512	3	1.98552704332838e-08	151093384
640513	2	1.32368469555226e-08	151093384
643561	39	2.5811851563269e-07	151093384
643867	2	1.32368469555226e-08	151093384
644282	1	6.61842347776128e-09	151093384
644801	16	1.0589477564418e-07	151093384
644966	1	6.61842347776128e-09	151093384
645127	16	1.0589477564418e-07	151093384
646529	1	6.61842347776128e-09	151093384
648757	1	6.61842347776128e-09	151093384
648999	1	6.61842347776128e-09	151093384
649831	1	6.61842347776128e-09	151093384
652103	5	3.30921173888064e-08	151093384
655816	1	6.61842347776128e-09	151093384
657309	1	6.61842347776128e-09	151093384
657313	3	1.98552704332838e-08	151093384
657315	2	1.32368469555226e-08	151093384
657316	1	6.61842347776128e-09	151093384
657318	1	6.61842347776128e-09	151093384
657321	1	6.61842347776128e-09	151093384
657323	1	6.61842347776128e-09	151093384
661410	11	7.2802658255374e-08	151093384
662598	1	6.61842347776128e-09	151093384
662755	4	2.64736939110451e-08	151093384
666681	1	6.61842347776128e-09	151093384
666685	5	3.30921173888064e-08	151093384
666686	1	6.61842347776128e-09	151093384
670307	1	6.61842347776128e-09	151093384
670487	1	6.61842347776128e-09	151093384
680198	1	6.61842347776128e-09	151093384
680646	7	4.63289643443289e-08	151093384
682634	1	6.61842347776128e-09	151093384
682795	2	1.32368469555226e-08	151093384
683837	1	6.61842347776128e-09	151093384
684738	23	1.52223739988509e-07	151093384
685727	3	1.98552704332838e-08	151093384
688245	16	1.0589477564418e-07	151093384
690566	8	5.29473878220902e-08	151093384
691437	2	1.32368469555226e-08	151093384
693216	1	6.61842347776128e-09	151093384
693978	2	1.32368469555226e-08	151093384
693982	1	6.61842347776128e-09	151093384
695560	1	6.61842347776128e-09	151093384
696406	1	6.61842347776128e-09	151093384
696749	1	6.61842347776128e-09	151093384
697283	4	2.64736939110451e-08	151093384
698737	7	4.63289643443289e-08	151093384
698761	3	1.98552704332838e-08	151093384
698948	2	1.32368469555226e-08	151093384
698973	1	6.61842347776128e-09	151093384
700508	2	1.32368469555226e-08	151093384
702113	10	6.61842347776128e-08	151093384
706191	1	6.61842347776128e-09	151093384
706194	1	6.61842347776128e-09	151093384
707241	1	6.61842347776128e-09	151093384
709986	1	6.61842347776128e-09	151093384
709991	1	6.61842347776128e-09	151093384
710421	2	1.32368469555226e-08	151093384
710685	1	6.61842347776128e-09	151093384
710696	4	2.64736939110451e-08	151093384
712938	1	6.61842347776128e-09	151093384
713604	1	6.61842347776128e-09	151093384
713887	3	1.98552704332838e-08	151093384
716541	13	8.60395052108966e-08	151093384
717605	1	6.61842347776128e-09	151093384
717608	1	6.61842347776128e-09	151093384
717774	1	6.61842347776128e-09	151093384
717960	1	6.61842347776128e-09	151093384
717962	1	6.61842347776128e-09	151093384
718252	2	1.32368469555226e-08	151093384
718254	3	1.98552704332838e-08	151093384
718255	4	2.64736939110451e-08	151093384
718274	1	6.61842347776128e-09	151093384
741091	1	6.61842347776128e-09	151093384
742013	72	4.76526490398812e-07	151093384
743525	285	1.88625069116196e-06	151093384
743718	2	1.32368469555226e-08	151093384
743720	23	1.52223739988509e-07	151093384
743721	7	4.63289643443289e-08	151093384
744533	2	1.32368469555226e-08	151093384
745310	13	8.60395052108966e-08	151093384
745776	2	1.32368469555226e-08	151093384
746361	1	6.61842347776128e-09	151093384
748247	6	3.97105408665677e-08	151093384
748280	2	1.32368469555226e-08	151093384
748671	4	2.64736939110451e-08	151093384
749927	2	1.32368469555226e-08	151093384
751945	23	1.52223739988509e-07	151093384
754035	1	6.61842347776128e-09	151093384
754252	3	1.98552704332838e-08	151093384
754477	2	1.32368469555226e-08	151093384
755732	1	6.61842347776128e-09	151093384
757424	20	1.32368469555226e-07	151093384
758793	2	1.32368469555226e-08	151093384
759350	5	3.30921173888064e-08	151093384
759362	1	6.61842347776128e-09	151093384
760570	2	1.32368469555226e-08	151093384
762051	3	1.98552704332838e-08	151093384
762376	11	7.2802658255374e-08	151093384
762550	1	6.61842347776128e-09	151093384
762633	51	3.37539597365825e-07	151093384
762903	1	6.61842347776128e-09	151093384
762948	8	5.29473878220902e-08	151093384
765698	5	3.30921173888064e-08	151093384
765911	4	2.64736939110451e-08	151093384
767029	2	1.32368469555226e-08	151093384
767031	2	1.32368469555226e-08	151093384
767462	3	1.98552704332838e-08	151093384
767463	4	2.64736939110451e-08	151093384
768066	1	6.61842347776128e-09	151093384
768670	1	6.61842347776128e-09	151093384
768704	4	2.64736939110451e-08	151093384
797210	1	6.61842347776128e-09	151093384
798128	48	3.17684326932541e-07	151093384
856793	1	6.61842347776128e-09	151093384
859655	3	1.98552704332838e-08	151093384
859656	11	7.2802658255374e-08	151093384
859657	3	1.98552704332838e-08	151093384
861208	1	6.61842347776128e-09	151093384
861360	5	3.30921173888064e-08	151093384
862719	2	1.32368469555226e-08	151093384
862962	1	6.61842347776128e-09	151093384
862965	11	7.2802658255374e-08	151093384
862967	1	6.61842347776128e-09	151093384
862970	1	6.61842347776128e-09	151093384
866768	5	3.30921173888064e-08	151093384
866777	1	6.61842347776128e-09	151093384
868597	12	7.94210817331353e-08	151093384
869210	1	6.61842347776128e-09	151093384
869215	1	6.61842347776128e-09	151093384
869269	2	1.32368469555226e-08	151093384
869309	20	1.32368469555226e-07	151093384
871585	11	7.2802658255374e-08	151093384
879243	1	6.61842347776128e-09	151093384
880071	1	6.61842347776128e-09	151093384
880591	1	6.61842347776128e-09	151093384
880633	3	1.98552704332838e-08	151093384
880758	10	6.61842347776128e-08	151093384
882378	2	1.32368469555226e-08	151093384
882884	4	2.64736939110451e-08	151093384
886293	3	1.98552704332838e-08	151093384
887061	2	1.32368469555226e-08	151093384
889738	8	5.29473878220902e-08	151093384
890402	5	3.30921173888064e-08	151093384
905079	4	2.64736939110451e-08	151093384
909952	107	7.08171312120457e-07	151093384
910348	3	1.98552704332838e-08	151093384
926570	3	1.98552704332838e-08	151093384
927666	12	7.94210817331353e-08	151093384
929102	24	1.58842163466271e-07	151093384
929556	1	6.61842347776128e-09	151093384
930169	2	1.32368469555226e-08	151093384
930170	1	6.61842347776128e-09	151093384
930171	3	1.98552704332838e-08	151093384
931281	6	3.97105408665677e-08	151093384
932677	1	6.61842347776128e-09	151093384
935296	1	6.61842347776128e-09	151093384
935588	2	1.32368469555226e-08	151093384
935593	1	6.61842347776128e-09	151093384
935599	1	6.61842347776128e-09	151093384
936153	1	6.61842347776128e-09	151093384
937773	1	6.61842347776128e-09	151093384
937777	1	6.61842347776128e-09	151093384
940296	3	1.98552704332838e-08	151093384
941193	6	3.97105408665677e-08	151093384
941639	3	1.98552704332838e-08	151093384
944547	1	6.61842347776128e-09	151093384
945556	2	1.32368469555226e-08	151093384
946483	3	1.98552704332838e-08	151093384
953739	1	6.61842347776128e-09	151093384
956149	1	6.61842347776128e-09	151093384
977880	17	1.12513199121942e-07	151093384
979556	6	3.97105408665677e-08	151093384
979982	2	1.32368469555226e-08	151093384
980514	2	1.32368469555226e-08	151093384
981368	3	1.98552704332838e-08	151093384
983917	20	1.32368469555226e-07	151093384
984892	3	1.98552704332838e-08	151093384
985002	1	6.61842347776128e-09	151093384
990315	16	1.0589477564418e-07	151093384
990316	1	6.61842347776128e-09	151093384
991791	1	6.61842347776128e-09	151093384
991905	6	3.97105408665677e-08	151093384
994484	8	5.29473878220902e-08	151093384
996285	16	1.0589477564418e-07	151093384
998088	1	6.61842347776128e-09	151093384
999541	7	4.63289643443289e-08	151093384
999552	1	6.61842347776128e-09	151093384
1001585	45	2.97829056499257e-07	151093384
1005041	1	6.61842347776128e-09	151093384
1005042	1	6.61842347776128e-09	151093384
1005048	20	1.32368469555226e-07	151093384
1006007	3	1.98552704332838e-08	151093384
1006551	2	1.32368469555226e-08	151093384
1009464	3	1.98552704332838e-08	151093384
1009846	5	3.30921173888064e-08	151093384
1016998	2	1.32368469555226e-08	151093384
1017264	2	1.32368469555226e-08	151093384
1029756	2	1.32368469555226e-08	151093384
1030843	1	6.61842347776128e-09	151093384
1031709	61	4.03723832143438e-07	151093384
1031710	1	6.61842347776128e-09	151093384
1031711	6	3.97105408665677e-08	151093384
1032480	1	6.61842347776128e-09	151093384
1033806	1	6.61842347776128e-09	151093384
1033837	2	1.32368469555226e-08	151093384
1034807	3	1.98552704332838e-08	151093384
1034809	2	1.32368469555226e-08	151093384
1035817	1	6.61842347776128e-09	151093384
1037409	18	1.19131622599703e-07	151093384
1037911	47	3.1106590345478e-07	151093384
1041826	1	6.61842347776128e-09	151093384
1042876	19	1.25750046077464e-07	151093384
1042878	5	3.30921173888064e-08	151093384
1045855	4	2.64736939110451e-08	151093384
1045856	2	1.32368469555226e-08	151093384
1046624	2	1.32368469555226e-08	151093384
1046629	5	3.30921173888064e-08	151093384
1048332	6	3.97105408665677e-08	151093384
1049565	1	6.61842347776128e-09	151093384
1051074	2	1.32368469555226e-08	151093384
1054460	13	8.60395052108966e-08	151093384
1064535	1	6.61842347776128e-09	151093384
1064539	2	1.32368469555226e-08	151093384
1069533	2	1.32368469555226e-08	151093384
1069642	1	6.61842347776128e-09	151093384
1071378	3	1.98552704332838e-08	151093384
1071381	2	1.32368469555226e-08	151093384
1071382	1	6.61842347776128e-09	151093384
1074919	2	1.32368469555226e-08	151093384
1076934	1	6.61842347776128e-09	151093384
1089456	40	2.64736939110451e-07	151093384
1091045	495	3.27611962149183e-06	151093384
1093141	4	2.64736939110451e-08	151093384
1093787	3	1.98552704332838e-08	151093384
1094466	2	1.32368469555226e-08	151093384
1095774	1	6.61842347776128e-09	151093384
1096995	2	1.32368469555226e-08	151093384
1096996	5	3.30921173888064e-08	151093384
1097668	3	1.98552704332838e-08	151093384
1097677	3	1.98552704332838e-08	151093384
1104322	13	8.60395052108966e-08	151093384
1104326	3	1.98552704332838e-08	151093384
1107880	1	6.61842347776128e-09	151093384
1110502	3	1.98552704332838e-08	151093384
1111068	1	6.61842347776128e-09	151093384
1111069	37	2.44881668677167e-07	151093384
1111678	12	7.94210817331353e-08	151093384
1112204	1	6.61842347776128e-09	151093384
1114965	3	1.98552704332838e-08	151093384
1114966	8	5.29473878220902e-08	151093384
1114967	105	6.94934465164934e-07	151093384
1114969	1061	7.02214730990471e-06	151093384
1114970	7	4.63289643443289e-08	151093384
1116231	2	1.32368469555226e-08	151093384
1116391	1	6.61842347776128e-09	151093384
1117943	1	6.61842347776128e-09	151093384
1118963	3	1.98552704332838e-08	151093384
1121353	2	1.32368469555226e-08	151093384
1121362	1	6.61842347776128e-09	151093384
1123519	14	9.26579286886579e-08	151093384
1123523	1	6.61842347776128e-09	151093384
1123863	1	6.61842347776128e-09	151093384
1124983	18	1.19131622599703e-07	151093384
1124991	1	6.61842347776128e-09	151093384
1125630	8	5.29473878220902e-08	151093384
1127134	3	1.98552704332838e-08	151093384
1133849	2	1.32368469555226e-08	151093384
1133850	1	6.61842347776128e-09	151093384
1134454	570	3.77250138232393e-06	151093384
1136179	621	4.11004097968975e-06	151093384
1137651	2	1.32368469555226e-08	151093384
1138308	1	6.61842347776128e-09	151093384
1138383	1	6.61842347776128e-09	151093384
1144275	2	1.32368469555226e-08	151093384
1146883	2	1.32368469555226e-08	151093384
1150469	3	1.98552704332838e-08	151093384
1151116	1	6.61842347776128e-09	151093384
1155766	1	6.61842347776128e-09	151093384
1156431	7	4.63289643443289e-08	151093384
1156433	6	3.97105408665677e-08	151093384
1156913	1	6.61842347776128e-09	151093384
1163399	22	1.45605316510748e-07	151093384
1163617	2	1.32368469555226e-08	151093384
1166016	2	1.32368469555226e-08	151093384
1166130	1	6.61842347776128e-09	151093384
1167634	19	1.25750046077464e-07	151093384
1170318	55	3.6401329127687e-07	151093384
1171373	2	1.32368469555226e-08	151093384
1171376	1	6.61842347776128e-09	151093384
1173020	4	2.64736939110451e-08	151093384
1173022	1	6.61842347776128e-09	151093384
1179773	1	6.61842347776128e-09	151093384
1185652	2	1.32368469555226e-08	151093384
1187956	1	6.61842347776128e-09	151093384
1191061	1	6.61842347776128e-09	151093384
1192196	1	6.61842347776128e-09	151093384
1193292	8	5.29473878220902e-08	151093384
1194526	9	5.95658112998515e-08	151093384
1195464	2	1.32368469555226e-08	151093384
1196325	3	1.98552704332838e-08	151093384
1196835	15	9.92763521664191e-08	151093384
1197719	1	6.61842347776128e-09	151093384
1199187	7	4.63289643443289e-08	151093384
1201294	1	6.61842347776128e-09	151093384
1202536	1	6.61842347776128e-09	151093384
1202537	1	6.61842347776128e-09	151093384
1203460	1	6.61842347776128e-09	151093384
1204414	2	1.32368469555226e-08	151093384
1205910	3	1.98552704332838e-08	151093384
1206105	1	6.61842347776128e-09	151093384
1207075	12	7.94210817331353e-08	151093384
1208658	3	1.98552704332838e-08	151093384
1208660	3	1.98552704332838e-08	151093384
1211025	3	1.98552704332838e-08	151093384
1211579	8	5.29473878220902e-08	151093384
1214101	1	6.61842347776128e-09	151093384
1214242	1	6.61842347776128e-09	151093384
1215088	19	1.25750046077464e-07	151093384
1216976	16	1.0589477564418e-07	151093384
1217984	1	6.61842347776128e-09	151093384
1218175	2	1.32368469555226e-08	151093384
1224746	1	6.61842347776128e-09	151093384
1229205	3	1.98552704332838e-08	151093384
1229758	3	1.98552704332838e-08	151093384
1229909	1	6.61842347776128e-09	151093384
1232381	1	6.61842347776128e-09	151093384
1232724	2	1.32368469555226e-08	151093384
1233873	5	3.30921173888064e-08	151093384
1234380	12	7.94210817331353e-08	151093384
1234679	6	3.97105408665677e-08	151093384
1244085	1	6.61842347776128e-09	151093384
1245469	7	4.63289643443289e-08	151093384
1245471	39	2.5811851563269e-07	151093384
1246301	61	4.03723832143438e-07	151093384
1246995	1	6.61842347776128e-09	151093384
1249634	3	1.98552704332838e-08	151093384
1249661	1	6.61842347776128e-09	151093384
1254432	1	6.61842347776128e-09	151093384
1254439	1	6.61842347776128e-09	151093384
1255043	2	1.32368469555226e-08	151093384
1257118	2	1.32368469555226e-08	151093384
1262161	1	6.61842347776128e-09	151093384
1262456	7	4.63289643443289e-08	151093384
1266738	1	6.61842347776128e-09	151093384
1267753	1	6.61842347776128e-09	151093384
1271862	2	1.32368469555226e-08	151093384
1271863	3	1.98552704332838e-08	151093384
1276282	6	3.97105408665677e-08	151093384
1278073	4	2.64736939110451e-08	151093384
1279007	1	6.61842347776128e-09	151093384
1279008	4	2.64736939110451e-08	151093384
1280938	2	1.32368469555226e-08	151093384
1282356	10	6.61842347776128e-08	151093384
1283331	13	8.60395052108966e-08	151093384
1284663	1	6.61842347776128e-09	151093384
1286170	7	4.63289643443289e-08	151093384
1294143	29	1.91934280855077e-07	151093384
1295826	1	6.61842347776128e-09	151093384
1302863	1	6.61842347776128e-09	151093384
1303692	1	6.61842347776128e-09	151093384
1304892	4	2.64736939110451e-08	151093384
1309806	2	1.32368469555226e-08	151093384
1313172	1	6.61842347776128e-09	151093384
1321369	2	1.32368469555226e-08	151093384
1322246	1	6.61842347776128e-09	151093384
1328306	1	6.61842347776128e-09	151093384
1331671	18	1.19131622599703e-07	151093384
1335307	1	6.61842347776128e-09	151093384
1340851	6	3.97105408665677e-08	151093384
1343740	2	1.32368469555226e-08	151093384
1345695	1	6.61842347776128e-09	151093384
1346614	2	1.32368469555226e-08	151093384
1348660	1	6.61842347776128e-09	151093384
1348662	2	1.32368469555226e-08	151093384
1380774	2	1.32368469555226e-08	151093384
1380908	11	7.2802658255374e-08	151093384
1389489	2	1.32368469555226e-08	151093384
1399116	7	4.63289643443289e-08	151093384
1400867	2	1.32368469555226e-08	151093384
1401659	2	1.32368469555226e-08	151093384
1415629	2	1.32368469555226e-08	151093384
1415630	19	1.25750046077464e-07	151093384
1416914	4	2.64736939110451e-08	151093384
1423144	1	6.61842347776128e-09	151093384
1427342	2	1.32368469555226e-08	151093384
1430440	2	1.32368469555226e-08	151093384
1435044	3	1.98552704332838e-08	151093384
1435058	1	6.61842347776128e-09	151093384
1435356	5	3.30921173888064e-08	151093384
1436140	6	3.97105408665677e-08	151093384
