Tax.ID	Frequency	Proportion	Total
394	4	2.85306674182595e-08	140200015
1511	2	1.42653337091298e-08	140200015
2762	3	2.13980005636947e-08	140200015
2771	1	7.13266685456489e-09	140200015
2787	2	1.42653337091298e-08	140200015
2788	1	7.13266685456489e-09	140200015
2829	4	2.85306674182595e-08	140200015
2832	3	2.13980005636947e-08	140200015
2839	25	1.78316671364122e-07	140200015
2850	21	1.49786003945863e-07	140200015
2876	1	7.13266685456489e-09	140200015
2880	8	5.70613348365191e-08	140200015
2885	1	7.13266685456489e-09	140200015
2898	5	3.56633342728244e-08	140200015
3039	1	7.13266685456489e-09	140200015
3040	2	1.42653337091298e-08	140200015
4770	1	7.13266685456489e-09	140200015
4959	1	7.13266685456489e-09	140200015
5786	4	2.85306674182595e-08	140200015
5851	2	1.42653337091298e-08	140200015
5911	2	1.42653337091298e-08	140200015
5932	2	1.42653337091298e-08	140200015
10298	1	7.13266685456489e-09	140200015
10359	2	1.42653337091298e-08	140200015
10760	4	2.85306674182595e-08	140200015
12390	1	7.13266685456489e-09	140200015
13035	3	2.13980005636947e-08	140200015
31535	1	7.13266685456489e-09	140200015
31964	15	1.06990002818473e-07	140200015
32051	2	1.42653337091298e-08	140200015
33658	1	7.13266685456489e-09	140200015
35128	37	2.63908673618901e-07	140200015
35241	1	7.13266685456489e-09	140200015
35688	2	1.42653337091298e-08	140200015
36809	2	1.42653337091298e-08	140200015
40041	1	7.13266685456489e-09	140200015
41431	2	1.42653337091298e-08	140200015
43925	3	2.13980005636947e-08	140200015
43989	4	2.85306674182595e-08	140200015
49266	2	1.42653337091298e-08	140200015
52970	3	2.13980005636947e-08	140200015
55529	17	1.21255336527603e-07	140200015
56780	1	7.13266685456489e-09	140200015
59922	2	1.42653337091298e-08	140200015
60480	1	7.13266685456489e-09	140200015
60481	14	9.98573359639084e-08	140200015
62928	12	8.55920022547786e-08	140200015
62977	10	7.13266685456489e-08	140200015
63737	7	4.99286679819542e-08	140200015
64471	8	5.70613348365191e-08	140200015
65071	1	7.13266685456489e-09	140200015
66692	6	4.27960011273893e-08	140200015
67593	2	1.42653337091298e-08	140200015
69328	10	7.13266685456489e-08	140200015
72520	4	2.85306674182595e-08	140200015
74547	1	7.13266685456489e-09	140200015
75379	16	1.14122669673038e-07	140200015
76114	8	5.70613348365191e-08	140200015
76869	7	4.99286679819542e-08	140200015
78245	14	9.98573359639084e-08	140200015
82654	4	2.85306674182595e-08	140200015
83406	5	3.56633342728244e-08	140200015
84588	2	1.42653337091298e-08	140200015
85569	1	7.13266685456489e-09	140200015
85643	20	1.42653337091298e-07	140200015
88149	2	1.42653337091298e-08	140200015
88150	1	7.13266685456489e-09	140200015
93059	1	7.13266685456489e-09	140200015
94122	7	4.99286679819542e-08	140200015
96561	3	2.13980005636947e-08	140200015
96563	10	7.13266685456489e-08	140200015
99287	2	1.42653337091298e-08	140200015
99598	1	7.13266685456489e-09	140200015
100226	4	2.85306674182595e-08	140200015
101510	35	2.49643339909771e-07	140200015
103690	1	7.13266685456489e-09	140200015
108098	7	4.99286679819542e-08	140200015
110662	3	2.13980005636947e-08	140200015
111780	1	7.13266685456489e-09	140200015
114615	21	1.49786003945863e-07	140200015
115713	5	3.56633342728244e-08	140200015
120807	5	3.56633342728244e-08	140200015
126793	3	2.13980005636947e-08	140200015
129356	1	7.13266685456489e-09	140200015
129358	1	7.13266685456489e-09	140200015
134676	2	1.42653337091298e-08	140200015
137722	13	9.27246691093435e-08	140200015
151537	1	7.13266685456489e-09	140200015
153948	4	2.85306674182595e-08	140200015
155864	1	7.13266685456489e-09	140200015
158190	1	7.13266685456489e-09	140200015
158878	1	7.13266685456489e-09	140200015
159087	6	4.27960011273893e-08	140200015
160488	5	3.56633342728244e-08	140200015
160490	2	1.42653337091298e-08	140200015
160491	2	1.42653337091298e-08	140200015
160492	6	4.27960011273893e-08	140200015
160619	21	1.49786003945863e-07	140200015
164037	2	1.42653337091298e-08	140200015
164328	2	1.42653337091298e-08	140200015
164756	10	7.13266685456489e-08	140200015
164757	1	7.13266685456489e-09	140200015
167542	2	1.42653337091298e-08	140200015
171101	5	3.56633342728244e-08	140200015
176279	46	3.28102675309985e-07	140200015
176280	49	3.49500675873679e-07	140200015
176299	3	2.13980005636947e-08	140200015
176652	1	7.13266685456489e-09	140200015
177439	2	1.42653337091298e-08	140200015
186103	2	1.42653337091298e-08	140200015
187272	3	2.13980005636947e-08	140200015
187303	2	1.42653337091298e-08	140200015
188937	3	2.13980005636947e-08	140200015
189423	2	1.42653337091298e-08	140200015
189918	4	2.85306674182595e-08	140200015
190304	9	6.4194001691084e-08	140200015
190485	53	3.78031343291939e-07	140200015
190486	2	1.42653337091298e-08	140200015
190650	15	1.06990002818473e-07	140200015
192952	1	7.13266685456489e-09	140200015
193567	2	1.42653337091298e-08	140200015
195102	2	1.42653337091298e-08	140200015
195103	3	2.13980005636947e-08	140200015
196162	9	6.4194001691084e-08	140200015
196164	20	1.42653337091298e-07	140200015
197221	1	7.13266685456489e-09	140200015
198215	2	1.42653337091298e-08	140200015
198628	1	7.13266685456489e-09	140200015
203119	1	7.13266685456489e-09	140200015
203120	2	1.42653337091298e-08	140200015
203124	4	2.85306674182595e-08	140200015
203267	1	7.13266685456489e-09	140200015
204773	17	1.21255336527603e-07	140200015
205913	10	7.13266685456489e-08	140200015
205918	6	4.27960011273893e-08	140200015
205922	13	9.27246691093435e-08	140200015
206672	1	7.13266685456489e-09	140200015
207559	8	5.70613348365191e-08	140200015
208963	29	2.06847338782382e-07	140200015
208964	37	2.63908673618901e-07	140200015
209261	1	7.13266685456489e-09	140200015
210007	1	7.13266685456489e-09	140200015
211586	1	7.13266685456489e-09	140200015
215689	1	7.13266685456489e-09	140200015
216591	19	1.35520670236733e-07	140200015
216592	1	7.13266685456489e-09	140200015
216594	1	7.13266685456489e-09	140200015
216595	37	2.63908673618901e-07	140200015
216596	3	2.13980005636947e-08	140200015
218496	1	7.13266685456489e-09	140200015
220341	50	3.56633342728244e-07	140200015
220664	9	6.4194001691084e-08	140200015
223283	5	3.56633342728244e-08	140200015
224308	1	7.13266685456489e-09	140200015
224911	32	2.28245339346076e-07	140200015
224914	2	1.42653337091298e-08	140200015
226185	1	7.13266685456489e-09	140200015
226186	3	2.13980005636947e-08	140200015
227086	8	5.70613348365191e-08	140200015
227321	1	7.13266685456489e-09	140200015
227882	5	3.56633342728244e-08	140200015
227941	1	7.13266685456489e-09	140200015
228410	2	1.42653337091298e-08	140200015
229533	5	3.56633342728244e-08	140200015
231023	4	2.85306674182595e-08	140200015
232721	497	3.54493542671875e-06	140200015
234267	1	7.13266685456489e-09	140200015
234621	1085	7.7389435372029e-06	140200015
235909	3	2.13980005636947e-08	140200015
242507	1	7.13266685456489e-09	140200015
243230	1	7.13266685456489e-09	140200015
243232	2	1.42653337091298e-08	140200015
243233	6	4.27960011273893e-08	140200015
243243	2	1.42653337091298e-08	140200015
243365	17	1.21255336527603e-07	140200015
245018	2	1.42653337091298e-08	140200015
246196	5	3.56633342728244e-08	140200015
246197	3	2.13980005636947e-08	140200015
246198	4	2.85306674182595e-08	140200015
246200	2	1.42653337091298e-08	140200015
247156	4	2.85306674182595e-08	140200015
251229	3	2.13980005636947e-08	140200015
257310	12	8.55920022547786e-08	140200015
257311	7	4.99286679819542e-08	140200015
257313	11	7.84593354002138e-08	140200015
257314	2	1.42653337091298e-08	140200015
258594	9	6.4194001691084e-08	140200015
259536	1	7.13266685456489e-09	140200015
261292	4	2.85306674182595e-08	140200015
262316	2	1.42653337091298e-08	140200015
262724	46	3.28102675309985e-07	140200015
263358	2	1.42653337091298e-08	140200015
264198	26	1.85449338218687e-07	140200015
264199	2	1.42653337091298e-08	140200015
264730	2	1.42653337091298e-08	140200015
265072	6	4.27960011273893e-08	140200015
266117	3	2.13980005636947e-08	140200015
266264	84	5.99144015783451e-07	140200015
266265	22	1.56918670800428e-07	140200015
266779	1	7.13266685456489e-09	140200015
266834	5	3.56633342728244e-08	140200015
266835	5	3.56633342728244e-08	140200015
266940	5	3.56633342728244e-08	140200015
267608	36	2.56776006764336e-07	140200015
267747	59	4.20827344419328e-07	140200015
269482	21	1.49786003945863e-07	140200015
269796	2	1.42653337091298e-08	140200015
271848	1	7.13266685456489e-09	140200015
272559	1	7.13266685456489e-09	140200015
272561	7	4.99286679819542e-08	140200015
272563	2	1.42653337091298e-08	140200015
272568	6	4.27960011273893e-08	140200015
272620	32	2.28245339346076e-07	140200015
272622	39	2.78174007328031e-07	140200015
272623	42	2.99572007891725e-07	140200015
272624	2	1.42653337091298e-08	140200015
272630	26	1.85449338218687e-07	140200015
272631	1	7.13266685456489e-09	140200015
272831	1	7.13266685456489e-09	140200015
272843	1	7.13266685456489e-09	140200015
272943	1	7.13266685456489e-09	140200015
273068	1	7.13266685456489e-09	140200015
273133	1	7.13266685456489e-09	140200015
278137	2	1.42653337091298e-08	140200015
279010	8	5.70613348365191e-08	140200015
279238	13	9.27246691093435e-08	140200015
279808	8	5.70613348365191e-08	140200015
280463	5	3.56633342728244e-08	140200015
280699	6	4.27960011273893e-08	140200015
281090	2	1.42653337091298e-08	140200015
284591	3	2.13980005636947e-08	140200015
284592	10	7.13266685456489e-08	140200015
284593	4	2.85306674182595e-08	140200015
284812	7	4.99286679819542e-08	140200015
288000	23	1.64051337654992e-07	140200015
288681	2	1.42653337091298e-08	140200015
288705	5	3.56633342728244e-08	140200015
289380	2	1.42653337091298e-08	140200015
290315	1	7.13266685456489e-09	140200015
290317	2	1.42653337091298e-08	140200015
290318	1	7.13266685456489e-09	140200015
290338	2	1.42653337091298e-08	140200015
290339	12	8.55920022547786e-08	140200015
290340	29	2.06847338782382e-07	140200015
290397	1	7.13266685456489e-09	140200015
290398	1	7.13266685456489e-09	140200015
290399	7	4.99286679819542e-08	140200015
290400	1	7.13266685456489e-09	140200015
291331	3	2.13980005636947e-08	140200015
292415	16	1.14122669673038e-07	140200015
292459	2	1.42653337091298e-08	140200015
292564	10	7.13266685456489e-08	140200015
293826	2	1.42653337091298e-08	140200015
295405	2	1.42653337091298e-08	140200015
296543	20	1.42653337091298e-07	140200015
296591	22	1.56918670800428e-07	140200015
298653	5	3.56633342728244e-08	140200015
298654	2	1.42653337091298e-08	140200015
299768	2	1.42653337091298e-08	140200015
300852	35	2.49643339909771e-07	140200015
304863	2	1.42653337091298e-08	140200015
306537	3	2.13980005636947e-08	140200015
309807	1	7.13266685456489e-09	140200015
311402	4	2.85306674182595e-08	140200015
311403	4	2.85306674182595e-08	140200015
312153	10	7.13266685456489e-08	140200015
313595	1	7.13266685456489e-09	140200015
313596	2	1.42653337091298e-08	140200015
314225	5	3.56633342728244e-08	140200015
314565	36	2.56776006764336e-07	140200015
315730	2	1.42653337091298e-08	140200015
315749	5	3.56633342728244e-08	140200015
315750	12	8.55920022547786e-08	140200015
316055	9	6.4194001691084e-08	140200015
316056	5	3.56633342728244e-08	140200015
316057	12	8.55920022547786e-08	140200015
316058	14	9.98573359639084e-08	140200015
316067	2	1.42653337091298e-08	140200015
316273	12	8.55920022547786e-08	140200015
316274	3	2.13980005636947e-08	140200015
316275	1	7.13266685456489e-09	140200015
316278	2	1.42653337091298e-08	140200015
316385	5	3.56633342728244e-08	140200015
317655	22	1.56918670800428e-07	140200015
318167	2	1.42653337091298e-08	140200015
318586	8	5.70613348365191e-08	140200015
319224	1	7.13266685456489e-09	140200015
319795	23	1.64051337654992e-07	140200015
320373	3	2.13980005636947e-08	140200015
320388	13	9.27246691093435e-08	140200015
320389	9	6.4194001691084e-08	140200015
321327	1	7.13266685456489e-09	140200015
321332	2	1.42653337091298e-08	140200015
321956	4	2.85306674182595e-08	140200015
322159	4	2.85306674182595e-08	140200015
322710	9	6.4194001691084e-08	140200015
323097	2	1.42653337091298e-08	140200015
323098	4	2.85306674182595e-08	140200015
323850	1	7.13266685456489e-09	140200015
324057	7	4.99286679819542e-08	140200015
324602	1	7.13266685456489e-09	140200015
324831	5	3.56633342728244e-08	140200015
326423	8	5.70613348365191e-08	140200015
326424	11	7.84593354002138e-08	140200015
326442	1	7.13266685456489e-09	140200015
329726	3	2.13980005636947e-08	140200015
330214	3	2.13980005636947e-08	140200015
330879	2	1.42653337091298e-08	140200015
331111	11	7.84593354002138e-08	140200015
331112	4	2.85306674182595e-08	140200015
331113	1	7.13266685456489e-09	140200015
331271	37	2.63908673618901e-07	140200015
331272	15	1.06990002818473e-07	140200015
331635	2	1.42653337091298e-08	140200015
331636	1	7.13266685456489e-09	140200015
334413	6	4.27960011273893e-08	140200015
335283	6	4.27960011273893e-08	140200015
335284	2	1.42653337091298e-08	140200015
335543	1	7.13266685456489e-09	140200015
335659	22	1.56918670800428e-07	140200015
337191	2	1.42653337091298e-08	140200015
338966	5	3.56633342728244e-08	140200015
338969	10	7.13266685456489e-08	140200015
339670	83	5.92011348928886e-07	140200015
340099	1	7.13266685456489e-09	140200015
340100	60	4.27960011273893e-07	140200015
340322	5	3.56633342728244e-08	140200015
342108	7	4.99286679819542e-08	140200015
342109	1	7.13266685456489e-09	140200015
342451	22	1.56918670800428e-07	140200015
345219	5	3.56633342728244e-08	140200015
347834	1	7.13266685456489e-09	140200015
348058	1	7.13266685456489e-09	140200015
349101	7	4.99286679819542e-08	140200015
349102	6	4.27960011273893e-08	140200015
349106	6	4.27960011273893e-08	140200015
349124	3	2.13980005636947e-08	140200015
349163	3	2.13980005636947e-08	140200015
349215	2	1.42653337091298e-08	140200015
349521	1	7.13266685456489e-09	140200015
350054	2	1.42653337091298e-08	140200015
350058	5	3.56633342728244e-08	140200015
351348	13	9.27246691093435e-08	140200015
351605	4	2.85306674182595e-08	140200015
351745	9	6.4194001691084e-08	140200015
351746	13	9.27246691093435e-08	140200015
352914	2	1.42653337091298e-08	140200015
353151	4	2.85306674182595e-08	140200015
353153	1	7.13266685456489e-09	140200015
355276	1	7.13266685456489e-09	140200015
355278	5	3.56633342728244e-08	140200015
357348	9	6.4194001691084e-08	140200015
357804	1	7.13266685456489e-09	140200015
357808	2	1.42653337091298e-08	140200015
358220	376	2.6818827373164e-06	140200015
359786	4	2.85306674182595e-08	140200015
360094	5	3.56633342728244e-08	140200015
360102	1	7.13266685456489e-09	140200015
360107	1	7.13266685456489e-09	140200015
360910	8	5.70613348365191e-08	140200015
360911	4	2.85306674182595e-08	140200015
361100	2	1.42653337091298e-08	140200015
362242	1	7.13266685456489e-09	140200015
362663	8	5.70613348365191e-08	140200015
362948	2	1.42653337091298e-08	140200015
365044	58	4.13694677564763e-07	140200015
365046	84	5.99144015783451e-07	140200015
365659	16	1.14122669673038e-07	140200015
366394	4	2.85306674182595e-08	140200015
366602	9	6.4194001691084e-08	140200015
367737	2	1.42653337091298e-08	140200015
367775	4	2.85306674182595e-08	140200015
367928	9	6.4194001691084e-08	140200015
370354	1	7.13266685456489e-09	140200015
370438	1	7.13266685456489e-09	140200015
373153	9	6.4194001691084e-08	140200015
373384	13	9.27246691093435e-08	140200015
373994	1	7.13266685456489e-09	140200015
375286	10	7.13266685456489e-08	140200015
375451	2	1.42653337091298e-08	140200015
376686	2	1.42653337091298e-08	140200015
376758	3	2.13980005636947e-08	140200015
377628	1	7.13266685456489e-09	140200015
378753	4	2.85306674182595e-08	140200015
379731	19	1.35520670236733e-07	140200015
380358	5	3.56633342728244e-08	140200015
380703	2	1.42653337091298e-08	140200015
381666	30	2.13980005636947e-07	140200015
381754	23	1.64051337654992e-07	140200015
382245	22	1.56918670800428e-07	140200015
383372	1	7.13266685456489e-09	140200015
383407	4	2.85306674182595e-08	140200015
384676	23	1.64051337654992e-07	140200015
386415	6	4.27960011273893e-08	140200015
386585	2	1.42653337091298e-08	140200015
386656	1	7.13266685456489e-09	140200015
387092	1	7.13266685456489e-09	140200015
387093	1	7.13266685456489e-09	140200015
388396	1	7.13266685456489e-09	140200015
388919	7	4.99286679819542e-08	140200015
390235	8	5.70613348365191e-08	140200015
390333	10	7.13266685456489e-08	140200015
391008	20	1.42653337091298e-07	140200015
391037	1	7.13266685456489e-09	140200015
391038	2	1.42653337091298e-08	140200015
391165	3	2.13980005636947e-08	140200015
391616	1	7.13266685456489e-09	140200015
391626	1	7.13266685456489e-09	140200015
391735	57	4.06562010710199e-07	140200015
391904	7	4.99286679819542e-08	140200015
392499	44	3.13837341600855e-07	140200015
393011	4	2.85306674182595e-08	140200015
393305	6	4.27960011273893e-08	140200015
393595	3	2.13980005636947e-08	140200015
394221	2	1.42653337091298e-08	140200015
394503	1	7.13266685456489e-09	140200015
395019	71	5.06419346674107e-07	140200015
395492	4	2.85306674182595e-08	140200015
395494	3	2.13980005636947e-08	140200015
395495	73	5.20684680383237e-07	140200015
395960	16	1.14122669673038e-07	140200015
395963	4	2.85306674182595e-08	140200015
395965	5	3.56633342728244e-08	140200015
396513	1	7.13266685456489e-09	140200015
396588	9	6.4194001691084e-08	140200015
396595	1	7.13266685456489e-09	140200015
397945	96	6.84736018038229e-07	140200015
398527	18	1.28388003382168e-07	140200015
398577	7	4.99286679819542e-08	140200015
398578	286	2.03994272040556e-06	140200015
398580	3	2.13980005636947e-08	140200015
399726	1	7.13266685456489e-09	140200015
399739	20	1.42653337091298e-07	140200015
399781	1	7.13266685456489e-09	140200015
399804	1	7.13266685456489e-09	140200015
400667	38	2.71041340473466e-07	140200015
400673	1	7.13266685456489e-09	140200015
400756	12	8.55920022547786e-08	140200015
401053	2	1.42653337091298e-08	140200015
402612	4	2.85306674182595e-08	140200015
402626	21	1.49786003945863e-07	140200015
402881	8	5.70613348365191e-08	140200015
403677	33	2.35378006200641e-07	140200015
404380	1	7.13266685456489e-09	140200015
404589	8	5.70613348365191e-08	140200015
405416	29	2.06847338782382e-07	140200015
405531	4	2.85306674182595e-08	140200015
405532	5	3.56633342728244e-08	140200015
405534	3	2.13980005636947e-08	140200015
405566	1	7.13266685456489e-09	140200015
405948	12	8.55920022547786e-08	140200015
405955	21	1.49786003945863e-07	140200015
406425	13	9.27246691093435e-08	140200015
409438	1	7.13266685456489e-09	140200015
410289	7	4.99286679819542e-08	140200015
412022	8	5.70613348365191e-08	140200015
412694	5	3.56633342728244e-08	140200015
413997	1	7.13266685456489e-09	140200015
416269	1	7.13266685456489e-09	140200015
416344	9	6.4194001691084e-08	140200015
416870	20	1.42653337091298e-07	140200015
419610	36	2.56776006764336e-07	140200015
419947	4	2.85306674182595e-08	140200015
420246	5	3.56633342728244e-08	140200015
420662	59	4.20827344419328e-07	140200015
423212	1	7.13266685456489e-09	140200015
423368	27	1.92582005073252e-07	140200015
424182	10	7.13266685456489e-08	140200015
425011	9	6.4194001691084e-08	140200015
426114	14	9.98573359639084e-08	140200015
426117	24	1.71184004509557e-07	140200015
426355	134	9.55777358511695e-07	140200015
426430	4	2.85306674182595e-08	140200015
428406	43	3.0670467474629e-07	140200015
429009	3	2.13980005636947e-08	140200015
431895	6	4.27960011273893e-08	140200015
431943	4	2.85306674182595e-08	140200015
435590	21	1.49786003945863e-07	140200015
435591	3	2.13980005636947e-08	140200015
435998	3	2.13980005636947e-08	140200015
436717	22	1.56918670800428e-07	140200015
438753	14	9.98573359639084e-08	140200015
439375	2	1.42653337091298e-08	140200015
439843	48	3.42368009019115e-07	140200015
439855	7	4.99286679819542e-08	140200015
440085	33	2.35378006200641e-07	140200015
441620	30	2.13980005636947e-07	140200015
443143	1	7.13266685456489e-09	140200015
443144	1	7.13266685456489e-09	140200015
443218	1	7.13266685456489e-09	140200015
443906	9	6.4194001691084e-08	140200015
444177	8	5.70613348365191e-08	140200015
444178	2	1.42653337091298e-08	140200015
446462	1	7.13266685456489e-09	140200015
446465	3	2.13980005636947e-08	140200015
446466	6	4.27960011273893e-08	140200015
446468	6	4.27960011273893e-08	140200015
446469	2	1.42653337091298e-08	140200015
446470	2	1.42653337091298e-08	140200015
446471	5	3.56633342728244e-08	140200015
447217	5	3.56633342728244e-08	140200015
448385	6	4.27960011273893e-08	140200015
449447	8	5.70613348365191e-08	140200015
450851	7	4.99286679819542e-08	140200015
451516	1	7.13266685456489e-09	140200015
452637	7	4.99286679819542e-08	140200015
452638	7	4.99286679819542e-08	140200015
452652	2	1.42653337091298e-08	140200015
452662	28	1.99714671927817e-07	140200015
452863	3	2.13980005636947e-08	140200015
454169	47	3.3523534216455e-07	140200015
455488	1	7.13266685456489e-09	140200015
455632	1	7.13266685456489e-09	140200015
456481	5	3.56633342728244e-08	140200015
457425	4	2.85306674182595e-08	140200015
457570	4	2.85306674182595e-08	140200015
458233	1	7.13266685456489e-09	140200015
460265	29	2.06847338782382e-07	140200015
464988	3	2.13980005636947e-08	140200015
465515	19	1.35520670236733e-07	140200015
467705	3	2.13980005636947e-08	140200015
469371	6	4.27960011273893e-08	140200015
469383	5	3.56633342728244e-08	140200015
469604	5	3.56633342728244e-08	140200015
469607	10	7.13266685456489e-08	140200015
471223	24	1.71184004509557e-07	140200015
471853	2	1.42653337091298e-08	140200015
471854	3	2.13980005636947e-08	140200015
471857	2	1.42653337091298e-08	140200015
472759	1	7.13266685456489e-09	140200015
477641	9	6.4194001691084e-08	140200015
478433	2	1.42653337091298e-08	140200015
478434	2	1.42653337091298e-08	140200015
478801	3	2.13980005636947e-08	140200015
479431	2	1.42653337091298e-08	140200015
479432	4	2.85306674182595e-08	140200015
479433	2	1.42653337091298e-08	140200015
479434	1	7.13266685456489e-09	140200015
479435	2	1.42653337091298e-08	140200015
479436	2	1.42653337091298e-08	140200015
479437	2	1.42653337091298e-08	140200015
480119	13	9.27246691093435e-08	140200015
481448	1	7.13266685456489e-09	140200015
481743	1	7.13266685456489e-09	140200015
481805	12	8.55920022547786e-08	140200015
482957	17	1.21255336527603e-07	140200015
483179	2	1.42653337091298e-08	140200015
483219	3	2.13980005636947e-08	140200015
484021	12	8.55920022547786e-08	140200015
484906	4	2.85306674182595e-08	140200015
485917	3	2.13980005636947e-08	140200015
485918	1	7.13266685456489e-09	140200015
486410	1	7.13266685456489e-09	140200015
487213	2	1.42653337091298e-08	140200015
487214	3	2.13980005636947e-08	140200015
487521	3	2.13980005636947e-08	140200015
488222	2	1.42653337091298e-08	140200015
489653	1	7.13266685456489e-09	140200015
490759	1	7.13266685456489e-09	140200015
491915	4	2.85306674182595e-08	140200015
491916	2	1.42653337091298e-08	140200015
497978	9	6.4194001691084e-08	140200015
498761	1	7.13266685456489e-09	140200015
502025	9	6.4194001691084e-08	140200015
504474	5	3.56633342728244e-08	140200015
504728	59	4.20827344419328e-07	140200015
504832	10	7.13266685456489e-08	140200015
507522	7	4.99286679819542e-08	140200015
508771	7	4.99286679819542e-08	140200015
509169	59	4.20827344419328e-07	140200015
509170	16	1.14122669673038e-07	140200015
509173	56	3.99429343855634e-07	140200015
509190	10	7.13266685456489e-08	140200015
510516	5	3.56633342728244e-08	140200015
511062	1	7.13266685456489e-09	140200015
512565	3	2.13980005636947e-08	140200015
515619	1	7.13266685456489e-09	140200015
515620	1	7.13266685456489e-09	140200015
515622	2	1.42653337091298e-08	140200015
516950	1	7.13266685456489e-09	140200015
519441	1	7.13266685456489e-09	140200015
521095	1	7.13266685456489e-09	140200015
521096	4	2.85306674182595e-08	140200015
521097	1	7.13266685456489e-09	140200015
521098	2	1.42653337091298e-08	140200015
522306	11	7.84593354002138e-08	140200015
522373	40	2.85306674182595e-07	140200015
525284	5	3.56633342728244e-08	140200015
525381	3	2.13980005636947e-08	140200015
525919	3	2.13980005636947e-08	140200015
526225	10	7.13266685456489e-08	140200015
526226	14	9.98573359639084e-08	140200015
526227	16	1.14122669673038e-07	140200015
529122	1	7.13266685456489e-09	140200015
529507	1	7.13266685456489e-09	140200015
530564	2	1.42653337091298e-08	140200015
531844	7	4.99286679819542e-08	140200015
535289	278	1.98288138556904e-06	140200015
536019	4	2.85306674182595e-08	140200015
536056	5	3.56633342728244e-08	140200015
541229	1	7.13266685456489e-09	140200015
543728	144	1.02710402705734e-06	140200015
543891	42	2.99572007891725e-07	140200015
543913	15	1.06990002818473e-07	140200015
544556	2	1.42653337091298e-08	140200015
545693	1	7.13266685456489e-09	140200015
546414	1	7.13266685456489e-09	140200015
547558	1	7.13266685456489e-09	140200015
548473	2	1.42653337091298e-08	140200015
548476	12	8.55920022547786e-08	140200015
548479	1	7.13266685456489e-09	140200015
550540	3	2.13980005636947e-08	140200015
550542	1	7.13266685456489e-09	140200015
553174	19	1.35520670236733e-07	140200015
553190	1	7.13266685456489e-09	140200015
553199	2026	1.44507830473485e-05	140200015
556484	4	2.85306674182595e-08	140200015
557598	12	8.55920022547786e-08	140200015
557599	1	7.13266685456489e-09	140200015
557600	11	7.84593354002138e-08	140200015
557722	43	3.0670467474629e-07	140200015
557723	1	7.13266685456489e-09	140200015
557760	5	3.56633342728244e-08	140200015
559292	47	3.3523534216455e-07	140200015
559295	2	1.42653337091298e-08	140200015
559307	2	1.42653337091298e-08	140200015
561231	1	7.13266685456489e-09	140200015
561276	1	7.13266685456489e-09	140200015
562970	3	2.13980005636947e-08	140200015
565040	7	4.99286679819542e-08	140200015
565042	5	3.56633342728244e-08	140200015
565050	10	7.13266685456489e-08	140200015
565655	1	7.13266685456489e-09	140200015
568206	5	3.56633342728244e-08	140200015
568706	4	2.85306674182595e-08	140200015
568707	8	5.70613348365191e-08	140200015
571800	4	2.85306674182595e-08	140200015
572264	1	7.13266685456489e-09	140200015
572307	1	7.13266685456489e-09	140200015
572477	9	6.4194001691084e-08	140200015
572479	1	7.13266685456489e-09	140200015
573062	1	7.13266685456489e-09	140200015
573235	1	7.13266685456489e-09	140200015
573370	1	7.13266685456489e-09	140200015
574093	1	7.13266685456489e-09	140200015
574521	1	7.13266685456489e-09	140200015
575540	1	7.13266685456489e-09	140200015
575614	3	2.13980005636947e-08	140200015
578455	2	1.42653337091298e-08	140200015
578461	1	7.13266685456489e-09	140200015
579137	2	1.42653337091298e-08	140200015
580327	6	4.27960011273893e-08	140200015
580331	1	7.13266685456489e-09	140200015
580332	4	2.85306674182595e-08	140200015
582744	3	2.13980005636947e-08	140200015
582899	2	1.42653337091298e-08	140200015
583345	6	4.27960011273893e-08	140200015
583346	3	2.13980005636947e-08	140200015
583358	1	7.13266685456489e-09	140200015
585034	1	7.13266685456489e-09	140200015
585054	1	7.13266685456489e-09	140200015
585055	2	1.42653337091298e-08	140200015
585056	3	2.13980005636947e-08	140200015
585057	2	1.42653337091298e-08	140200015
585395	2	1.42653337091298e-08	140200015
585396	48	3.42368009019115e-07	140200015
589865	3	2.13980005636947e-08	140200015
590998	4	2.85306674182595e-08	140200015
591167	4	2.85306674182595e-08	140200015
592029	2	1.42653337091298e-08	140200015
593588	1	7.13266685456489e-09	140200015
593907	3	2.13980005636947e-08	140200015
595494	8	5.70613348365191e-08	140200015
595495	7	4.99286679819542e-08	140200015
595496	2	1.42653337091298e-08	140200015
595528	2	1.42653337091298e-08	140200015
595537	118	8.41654688838657e-07	140200015
596153	147	1.04850202762104e-06	140200015
596154	140	9.98573359639084e-07	140200015
617121	2	1.42653337091298e-08	140200015
622759	5	3.56633342728244e-08	140200015
626418	9	6.4194001691084e-08	140200015
627192	9	6.4194001691084e-08	140200015
632772	7	4.99286679819542e-08	140200015
633147	1	7.13266685456489e-09	140200015
633149	5	3.56633342728244e-08	140200015
633699	2	1.42653337091298e-08	140200015
634176	1	7.13266685456489e-09	140200015
634177	1	7.13266685456489e-09	140200015
634452	3	2.13980005636947e-08	140200015
634456	2	1.42653337091298e-08	140200015
634499	1	7.13266685456489e-09	140200015
634500	5	3.56633342728244e-08	140200015
634956	2	1.42653337091298e-08	140200015
635013	3	2.13980005636947e-08	140200015
637379	12	8.55920022547786e-08	140200015
637887	1	7.13266685456489e-09	140200015
637909	1	7.13266685456489e-09	140200015
637910	1	7.13266685456489e-09	140200015
639283	14	9.98573359639084e-08	140200015
640081	29	2.06847338782382e-07	140200015
640131	2	1.42653337091298e-08	140200015
640132	1	7.13266685456489e-09	140200015
640510	5	3.56633342728244e-08	140200015
640511	2	1.42653337091298e-08	140200015
640512	7	4.99286679819542e-08	140200015
640513	5	3.56633342728244e-08	140200015
641491	1	7.13266685456489e-09	140200015
642492	1	7.13266685456489e-09	140200015
643561	84	5.99144015783451e-07	140200015
644283	1	7.13266685456489e-09	140200015
644651	1	7.13266685456489e-09	140200015
644801	7	4.99286679819542e-08	140200015
645127	18	1.28388003382168e-07	140200015
645462	1	7.13266685456489e-09	140200015
645991	1	7.13266685456489e-09	140200015
646529	2	1.42653337091298e-08	140200015
648757	3	2.13980005636947e-08	140200015
649349	1	7.13266685456489e-09	140200015
649638	1	7.13266685456489e-09	140200015
649831	3	2.13980005636947e-08	140200015
652103	15	1.06990002818473e-07	140200015
653045	1	7.13266685456489e-09	140200015
653733	1	7.13266685456489e-09	140200015
656024	2	1.42653337091298e-08	140200015
657308	1	7.13266685456489e-09	140200015
657309	1	7.13266685456489e-09	140200015
657310	1	7.13266685456489e-09	140200015
657313	8	5.70613348365191e-08	140200015
657314	4	2.85306674182595e-08	140200015
657316	1	7.13266685456489e-09	140200015
657317	1	7.13266685456489e-09	140200015
657318	1	7.13266685456489e-09	140200015
657321	2	1.42653337091298e-08	140200015
657322	2	1.42653337091298e-08	140200015
657323	4	2.85306674182595e-08	140200015
661367	2	1.42653337091298e-08	140200015
661410	18	1.28388003382168e-07	140200015
662598	1	7.13266685456489e-09	140200015
662755	3	2.13980005636947e-08	140200015
663917	2	1.42653337091298e-08	140200015
666681	7	4.99286679819542e-08	140200015
666685	3	2.13980005636947e-08	140200015
666686	8	5.70613348365191e-08	140200015
667015	2	1.42653337091298e-08	140200015
670307	1	7.13266685456489e-09	140200015
670487	1	7.13266685456489e-09	140200015
673862	1	7.13266685456489e-09	140200015
675635	2	1.42653337091298e-08	140200015
680198	3	2.13980005636947e-08	140200015
680646	5	3.56633342728244e-08	140200015
682795	1	7.13266685456489e-09	140200015
684738	21	1.49786003945863e-07	140200015
685727	5	3.56633342728244e-08	140200015
688245	35	2.49643339909771e-07	140200015
688270	2	1.42653337091298e-08	140200015
690566	18	1.28388003382168e-07	140200015
691437	2	1.42653337091298e-08	140200015
693216	1	7.13266685456489e-09	140200015
693444	1	7.13266685456489e-09	140200015
693977	1	7.13266685456489e-09	140200015
693978	5	3.56633342728244e-08	140200015
693982	2	1.42653337091298e-08	140200015
696216	1	7.13266685456489e-09	140200015
696749	2	1.42653337091298e-08	140200015
697281	1	7.13266685456489e-09	140200015
697284	1	7.13266685456489e-09	140200015
697329	3	2.13980005636947e-08	140200015
698737	1	7.13266685456489e-09	140200015
698758	1	7.13266685456489e-09	140200015
698761	1	7.13266685456489e-09	140200015
698948	1	7.13266685456489e-09	140200015
698962	1	7.13266685456489e-09	140200015
698965	1	7.13266685456489e-09	140200015
698972	1	7.13266685456489e-09	140200015
700508	2	1.42653337091298e-08	140200015
701347	3	2.13980005636947e-08	140200015
702113	9	6.4194001691084e-08	140200015
702459	3	2.13980005636947e-08	140200015
706191	4	2.85306674182595e-08	140200015
709986	2	1.42653337091298e-08	140200015
709991	1	7.13266685456489e-09	140200015
710421	5	3.56633342728244e-08	140200015
710685	6	4.27960011273893e-08	140200015
710686	2	1.42653337091298e-08	140200015
712898	3	2.13980005636947e-08	140200015
712961	2	1.42653337091298e-08	140200015
713604	1	7.13266685456489e-09	140200015
713887	2	1.42653337091298e-08	140200015
716541	57	4.06562010710199e-07	140200015
717231	2	1.42653337091298e-08	140200015
717785	1	7.13266685456489e-09	140200015
717960	1	7.13266685456489e-09	140200015
717962	1	7.13266685456489e-09	140200015
718252	3	2.13980005636947e-08	140200015
718254	17	1.21255336527603e-07	140200015
720554	4	2.85306674182595e-08	140200015
720555	3	2.13980005636947e-08	140200015
722911	2	1.42653337091298e-08	140200015
742013	212	1.51212537316776e-06	140200015
743525	676	4.82168279368586e-06	140200015
743718	2	1.42653337091298e-08	140200015
743720	6	4.27960011273893e-08	140200015
743721	8	5.70613348365191e-08	140200015
744533	4	2.85306674182595e-08	140200015
744985	1	7.13266685456489e-09	140200015
745310	14	9.98573359639084e-08	140200015
745776	1	7.13266685456489e-09	140200015
746361	6	4.27960011273893e-08	140200015
746697	1	7.13266685456489e-09	140200015
748247	2	1.42653337091298e-08	140200015
748280	15	1.06990002818473e-07	140200015
748671	1	7.13266685456489e-09	140200015
749219	4	2.85306674182595e-08	140200015
749414	1	7.13266685456489e-09	140200015
749927	3	2.13980005636947e-08	140200015
751945	61	4.35092678128458e-07	140200015
754035	6	4.27960011273893e-08	140200015
754252	1	7.13266685456489e-09	140200015
754477	4	2.85306674182595e-08	140200015
756272	1	7.13266685456489e-09	140200015
756499	2	1.42653337091298e-08	140200015
757424	45	3.2097000845542e-07	140200015
758793	4	2.85306674182595e-08	140200015
759350	6	4.27960011273893e-08	140200015
759362	1	7.13266685456489e-09	140200015
760192	7	4.99286679819542e-08	140200015
760568	1	7.13266685456489e-09	140200015
761193	3	2.13980005636947e-08	140200015
761659	1	7.13266685456489e-09	140200015
762051	3	2.13980005636947e-08	140200015
762376	31	2.21112672491511e-07	140200015
762633	136	9.70042692220825e-07	140200015
762903	2	1.42653337091298e-08	140200015
762948	3	2.13980005636947e-08	140200015
765698	6	4.27960011273893e-08	140200015
765874	1	7.13266685456489e-09	140200015
765911	4	2.85306674182595e-08	140200015
765912	1	7.13266685456489e-09	140200015
765952	1	7.13266685456489e-09	140200015
766760	1	7.13266685456489e-09	140200015
767029	2	1.42653337091298e-08	140200015
767031	3	2.13980005636947e-08	140200015
767434	2	1.42653337091298e-08	140200015
767455	1	7.13266685456489e-09	140200015
767462	1	7.13266685456489e-09	140200015
767463	4	2.85306674182595e-08	140200015
768066	1	7.13266685456489e-09	140200015
768486	1	7.13266685456489e-09	140200015
768490	1	7.13266685456489e-09	140200015
768670	2	1.42653337091298e-08	140200015
798128	96	6.84736018038229e-07	140200015
858619	2	1.42653337091298e-08	140200015
859655	15	1.06990002818473e-07	140200015
859656	16	1.14122669673038e-07	140200015
859657	13	9.27246691093435e-08	140200015
861208	2	1.42653337091298e-08	140200015
861360	5	3.56633342728244e-08	140200015
862719	7	4.99286679819542e-08	140200015
862751	1	7.13266685456489e-09	140200015
862965	7	4.99286679819542e-08	140200015
862969	1	7.13266685456489e-09	140200015
865938	1	7.13266685456489e-09	140200015
866536	1	7.13266685456489e-09	140200015
866768	13	9.27246691093435e-08	140200015
867900	2	1.42653337091298e-08	140200015
867902	1	7.13266685456489e-09	140200015
868597	30	2.13980005636947e-07	140200015
869210	2	1.42653337091298e-08	140200015
869309	10	7.13266685456489e-08	140200015
869729	2	1.42653337091298e-08	140200015
871585	28	1.99714671927817e-07	140200015
880591	2	1.42653337091298e-08	140200015
880758	25	1.78316671364122e-07	140200015
882097	1	7.13266685456489e-09	140200015
882378	3	2.13980005636947e-08	140200015
882884	5	3.56633342728244e-08	140200015
883062	2	1.42653337091298e-08	140200015
884204	1	7.13266685456489e-09	140200015
886293	3	2.13980005636947e-08	140200015
887061	3	2.13980005636947e-08	140200015
889738	10	7.13266685456489e-08	140200015
890402	10	7.13266685456489e-08	140200015
905079	2	1.42653337091298e-08	140200015
906968	4	2.85306674182595e-08	140200015
907265	1	7.13266685456489e-09	140200015
908937	2	1.42653337091298e-08	140200015
909952	186	1.32667603494907e-06	140200015
910348	1	7.13266685456489e-09	140200015
914149	2	1.42653337091298e-08	140200015
926556	1	7.13266685456489e-09	140200015
926570	3	2.13980005636947e-08	140200015
927666	8	5.70613348365191e-08	140200015
929102	19	1.35520670236733e-07	140200015
929562	2	1.42653337091298e-08	140200015
930170	1	7.13266685456489e-09	140200015
930171	3	2.13980005636947e-08	140200015
931281	3	2.13980005636947e-08	140200015
931890	2	1.42653337091298e-08	140200015
932677	2	1.42653337091298e-08	140200015
933093	1	7.13266685456489e-09	140200015
935296	1	7.13266685456489e-09	140200015
935599	4	2.85306674182595e-08	140200015
937773	2	1.42653337091298e-08	140200015
937774	2	1.42653337091298e-08	140200015
941193	5	3.56633342728244e-08	140200015
941639	8	5.70613348365191e-08	140200015
944546	2	1.42653337091298e-08	140200015
945556	6	4.27960011273893e-08	140200015
946362	6	4.27960011273893e-08	140200015
946483	2	1.42653337091298e-08	140200015
956149	2	1.42653337091298e-08	140200015
977880	19	1.35520670236733e-07	140200015
979556	21	1.49786003945863e-07	140200015
980514	3	2.13980005636947e-08	140200015
981368	5	3.56633342728244e-08	140200015
981539	1	7.13266685456489e-09	140200015
981540	1	7.13266685456489e-09	140200015
983544	3	2.13980005636947e-08	140200015
983917	51	3.63766009582809e-07	140200015
984892	2	1.42653337091298e-08	140200015
985002	2	1.42653337091298e-08	140200015
990315	35	2.49643339909771e-07	140200015
991905	3	2.13980005636947e-08	140200015
992406	2	1.42653337091298e-08	140200015
994484	9	6.4194001691084e-08	140200015
996285	13	9.27246691093435e-08	140200015
998088	9	6.4194001691084e-08	140200015
999541	11	7.84593354002138e-08	140200015
999552	4	2.85306674182595e-08	140200015
1001585	21	1.49786003945863e-07	140200015
1002672	1	7.13266685456489e-09	140200015
1002809	2	1.42653337091298e-08	140200015
1003195	4	2.85306674182595e-08	140200015
1005048	53	3.78031343291939e-07	140200015
1006007	2	1.42653337091298e-08	140200015
1006551	3	2.13980005636947e-08	140200015
1007105	8	5.70613348365191e-08	140200015
1009464	2	1.42653337091298e-08	140200015
1009846	18	1.28388003382168e-07	140200015
1016998	5	3.56633342728244e-08	140200015
1017264	3	2.13980005636947e-08	140200015
1029756	3	2.13980005636947e-08	140200015
1031709	93	6.63338017474535e-07	140200015
1031710	3	2.13980005636947e-08	140200015
1031711	10	7.13266685456489e-08	140200015
1032480	2	1.42653337091298e-08	140200015
1033813	1	7.13266685456489e-09	140200015
1034807	2	1.42653337091298e-08	140200015
1034809	1	7.13266685456489e-09	140200015
1035817	4	2.85306674182595e-08	140200015
1036672	1	7.13266685456489e-09	140200015
1036673	1	7.13266685456489e-09	140200015
1036743	3	2.13980005636947e-08	140200015
1037409	31	2.21112672491511e-07	140200015
1037911	83	5.92011348928886e-07	140200015
1041826	8	5.70613348365191e-08	140200015
1042876	9	6.4194001691084e-08	140200015
1042878	11	7.84593354002138e-08	140200015
1045855	14	9.98573359639084e-08	140200015
1045856	3	2.13980005636947e-08	140200015
1046624	1	7.13266685456489e-09	140200015
1048834	1	7.13266685456489e-09	140200015
1049565	3	2.13980005636947e-08	140200015
1054460	8	5.70613348365191e-08	140200015
1064539	8	5.70613348365191e-08	140200015
1064592	2	1.42653337091298e-08	140200015
1069533	1	7.13266685456489e-09	140200015
1071381	1	7.13266685456489e-09	140200015
1071400	1	7.13266685456489e-09	140200015
1075089	1	7.13266685456489e-09	140200015
1076934	1	7.13266685456489e-09	140200015
1081094	1	7.13266685456489e-09	140200015
1082931	5	3.56633342728244e-08	140200015
1089456	37	2.63908673618901e-07	140200015
1089553	2	1.42653337091298e-08	140200015
1091045	747	5.32810214035997e-06	140200015
1093141	1	7.13266685456489e-09	140200015
1093787	10	7.13266685456489e-08	140200015
1094466	2	1.42653337091298e-08	140200015
1095774	4	2.85306674182595e-08	140200015
1096995	2	1.42653337091298e-08	140200015
1096996	13	9.27246691093435e-08	140200015
1097668	6	4.27960011273893e-08	140200015
1097677	8	5.70613348365191e-08	140200015
1100841	1	7.13266685456489e-09	140200015
1104320	1	7.13266685456489e-09	140200015
1104322	20	1.42653337091298e-07	140200015
1104326	25	1.78316671364122e-07	140200015
1107880	1	7.13266685456489e-09	140200015
1110502	12	8.55920022547786e-08	140200015
1111068	1	7.13266685456489e-09	140200015
1111069	73	5.20684680383237e-07	140200015
1111678	9	6.4194001691084e-08	140200015
1112204	2	1.42653337091298e-08	140200015
1114965	1	7.13266685456489e-09	140200015
1114966	13	9.27246691093435e-08	140200015
1114967	168	1.1982880315669e-06	140200015
1114969	1896	1.3523536356255e-05	140200015
1114970	4	2.85306674182595e-08	140200015
1116231	1	7.13266685456489e-09	140200015
1117943	6	4.27960011273893e-08	140200015
1118963	14	9.98573359639084e-08	140200015
1121353	3	2.13980005636947e-08	140200015
1121448	2	1.42653337091298e-08	140200015
1123519	4	2.85306674182595e-08	140200015
1123523	1	7.13266685456489e-09	140200015
1123863	4	2.85306674182595e-08	140200015
1124983	15	1.06990002818473e-07	140200015
1125630	1	7.13266685456489e-09	140200015
1127134	1	7.13266685456489e-09	140200015
1127744	1	7.13266685456489e-09	140200015
1130804	1	7.13266685456489e-09	140200015
1132496	1	7.13266685456489e-09	140200015
1132507	1	7.13266685456489e-09	140200015
1133849	1	7.13266685456489e-09	140200015
1133850	3	2.13980005636947e-08	140200015
1134454	1032	7.36091219391096e-06	140200015
1136179	1064	7.58915753325704e-06	140200015
1137651	2	1.42653337091298e-08	140200015
1138308	1	7.13266685456489e-09	140200015
1138382	1	7.13266685456489e-09	140200015
1138383	5	3.56633342728244e-08	140200015
1142394	4	2.85306674182595e-08	140200015
1144275	2	1.42653337091298e-08	140200015
1146883	5	3.56633342728244e-08	140200015
1150469	2	1.42653337091298e-08	140200015
1155766	1	7.13266685456489e-09	140200015
1156431	2	1.42653337091298e-08	140200015
1156433	3	2.13980005636947e-08	140200015
1156913	2	1.42653337091298e-08	140200015
1163399	28	1.99714671927817e-07	140200015
1163617	7	4.99286679819542e-08	140200015
1166016	1	7.13266685456489e-09	140200015
1166130	1	7.13266685456489e-09	140200015
1167006	6	4.27960011273893e-08	140200015
1167634	26	1.85449338218687e-07	140200015
1170318	81	5.77746015219756e-07	140200015
1170562	1	7.13266685456489e-09	140200015
1171373	1	7.13266685456489e-09	140200015
1171376	1	7.13266685456489e-09	140200015
1173020	26	1.85449338218687e-07	140200015
1173022	1	7.13266685456489e-09	140200015
1173025	1	7.13266685456489e-09	140200015
1173263	2	1.42653337091298e-08	140200015
1179773	2	1.42653337091298e-08	140200015
1183438	1	7.13266685456489e-09	140200015
1184267	1	7.13266685456489e-09	140200015
1187956	1	7.13266685456489e-09	140200015
1191061	9	6.4194001691084e-08	140200015
1192196	1	7.13266685456489e-09	140200015
1193292	10	7.13266685456489e-08	140200015
1194526	3	2.13980005636947e-08	140200015
1195464	21	1.49786003945863e-07	140200015
1196325	9	6.4194001691084e-08	140200015
1196835	6	4.27960011273893e-08	140200015
1198114	4	2.85306674182595e-08	140200015
1198627	1	7.13266685456489e-09	140200015
1198676	1	7.13266685456489e-09	140200015
1199187	2	1.42653337091298e-08	140200015
1203460	2	1.42653337091298e-08	140200015
1204414	5	3.56633342728244e-08	140200015
1207075	8	5.70613348365191e-08	140200015
1208658	4	2.85306674182595e-08	140200015
1208660	3	2.13980005636947e-08	140200015
1211025	12	8.55920022547786e-08	140200015
1211579	14	9.98573359639084e-08	140200015
1214101	1	7.13266685456489e-09	140200015
1215088	15	1.06990002818473e-07	140200015
1216976	24	1.71184004509557e-07	140200015
1217984	12	8.55920022547786e-08	140200015
1218175	14	9.98573359639084e-08	140200015
1218933	1	7.13266685456489e-09	140200015
1224163	3	2.13980005636947e-08	140200015
1228997	7	4.99286679819542e-08	140200015
1229205	2	1.42653337091298e-08	140200015
1229758	1	7.13266685456489e-09	140200015
1231626	1	7.13266685456489e-09	140200015
1232381	1	7.13266685456489e-09	140200015
1232724	1	7.13266685456489e-09	140200015
1234380	16	1.14122669673038e-07	140200015
1234679	10	7.13266685456489e-08	140200015
1235461	1	7.13266685456489e-09	140200015
1236903	1	7.13266685456489e-09	140200015
1241583	1	7.13266685456489e-09	140200015
1244085	2	1.42653337091298e-08	140200015
1245469	14	9.98573359639084e-08	140200015
1245471	11	7.84593354002138e-08	140200015
1246301	115	8.20256688274962e-07	140200015
1246995	3	2.13980005636947e-08	140200015
1249526	1	7.13266685456489e-09	140200015
1249531	1	7.13266685456489e-09	140200015
1249661	4	2.85306674182595e-08	140200015
1254432	7	4.99286679819542e-08	140200015
1254439	6	4.27960011273893e-08	140200015
1255043	1	7.13266685456489e-09	140200015
1257118	1	7.13266685456489e-09	140200015
1262456	14	9.98573359639084e-08	140200015
1265601	1	7.13266685456489e-09	140200015
1267754	1	7.13266685456489e-09	140200015
1271752	1	7.13266685456489e-09	140200015
1271862	1	7.13266685456489e-09	140200015
1276282	3	2.13980005636947e-08	140200015
1278073	1	7.13266685456489e-09	140200015
1279007	1	7.13266685456489e-09	140200015
1279008	2	1.42653337091298e-08	140200015
1280938	4	2.85306674182595e-08	140200015
1282356	24	1.71184004509557e-07	140200015
1283331	5	3.56633342728244e-08	140200015
1286170	1	7.13266685456489e-09	140200015
1286640	1	7.13266685456489e-09	140200015
1294143	8	5.70613348365191e-08	140200015
1300254	1	7.13266685456489e-09	140200015
1302863	4	2.85306674182595e-08	140200015
1304892	2	1.42653337091298e-08	140200015
1305849	2	1.42653337091298e-08	140200015
1310161	1	7.13266685456489e-09	140200015
1318615	1	7.13266685456489e-09	140200015
1322346	1	7.13266685456489e-09	140200015
1328306	1	7.13266685456489e-09	140200015
1331671	36	2.56776006764336e-07	140200015
1332188	9	6.4194001691084e-08	140200015
1335307	3	2.13980005636947e-08	140200015
1340851	4	2.85306674182595e-08	140200015
1345697	1	7.13266685456489e-09	140200015
1346614	3	2.13980005636947e-08	140200015
1355100	1	7.13266685456489e-09	140200015
1367847	4	2.85306674182595e-08	140200015
1380774	12	8.55920022547786e-08	140200015
1380908	12	8.55920022547786e-08	140200015
1384484	1	7.13266685456489e-09	140200015
1389489	3	2.13980005636947e-08	140200015
1394711	3	2.13980005636947e-08	140200015
1399116	10	7.13266685456489e-08	140200015
1400867	11	7.84593354002138e-08	140200015
1401659	2	1.42653337091298e-08	140200015
1408186	1	7.13266685456489e-09	140200015
1408272	4	2.85306674182595e-08	140200015
1415630	40	2.85306674182595e-07	140200015
1415784	12	8.55920022547786e-08	140200015
1416914	11	7.84593354002138e-08	140200015
1423144	2	1.42653337091298e-08	140200015
1427342	10	7.13266685456489e-08	140200015
1435044	2	1.42653337091298e-08	140200015
1435356	9	6.4194001691084e-08	140200015
1436140	14	9.98573359639084e-08	140200015
