Tax.ID	Frequency	Proportion	Total
394	5	4.37981123907041e-08	114160171
2762	4	3.50384899125633e-08	114160171
2769	2	1.75192449562816e-08	114160171
2771	1	8.75962247814082e-09	114160171
2787	3	2.62788674344225e-08	114160171
2839	8	7.00769798251266e-08	114160171
2850	11	9.6355847259549e-08	114160171
5851	1	8.75962247814082e-09	114160171
5901	2	1.75192449562816e-08	114160171
5907	2	1.75192449562816e-08	114160171
5932	2	1.75192449562816e-08	114160171
13035	1	8.75962247814082e-09	114160171
31271	2	1.75192449562816e-08	114160171
31537	1	8.75962247814082e-09	114160171
31964	1	8.75962247814082e-09	114160171
32051	3	2.62788674344225e-08	114160171
33657	2	1.75192449562816e-08	114160171
33658	2	1.75192449562816e-08	114160171
35128	9	7.88366023032674e-08	114160171
36343	1	8.75962247814082e-09	114160171
46234	1	8.75962247814082e-09	114160171
52970	1	8.75962247814082e-09	114160171
55529	3	2.62788674344225e-08	114160171
60480	3	2.62788674344225e-08	114160171
60481	13	1.13875092215831e-07	114160171
62928	9	7.88366023032674e-08	114160171
62977	9	7.88366023032674e-08	114160171
64471	2	1.75192449562816e-08	114160171
69328	1	8.75962247814082e-09	114160171
75379	5	4.37981123907041e-08	114160171
76114	1	8.75962247814082e-09	114160171
76869	1	8.75962247814082e-09	114160171
78245	4	3.50384899125633e-08	114160171
85643	13	1.13875092215831e-07	114160171
94122	11	9.6355847259549e-08	114160171
96563	21	1.83952072040957e-07	114160171
100226	2	1.75192449562816e-08	114160171
101510	11	9.6355847259549e-08	114160171
111780	1	8.75962247814082e-09	114160171
111781	1	8.75962247814082e-09	114160171
114615	2	1.75192449562816e-08	114160171
115991	1	8.75962247814082e-09	114160171
118163	1	8.75962247814082e-09	114160171
137722	3	2.62788674344225e-08	114160171
153948	1	8.75962247814082e-09	114160171
159087	2	1.75192449562816e-08	114160171
160492	1	8.75962247814082e-09	114160171
160619	7	6.13173573469858e-08	114160171
164037	1	8.75962247814082e-09	114160171
164756	1	8.75962247814082e-09	114160171
170187	1	8.75962247814082e-09	114160171
171101	13	1.13875092215831e-07	114160171
176279	37	3.2410603169121e-07	114160171
176280	40	3.50384899125633e-07	114160171
176299	2	1.75192449562816e-08	114160171
179408	2	1.75192449562816e-08	114160171
187303	3	2.62788674344225e-08	114160171
189423	2	1.75192449562816e-08	114160171
190485	16	1.40153959650253e-07	114160171
190486	3	2.62788674344225e-08	114160171
190650	7	6.13173573469858e-08	114160171
192952	1	8.75962247814082e-09	114160171
195103	8	7.00769798251266e-08	114160171
196620	1	8.75962247814082e-09	114160171
198628	1	8.75962247814082e-09	114160171
204773	6	5.25577348688449e-08	114160171
205918	3	2.62788674344225e-08	114160171
205922	7	6.13173573469858e-08	114160171
207559	4	3.50384899125633e-08	114160171
208963	13	1.13875092215831e-07	114160171
208964	10	8.75962247814082e-08	114160171
211586	7	6.13173573469858e-08	114160171
214684	1	8.75962247814082e-09	114160171
216591	4	3.50384899125633e-08	114160171
216595	21	1.83952072040957e-07	114160171
216596	6	5.25577348688449e-08	114160171
220341	11	9.6355847259549e-08	114160171
220664	4	3.50384899125633e-08	114160171
223283	3	2.62788674344225e-08	114160171
224911	6	5.25577348688449e-08	114160171
225937	2	1.75192449562816e-08	114160171
232721	138	1.20882790198343e-06	114160171
234267	1	8.75962247814082e-09	114160171
234621	233	2.04099203740681e-06	114160171
235909	2	1.75192449562816e-08	114160171
240015	1	8.75962247814082e-09	114160171
242619	1	8.75962247814082e-09	114160171
243159	1	8.75962247814082e-09	114160171
243243	2	1.75192449562816e-08	114160171
243365	5	4.37981123907041e-08	114160171
246196	2	1.75192449562816e-08	114160171
246200	2	1.75192449562816e-08	114160171
247156	3	2.62788674344225e-08	114160171
251229	1	8.75962247814082e-09	114160171
257310	7	6.13173573469858e-08	114160171
257311	3	2.62788674344225e-08	114160171
257313	8	7.00769798251266e-08	114160171
257314	1	8.75962247814082e-09	114160171
258594	2	1.75192449562816e-08	114160171
261292	5	4.37981123907041e-08	114160171
262543	1	8.75962247814082e-09	114160171
262724	13	1.13875092215831e-07	114160171
262727	1	8.75962247814082e-09	114160171
264198	3	2.62788674344225e-08	114160171
264730	1	8.75962247814082e-09	114160171
265072	1	8.75962247814082e-09	114160171
266264	18	1.57673204606535e-07	114160171
266265	6	5.25577348688449e-08	114160171
266834	3	2.62788674344225e-08	114160171
266835	4	3.50384899125633e-08	114160171
267608	9	7.88366023032674e-08	114160171
267747	35	3.06586786734929e-07	114160171
269482	10	8.75962247814082e-08	114160171
269796	1	8.75962247814082e-09	114160171
269797	3	2.62788674344225e-08	114160171
269798	1	8.75962247814082e-09	114160171
272563	1	8.75962247814082e-09	114160171
272568	4	3.50384899125633e-08	114160171
272620	17	1.48913582128394e-07	114160171
272622	4	3.50384899125633e-08	114160171
272623	2	1.75192449562816e-08	114160171
272630	6	5.25577348688449e-08	114160171
272631	1	8.75962247814082e-09	114160171
272942	3	2.62788674344225e-08	114160171
278137	2	1.75192449562816e-08	114160171
279010	2	1.75192449562816e-08	114160171
279238	2	1.75192449562816e-08	114160171
279808	1	8.75962247814082e-09	114160171
280463	3	2.62788674344225e-08	114160171
284592	2	1.75192449562816e-08	114160171
284593	2	1.75192449562816e-08	114160171
285951	1	8.75962247814082e-09	114160171
288000	3	2.62788674344225e-08	114160171
290338	1	8.75962247814082e-09	114160171
290339	3	2.62788674344225e-08	114160171
290340	4	3.50384899125633e-08	114160171
290399	4	3.50384899125633e-08	114160171
290402	4	3.50384899125633e-08	114160171
290434	2	1.75192449562816e-08	114160171
291331	1	8.75962247814082e-09	114160171
292415	5	4.37981123907041e-08	114160171
292459	2	1.75192449562816e-08	114160171
292564	2	1.75192449562816e-08	114160171
295405	1	8.75962247814082e-09	114160171
296543	7	6.13173573469858e-08	114160171
296591	11	9.6355847259549e-08	114160171
298653	1	8.75962247814082e-09	114160171
300852	11	9.6355847259549e-08	114160171
304863	1	8.75962247814082e-09	114160171
306537	2	1.75192449562816e-08	114160171
309800	1	8.75962247814082e-09	114160171
309801	1	8.75962247814082e-09	114160171
311402	2	1.75192449562816e-08	114160171
311403	3	2.62788674344225e-08	114160171
312153	1	8.75962247814082e-09	114160171
314225	1	8.75962247814082e-09	114160171
314565	9	7.88366023032674e-08	114160171
315730	2	1.75192449562816e-08	114160171
316055	3	2.62788674344225e-08	114160171
316056	2	1.75192449562816e-08	114160171
316057	2	1.75192449562816e-08	114160171
316058	2	1.75192449562816e-08	114160171
316273	2	1.75192449562816e-08	114160171
317655	2	1.75192449562816e-08	114160171
318167	1	8.75962247814082e-09	114160171
318586	6	5.25577348688449e-08	114160171
319795	4	3.50384899125633e-08	114160171
320373	3	2.62788674344225e-08	114160171
320388	1	8.75962247814082e-09	114160171
321332	2	1.75192449562816e-08	114160171
322159	31	2.71548296822365e-07	114160171
322710	7	6.13173573469858e-08	114160171
323097	2	1.75192449562816e-08	114160171
325240	1	8.75962247814082e-09	114160171
330214	3	2.62788674344225e-08	114160171
331111	2	1.75192449562816e-08	114160171
331112	1	8.75962247814082e-09	114160171
331271	13	1.13875092215831e-07	114160171
331272	4	3.50384899125633e-08	114160171
334413	4	3.50384899125633e-08	114160171
335283	6	5.25577348688449e-08	114160171
335659	4	3.50384899125633e-08	114160171
337191	2	1.75192449562816e-08	114160171
338966	4	3.50384899125633e-08	114160171
338969	4	3.50384899125633e-08	114160171
339670	15	1.31394337172112e-07	114160171
340100	20	1.75192449562816e-07	114160171
342108	1	8.75962247814082e-09	114160171
342109	1	8.75962247814082e-09	114160171
344609	1	8.75962247814082e-09	114160171
345219	1	8.75962247814082e-09	114160171
347253	3	2.62788674344225e-08	114160171
349101	3	2.62788674344225e-08	114160171
349102	2	1.75192449562816e-08	114160171
349106	2	1.75192449562816e-08	114160171
350054	3	2.62788674344225e-08	114160171
350058	2	1.75192449562816e-08	114160171
351348	7	6.13173573469858e-08	114160171
352472	1	8.75962247814082e-09	114160171
357348	2	1.75192449562816e-08	114160171
358220	95	8.32164135423378e-07	114160171
359786	3	2.62788674344225e-08	114160171
359787	1	8.75962247814082e-09	114160171
360094	2	1.75192449562816e-08	114160171
360910	1	8.75962247814082e-09	114160171
360911	1	8.75962247814082e-09	114160171
362242	1	8.75962247814082e-09	114160171
362663	1	8.75962247814082e-09	114160171
362948	2	1.75192449562816e-08	114160171
362976	1	8.75962247814082e-09	114160171
365044	11	9.6355847259549e-08	114160171
365046	20	1.75192449562816e-07	114160171
365659	10	8.75962247814082e-08	114160171
366394	2	1.75192449562816e-08	114160171
366602	2	1.75192449562816e-08	114160171
367928	1	8.75962247814082e-09	114160171
369723	1	8.75962247814082e-09	114160171
373153	15	1.31394337172112e-07	114160171
373384	2	1.75192449562816e-08	114160171
374930	1	8.75962247814082e-09	114160171
374931	1	8.75962247814082e-09	114160171
375286	2	1.75192449562816e-08	114160171
376686	15	1.31394337172112e-07	114160171
378806	1	8.75962247814082e-09	114160171
379731	24	2.1023093947538e-07	114160171
380358	4	3.50384899125633e-08	114160171
380394	1	8.75962247814082e-09	114160171
381666	3	2.62788674344225e-08	114160171
381754	13	1.13875092215831e-07	114160171
382245	6	5.25577348688449e-08	114160171
383407	3	2.62788674344225e-08	114160171
384676	8	7.00769798251266e-08	114160171
385025	1	8.75962247814082e-09	114160171
388919	4	3.50384899125633e-08	114160171
390235	2	1.75192449562816e-08	114160171
391008	10	8.75962247814082e-08	114160171
391038	2	1.75192449562816e-08	114160171
391295	1	8.75962247814082e-09	114160171
391296	1	8.75962247814082e-09	114160171
391735	12	1.0511546973769e-07	114160171
391774	1	8.75962247814082e-09	114160171
391904	1	8.75962247814082e-09	114160171
392499	4	3.50384899125633e-08	114160171
393011	1	8.75962247814082e-09	114160171
393115	1	8.75962247814082e-09	114160171
395019	28	2.45269429387943e-07	114160171
395491	1	8.75962247814082e-09	114160171
395492	1	8.75962247814082e-09	114160171
395495	18	1.57673204606535e-07	114160171
395960	2	1.75192449562816e-08	114160171
396588	9	7.88366023032674e-08	114160171
396595	1	8.75962247814082e-09	114160171
397945	32	2.80307919300506e-07	114160171
398527	4	3.50384899125633e-08	114160171
398578	58	5.08058103732168e-07	114160171
399599	1	8.75962247814082e-09	114160171
399726	3	2.62788674344225e-08	114160171
399739	72	6.30692818426139e-07	114160171
399741	3	2.62788674344225e-08	114160171
399742	2	1.75192449562816e-08	114160171
400667	9	7.88366023032674e-08	114160171
400756	10	8.75962247814082e-08	114160171
401473	1	8.75962247814082e-09	114160171
402626	11	9.6355847259549e-08	114160171
402881	1	8.75962247814082e-09	114160171
403677	8	7.00769798251266e-08	114160171
405416	9	7.88366023032674e-08	114160171
405440	2	1.75192449562816e-08	114160171
405948	1	8.75962247814082e-09	114160171
405955	5	4.37981123907041e-08	114160171
406425	2	1.75192449562816e-08	114160171
407976	1	8.75962247814082e-09	114160171
410289	1	8.75962247814082e-09	114160171
411154	3	2.62788674344225e-08	114160171
412022	2	1.75192449562816e-08	114160171
412030	2	1.75192449562816e-08	114160171
412694	1	8.75962247814082e-09	114160171
416344	2	1.75192449562816e-08	114160171
419610	11	9.6355847259549e-08	114160171
420245	1	8.75962247814082e-09	114160171
420662	20	1.75192449562816e-07	114160171
423368	8	7.00769798251266e-08	114160171
423536	1	8.75962247814082e-09	114160171
424182	5	4.37981123907041e-08	114160171
426114	3	2.62788674344225e-08	114160171
426117	6	5.25577348688449e-08	114160171
426355	14	1.22634714693972e-07	114160171
426430	2	1.75192449562816e-08	114160171
428406	9	7.88366023032674e-08	114160171
431895	2	1.75192449562816e-08	114160171
431947	1	8.75962247814082e-09	114160171
435590	3	2.62788674344225e-08	114160171
435591	8	7.00769798251266e-08	114160171
435998	2	1.75192449562816e-08	114160171
436717	7	6.13173573469858e-08	114160171
438753	6	5.25577348688449e-08	114160171
439375	6	5.25577348688449e-08	114160171
439843	9	7.88366023032674e-08	114160171
440085	12	1.0511546973769e-07	114160171
441620	12	1.0511546973769e-07	114160171
443143	1	8.75962247814082e-09	114160171
443906	2	1.75192449562816e-08	114160171
446462	2	1.75192449562816e-08	114160171
446465	2	1.75192449562816e-08	114160171
446466	1	8.75962247814082e-09	114160171
446469	1	8.75962247814082e-09	114160171
447217	1	8.75962247814082e-09	114160171
449447	2	1.75192449562816e-08	114160171
450851	5	4.37981123907041e-08	114160171
451516	1	8.75962247814082e-09	114160171
452638	2	1.75192449562816e-08	114160171
452662	3	2.62788674344225e-08	114160171
452863	1	8.75962247814082e-09	114160171
454169	9	7.88366023032674e-08	114160171
455488	1	8.75962247814082e-09	114160171
455632	2	1.75192449562816e-08	114160171
465515	21	1.83952072040957e-07	114160171
467705	4	3.50384899125633e-08	114160171
469371	1	8.75962247814082e-09	114160171
469382	1	8.75962247814082e-09	114160171
469383	1	8.75962247814082e-09	114160171
471852	1	8.75962247814082e-09	114160171
472759	1	8.75962247814082e-09	114160171
477641	3	2.62788674344225e-08	114160171
478801	7	6.13173573469858e-08	114160171
479431	1	8.75962247814082e-09	114160171
479433	1	8.75962247814082e-09	114160171
479435	3	2.62788674344225e-08	114160171
479436	5	4.37981123907041e-08	114160171
479437	1	8.75962247814082e-09	114160171
480119	5	4.37981123907041e-08	114160171
481805	3	2.62788674344225e-08	114160171
482957	4	3.50384899125633e-08	114160171
483219	1	8.75962247814082e-09	114160171
484021	12	1.0511546973769e-07	114160171
487213	2	1.75192449562816e-08	114160171
487214	3	2.62788674344225e-08	114160171
487521	2	1.75192449562816e-08	114160171
491915	3	2.62788674344225e-08	114160171
491916	1	8.75962247814082e-09	114160171
497965	1	8.75962247814082e-09	114160171
498217	2	1.75192449562816e-08	114160171
502025	2	1.75192449562816e-08	114160171
504472	1	8.75962247814082e-09	114160171
504474	1	8.75962247814082e-09	114160171
504728	23	2.01471316997239e-07	114160171
507522	5	4.37981123907041e-08	114160171
509169	15	1.31394337172112e-07	114160171
509170	11	9.6355847259549e-08	114160171
509173	23	2.01471316997239e-07	114160171
509190	2	1.75192449562816e-08	114160171
512566	1	8.75962247814082e-09	114160171
516950	1	8.75962247814082e-09	114160171
521096	1	8.75962247814082e-09	114160171
521098	1	8.75962247814082e-09	114160171
522306	2	1.75192449562816e-08	114160171
522373	7	6.13173573469858e-08	114160171
523841	1	8.75962247814082e-09	114160171
525381	2	1.75192449562816e-08	114160171
526225	3	2.62788674344225e-08	114160171
526226	5	4.37981123907041e-08	114160171
526227	9	7.88366023032674e-08	114160171
535289	60	5.25577348688449e-07	114160171
536019	4	3.50384899125633e-08	114160171
543728	42	3.67904144081915e-07	114160171
543891	9	7.88366023032674e-08	114160171
543913	1	8.75962247814082e-09	114160171
544556	1	8.75962247814082e-09	114160171
548476	3	2.62788674344225e-08	114160171
550538	1	8.75962247814082e-09	114160171
550542	1	8.75962247814082e-09	114160171
553190	4	3.50384899125633e-08	114160171
553199	750	6.56971685860562e-06	114160171
556484	2	1.75192449562816e-08	114160171
557598	2	1.75192449562816e-08	114160171
557600	4	3.50384899125633e-08	114160171
557722	7	6.13173573469858e-08	114160171
557760	1	8.75962247814082e-09	114160171
559292	23	2.01471316997239e-07	114160171
561229	2	1.75192449562816e-08	114160171
565042	1	8.75962247814082e-09	114160171
565050	6	5.25577348688449e-08	114160171
565655	2	1.75192449562816e-08	114160171
568206	1	8.75962247814082e-09	114160171
568703	2	1.75192449562816e-08	114160171
568706	3	2.62788674344225e-08	114160171
568707	1	8.75962247814082e-09	114160171
572265	2	1.75192449562816e-08	114160171
572477	4	3.50384899125633e-08	114160171
573062	2	1.75192449562816e-08	114160171
573065	1	8.75962247814082e-09	114160171
573729	1	8.75962247814082e-09	114160171
575540	1	8.75962247814082e-09	114160171
578455	1	8.75962247814082e-09	114160171
582744	1	8.75962247814082e-09	114160171
583345	2	1.75192449562816e-08	114160171
585394	2	1.75192449562816e-08	114160171
585396	10	8.75962247814082e-08	114160171
585397	1	8.75962247814082e-09	114160171
593907	2	1.75192449562816e-08	114160171
595494	2	1.75192449562816e-08	114160171
595495	2	1.75192449562816e-08	114160171
595537	25	2.18990561953521e-07	114160171
596153	40	3.50384899125633e-07	114160171
596154	41	3.59144521603774e-07	114160171
626418	4	3.50384899125633e-08	114160171
627192	1	8.75962247814082e-09	114160171
632772	3	2.62788674344225e-08	114160171
633147	1	8.75962247814082e-09	114160171
633149	1	8.75962247814082e-09	114160171
634177	1	8.75962247814082e-09	114160171
634452	1	8.75962247814082e-09	114160171
634456	1	8.75962247814082e-09	114160171
634500	2	1.75192449562816e-08	114160171
637379	4	3.50384899125633e-08	114160171
639283	1	8.75962247814082e-09	114160171
640081	11	9.6355847259549e-08	114160171
640131	3	2.62788674344225e-08	114160171
640132	1	8.75962247814082e-09	114160171
640510	3	2.62788674344225e-08	114160171
640511	4	3.50384899125633e-08	114160171
640512	5	4.37981123907041e-08	114160171
641491	1	8.75962247814082e-09	114160171
643561	24	2.1023093947538e-07	114160171
644223	1	8.75962247814082e-09	114160171
644801	6	5.25577348688449e-08	114160171
645127	2	1.75192449562816e-08	114160171
646529	2	1.75192449562816e-08	114160171
652103	3	2.62788674344225e-08	114160171
655815	1	8.75962247814082e-09	114160171
657309	2	1.75192449562816e-08	114160171
657313	3	2.62788674344225e-08	114160171
657317	2	1.75192449562816e-08	114160171
657318	3	2.62788674344225e-08	114160171
657323	1	8.75962247814082e-09	114160171
661410	3	2.62788674344225e-08	114160171
666685	5	4.37981123907041e-08	114160171
670307	1	8.75962247814082e-09	114160171
676032	1	8.75962247814082e-09	114160171
680646	3	2.62788674344225e-08	114160171
684738	1	8.75962247814082e-09	114160171
685727	1	8.75962247814082e-09	114160171
688245	13	1.13875092215831e-07	114160171
690566	2	1.75192449562816e-08	114160171
691437	1	8.75962247814082e-09	114160171
693216	1	8.75962247814082e-09	114160171
693444	1	8.75962247814082e-09	114160171
693974	1	8.75962247814082e-09	114160171
693978	4	3.50384899125633e-08	114160171
693982	4	3.50384899125633e-08	114160171
696749	2	1.75192449562816e-08	114160171
698936	2	1.75192449562816e-08	114160171
698973	4	3.50384899125633e-08	114160171
699032	2	1.75192449562816e-08	114160171
700508	1	8.75962247814082e-09	114160171
700598	1	8.75962247814082e-09	114160171
701347	1	8.75962247814082e-09	114160171
701521	2	1.75192449562816e-08	114160171
702113	5	4.37981123907041e-08	114160171
702459	2	1.75192449562816e-08	114160171
707241	1	8.75962247814082e-09	114160171
710421	1	8.75962247814082e-09	114160171
710685	1	8.75962247814082e-09	114160171
710686	1	8.75962247814082e-09	114160171
710696	2	1.75192449562816e-08	114160171
712898	1	8.75962247814082e-09	114160171
716541	15	1.31394337172112e-07	114160171
717785	2	1.75192449562816e-08	114160171
717962	1	8.75962247814082e-09	114160171
718252	1	8.75962247814082e-09	114160171
718254	1	8.75962247814082e-09	114160171
718255	2	1.75192449562816e-08	114160171
718274	1	8.75962247814082e-09	114160171
722911	1	8.75962247814082e-09	114160171
741091	1	8.75962247814082e-09	114160171
742013	40	3.50384899125633e-07	114160171
743525	235	2.05851128236309e-06	114160171
743720	13	1.13875092215831e-07	114160171
743721	6	5.25577348688449e-08	114160171
744533	3	2.62788674344225e-08	114160171
745277	2	1.75192449562816e-08	114160171
745310	5	4.37981123907041e-08	114160171
748247	2	1.75192449562816e-08	114160171
748280	2	1.75192449562816e-08	114160171
749414	1	8.75962247814082e-09	114160171
751945	9	7.88366023032674e-08	114160171
754035	2	1.75192449562816e-08	114160171
754252	1	8.75962247814082e-09	114160171
754477	1	8.75962247814082e-09	114160171
757424	21	1.83952072040957e-07	114160171
760192	1	8.75962247814082e-09	114160171
760568	1	8.75962247814082e-09	114160171
760570	1	8.75962247814082e-09	114160171
761659	1	8.75962247814082e-09	114160171
762376	11	9.6355847259549e-08	114160171
762633	33	2.89067541778647e-07	114160171
762903	1	8.75962247814082e-09	114160171
765698	2	1.75192449562816e-08	114160171
765912	1	8.75962247814082e-09	114160171
767029	1	8.75962247814082e-09	114160171
767031	1	8.75962247814082e-09	114160171
767463	30	2.62788674344225e-07	114160171
767468	1	8.75962247814082e-09	114160171
768490	1	8.75962247814082e-09	114160171
798128	35	3.06586786734929e-07	114160171
856793	1	8.75962247814082e-09	114160171
859654	1	8.75962247814082e-09	114160171
859655	2	1.75192449562816e-08	114160171
859656	7	6.13173573469858e-08	114160171
859657	5	4.37981123907041e-08	114160171
861208	5	4.37981123907041e-08	114160171
862719	1	8.75962247814082e-09	114160171
862751	2	1.75192449562816e-08	114160171
862964	1	8.75962247814082e-09	114160171
862965	1	8.75962247814082e-09	114160171
862966	1	8.75962247814082e-09	114160171
866768	1	8.75962247814082e-09	114160171
868597	8	7.00769798251266e-08	114160171
869209	1	8.75962247814082e-09	114160171
869309	11	9.6355847259549e-08	114160171
871585	7	6.13173573469858e-08	114160171
880758	6	5.25577348688449e-08	114160171
883062	2	1.75192449562816e-08	114160171
884204	3	2.62788674344225e-08	114160171
886293	4	3.50384899125633e-08	114160171
887061	1	8.75962247814082e-09	114160171
889738	4	3.50384899125633e-08	114160171
903510	1	8.75962247814082e-09	114160171
905079	1	8.75962247814082e-09	114160171
909952	56	4.90538858775886e-07	114160171
909954	1	8.75962247814082e-09	114160171
926566	1	8.75962247814082e-09	114160171
926570	1	8.75962247814082e-09	114160171
927666	5	4.37981123907041e-08	114160171
930171	1	8.75962247814082e-09	114160171
935296	2	1.75192449562816e-08	114160171
941639	2	1.75192449562816e-08	114160171
945556	4	3.50384899125633e-08	114160171
946483	2	1.75192449562816e-08	114160171
977880	4	3.50384899125633e-08	114160171
979556	1	8.75962247814082e-09	114160171
980514	2	1.75192449562816e-08	114160171
981368	2	1.75192449562816e-08	114160171
983917	21	1.83952072040957e-07	114160171
990288	1	8.75962247814082e-09	114160171
990315	11	9.6355847259549e-08	114160171
991905	4	3.50384899125633e-08	114160171
992406	3	2.62788674344225e-08	114160171
994484	5	4.37981123907041e-08	114160171
996285	11	9.6355847259549e-08	114160171
999541	5	4.37981123907041e-08	114160171
1001585	78	6.83250553294984e-07	114160171
1005048	32	2.80307919300506e-07	114160171
1006551	4	3.50384899125633e-08	114160171
1007105	3	2.62788674344225e-08	114160171
1009846	4	3.50384899125633e-08	114160171
1017264	1	8.75962247814082e-09	114160171
1028307	2	1.75192449562816e-08	114160171
1030843	2	1.75192449562816e-08	114160171
1031709	62	5.43096593644731e-07	114160171
1031711	5	4.37981123907041e-08	114160171
1032480	2	1.75192449562816e-08	114160171
1034807	1	8.75962247814082e-09	114160171
1035817	1	8.75962247814082e-09	114160171
1036672	2	1.75192449562816e-08	114160171
1036743	1	8.75962247814082e-09	114160171
1037409	5	4.37981123907041e-08	114160171
1037911	24	2.1023093947538e-07	114160171
1042876	4	3.50384899125633e-08	114160171
1042878	2	1.75192449562816e-08	114160171
1045855	2	1.75192449562816e-08	114160171
1045856	2	1.75192449562816e-08	114160171
1046629	6	5.25577348688449e-08	114160171
1048332	3	2.62788674344225e-08	114160171
1049565	1	8.75962247814082e-09	114160171
1051074	6	5.25577348688449e-08	114160171
1054460	3	2.62788674344225e-08	114160171
1064539	2	1.75192449562816e-08	114160171
1082931	1	8.75962247814082e-09	114160171
1089456	8	7.00769798251266e-08	114160171
1091045	321	2.8118388154832e-06	114160171
1093787	2	1.75192449562816e-08	114160171
1096996	5	4.37981123907041e-08	114160171
1097668	1	8.75962247814082e-09	114160171
1104322	1	8.75962247814082e-09	114160171
1104326	6	5.25577348688449e-08	114160171
1110502	2	1.75192449562816e-08	114160171
1111069	20	1.75192449562816e-07	114160171
1111678	1	8.75962247814082e-09	114160171
1114966	10	8.75962247814082e-08	114160171
1114967	78	6.83250553294984e-07	114160171
1114969	740	6.48212063382421e-06	114160171
1114970	10	8.75962247814082e-08	114160171
1117943	1	8.75962247814082e-09	114160171
1118963	3	2.62788674344225e-08	114160171
1121362	1	8.75962247814082e-09	114160171
1123519	2	1.75192449562816e-08	114160171
1124983	7	6.13173573469858e-08	114160171
1125630	1	8.75962247814082e-09	114160171
1133849	1	8.75962247814082e-09	114160171
1134454	380	3.32865654169351e-06	114160171
1136179	223	1.9533958126254e-06	114160171
1138383	1	8.75962247814082e-09	114160171
1138871	1	8.75962247814082e-09	114160171
1146883	2	1.75192449562816e-08	114160171
1156431	1	8.75962247814082e-09	114160171
1156433	1	8.75962247814082e-09	114160171
1163399	10	8.75962247814082e-08	114160171
1166130	1	8.75962247814082e-09	114160171
1167634	10	8.75962247814082e-08	114160171
1170318	16	1.40153959650253e-07	114160171
1171373	4	3.50384899125633e-08	114160171
1171377	1	8.75962247814082e-09	114160171
1173020	6	5.25577348688449e-08	114160171
1187956	8	7.00769798251266e-08	114160171
1191061	5	4.37981123907041e-08	114160171
1193292	10	8.75962247814082e-08	114160171
1194526	1	8.75962247814082e-09	114160171
1195464	1	8.75962247814082e-09	114160171
1196835	12	1.0511546973769e-07	114160171
1198232	3	2.62788674344225e-08	114160171
1200352	1	8.75962247814082e-09	114160171
1207075	4	3.50384899125633e-08	114160171
1208660	1	8.75962247814082e-09	114160171
1211025	1	8.75962247814082e-09	114160171
1211579	2	1.75192449562816e-08	114160171
1214242	1	8.75962247814082e-09	114160171
1215088	2	1.75192449562816e-08	114160171
1216976	6	5.25577348688449e-08	114160171
1228997	1	8.75962247814082e-09	114160171
1229205	1	8.75962247814082e-09	114160171
1233873	1	8.75962247814082e-09	114160171
1234380	7	6.13173573469858e-08	114160171
1235461	1	8.75962247814082e-09	114160171
1236903	1	8.75962247814082e-09	114160171
1245469	2	1.75192449562816e-08	114160171
1245471	4	3.50384899125633e-08	114160171
1246301	28	2.45269429387943e-07	114160171
1249661	1	8.75962247814082e-09	114160171
1255043	1	8.75962247814082e-09	114160171
1257118	2	1.75192449562816e-08	114160171
1262456	3	2.62788674344225e-08	114160171
1265601	1	8.75962247814082e-09	114160171
1271863	1	8.75962247814082e-09	114160171
1278073	1	8.75962247814082e-09	114160171
1282356	4	3.50384899125633e-08	114160171
1283331	4	3.50384899125633e-08	114160171
1286170	1	8.75962247814082e-09	114160171
1294143	4	3.50384899125633e-08	114160171
1300150	2	1.75192449562816e-08	114160171
1300253	1	8.75962247814082e-09	114160171
1304892	2	1.75192449562816e-08	114160171
1313172	1	8.75962247814082e-09	114160171
1328306	1	8.75962247814082e-09	114160171
1331671	6	5.25577348688449e-08	114160171
1332188	2	1.75192449562816e-08	114160171
1345695	1	8.75962247814082e-09	114160171
1345697	1	8.75962247814082e-09	114160171
1380774	1	8.75962247814082e-09	114160171
1380908	7	6.13173573469858e-08	114160171
1415629	1	8.75962247814082e-09	114160171
1415630	12	1.0511546973769e-07	114160171
1416914	1	8.75962247814082e-09	114160171
1423144	3	2.62788674344225e-08	114160171
1427342	6	5.25577348688449e-08	114160171
1435044	1	8.75962247814082e-09	114160171
1435356	3	2.62788674344225e-08	114160171
1436140	1	8.75962247814082e-09	114160171
