Tax.ID	Frequency	Proportion	Total
394	6	7.51103596514359e-08	79882456
883	1	1.25183932752393e-08	79882456
1511	4	5.00735731009572e-08	79882456
1639	2	2.50367865504786e-08	79882456
2762	3	3.75551798257179e-08	79882456
2769	9	1.12665539477154e-07	79882456
2787	6	7.51103596514359e-08	79882456
2829	12	1.50220719302872e-07	79882456
2839	32	4.00588584807658e-07	79882456
2850	32	4.00588584807658e-07	79882456
2880	3	3.75551798257179e-08	79882456
2898	6	7.51103596514359e-08	79882456
2986	1	1.25183932752393e-08	79882456
3040	2	2.50367865504786e-08	79882456
4770	3	3.75551798257179e-08	79882456
4959	1	1.25183932752393e-08	79882456
5518	2	2.50367865504786e-08	79882456
5661	4	5.00735731009572e-08	79882456
5749	1	1.25183932752393e-08	79882456
5786	8	1.00147146201914e-07	79882456
5823	9	1.12665539477154e-07	79882456
5851	5	6.25919663761965e-08	79882456
5872	1	1.25183932752393e-08	79882456
5901	2	2.50367865504786e-08	79882456
5905	2	2.50367865504786e-08	79882456
5911	5	6.25919663761965e-08	79882456
5932	3	3.75551798257179e-08	79882456
10633	2	2.50367865504786e-08	79882456
10678	2	2.50367865504786e-08	79882456
10760	1	1.25183932752393e-08	79882456
10870	3	3.75551798257179e-08	79882456
31271	15	1.8777589912859e-07	79882456
31535	1	1.25183932752393e-08	79882456
31964	4	5.00735731009572e-08	79882456
35128	48	6.00882877211487e-07	79882456
35688	2	2.50367865504786e-08	79882456
36329	1	1.25183932752393e-08	79882456
36809	6	7.51103596514359e-08	79882456
39717	1	1.25183932752393e-08	79882456
41431	1	1.25183932752393e-08	79882456
44056	2	2.50367865504786e-08	79882456
44058	5	6.25919663761965e-08	79882456
46234	1	1.25183932752393e-08	79882456
47573	1	1.25183932752393e-08	79882456
49266	4	5.00735731009572e-08	79882456
52970	9	1.12665539477154e-07	79882456
55529	11	1.37702326027632e-07	79882456
59922	5	6.25919663761965e-08	79882456
60480	1	1.25183932752393e-08	79882456
60481	21	2.62886258780025e-07	79882456
62928	21	2.62886258780025e-07	79882456
62977	6	7.51103596514359e-08	79882456
63737	1	1.25183932752393e-08	79882456
64471	2	2.50367865504786e-08	79882456
66692	1	1.25183932752393e-08	79882456
69328	8	1.00147146201914e-07	79882456
72520	5	6.25919663761965e-08	79882456
74547	2	2.50367865504786e-08	79882456
75379	24	3.00441438605743e-07	79882456
76114	6	7.51103596514359e-08	79882456
76869	10	1.25183932752393e-07	79882456
78245	9	1.12665539477154e-07	79882456
83406	1	1.25183932752393e-08	79882456
85569	2	2.50367865504786e-08	79882456
85643	36	4.50662157908615e-07	79882456
88149	1	1.25183932752393e-08	79882456
94122	3	3.75551798257179e-08	79882456
96561	2	2.50367865504786e-08	79882456
96563	37	4.63180551183854e-07	79882456
99598	1	1.25183932752393e-08	79882456
100226	4	5.00735731009572e-08	79882456
101510	25	3.12959831880983e-07	79882456
103690	4	5.00735731009572e-08	79882456
105559	2	2.50367865504786e-08	79882456
106370	1	1.25183932752393e-08	79882456
109269	3	3.75551798257179e-08	79882456
110662	1	1.25183932752393e-08	79882456
114615	21	2.62886258780025e-07	79882456
120807	3	3.75551798257179e-08	79882456
126793	2	2.50367865504786e-08	79882456
134676	5	6.25919663761965e-08	79882456
136089	1	1.25183932752393e-08	79882456
137722	9	1.12665539477154e-07	79882456
145522	1	1.25183932752393e-08	79882456
146891	1	1.25183932752393e-08	79882456
151537	1	1.25183932752393e-08	79882456
153948	1	1.25183932752393e-08	79882456
155864	1	1.25183932752393e-08	79882456
156889	3	3.75551798257179e-08	79882456
158878	4	5.00735731009572e-08	79882456
159087	9	1.12665539477154e-07	79882456
160488	8	1.00147146201914e-07	79882456
160492	3	3.75551798257179e-08	79882456
160619	32	4.00588584807658e-07	79882456
164037	8	1.00147146201914e-07	79882456
164756	16	2.00294292403829e-07	79882456
164757	3	3.75551798257179e-08	79882456
167542	2	2.50367865504786e-08	79882456
171101	6	7.51103596514359e-08	79882456
176279	65	8.13695562890555e-07	79882456
176280	61	7.63621989789598e-07	79882456
176299	5	6.25919663761965e-08	79882456
179408	2	2.50367865504786e-08	79882456
187272	14	1.7525750585335e-07	79882456
187303	6	7.51103596514359e-08	79882456
189918	6	7.51103596514359e-08	79882456
190304	2	2.50367865504786e-08	79882456
190485	51	6.38438057037205e-07	79882456
190486	12	1.50220719302872e-07	79882456
190650	27	3.37996618431461e-07	79882456
192952	2	2.50367865504786e-08	79882456
194439	4	5.00735731009572e-08	79882456
195102	2	2.50367865504786e-08	79882456
195103	30	3.75551798257179e-07	79882456
196162	15	1.8777589912859e-07	79882456
196164	6	7.51103596514359e-08	79882456
196620	1	1.25183932752393e-08	79882456
197221	1	1.25183932752393e-08	79882456
198215	1	1.25183932752393e-08	79882456
199310	1	1.25183932752393e-08	79882456
203123	2	2.50367865504786e-08	79882456
203124	5	6.25919663761965e-08	79882456
203267	1	1.25183932752393e-08	79882456
203275	1	1.25183932752393e-08	79882456
204773	16	2.00294292403829e-07	79882456
205913	7	8.76287529266752e-08	79882456
205918	10	1.25183932752393e-07	79882456
205920	1	1.25183932752393e-08	79882456
205922	22	2.75404652055265e-07	79882456
206672	2	2.50367865504786e-08	79882456
207559	9	1.12665539477154e-07	79882456
208435	1	1.25183932752393e-08	79882456
208963	25	3.12959831880983e-07	79882456
208964	27	3.37996618431461e-07	79882456
211110	1	1.25183932752393e-08	79882456
213769	1	1.25183932752393e-08	79882456
213775	1	1.25183932752393e-08	79882456
214684	3	3.75551798257179e-08	79882456
216591	11	1.37702326027632e-07	79882456
216594	2	2.50367865504786e-08	79882456
216595	44	5.5080930411053e-07	79882456
216596	8	1.00147146201914e-07	79882456
216599	6	7.51103596514359e-08	79882456
216895	1	1.25183932752393e-08	79882456
218491	1	1.25183932752393e-08	79882456
218496	1	1.25183932752393e-08	79882456
220341	37	4.63180551183854e-07	79882456
220664	3	3.75551798257179e-08	79882456
221109	1	1.25183932752393e-08	79882456
221721	2	2.50367865504786e-08	79882456
222523	2	2.50367865504786e-08	79882456
223283	8	1.00147146201914e-07	79882456
224308	1	1.25183932752393e-08	79882456
224911	35	4.38143764633376e-07	79882456
224914	2	2.50367865504786e-08	79882456
225937	1	1.25183932752393e-08	79882456
226185	1	1.25183932752393e-08	79882456
227086	5	6.25919663761965e-08	79882456
227882	7	8.76287529266752e-08	79882456
228405	1	1.25183932752393e-08	79882456
228410	1	1.25183932752393e-08	79882456
229533	2	2.50367865504786e-08	79882456
231023	9	1.12665539477154e-07	79882456
232721	555	6.94770826775782e-06	79882456
234267	5	6.25919663761965e-08	79882456
234621	1274	1.59484330326549e-05	79882456
234831	1	1.25183932752393e-08	79882456
235909	1	1.25183932752393e-08	79882456
238854	1	1.25183932752393e-08	79882456
240015	4	5.00735731009572e-08	79882456
243090	2	2.50367865504786e-08	79882456
243159	1	1.25183932752393e-08	79882456
243160	2	2.50367865504786e-08	79882456
243230	4	5.00735731009572e-08	79882456
243233	3	3.75551798257179e-08	79882456
243243	10	1.25183932752393e-07	79882456
243277	1	1.25183932752393e-08	79882456
243365	11	1.37702326027632e-07	79882456
245014	1	1.25183932752393e-08	79882456
245018	2	2.50367865504786e-08	79882456
246195	1	1.25183932752393e-08	79882456
246196	7	8.76287529266752e-08	79882456
246197	8	1.00147146201914e-07	79882456
246198	3	3.75551798257179e-08	79882456
246200	4	5.00735731009572e-08	79882456
247156	2	2.50367865504786e-08	79882456
251221	2	2.50367865504786e-08	79882456
251229	3	3.75551798257179e-08	79882456
257310	20	2.50367865504786e-07	79882456
257311	8	1.00147146201914e-07	79882456
257313	15	1.8777589912859e-07	79882456
258594	16	2.00294292403829e-07	79882456
259536	2	2.50367865504786e-08	79882456
261292	6	7.51103596514359e-08	79882456
262316	6	7.51103596514359e-08	79882456
262543	3	3.75551798257179e-08	79882456
262724	62	7.76140383064837e-07	79882456
263358	4	5.00735731009572e-08	79882456
264198	37	4.63180551183854e-07	79882456
264199	1	1.25183932752393e-08	79882456
264201	2	2.50367865504786e-08	79882456
264203	3	3.75551798257179e-08	79882456
264730	4	5.00735731009572e-08	79882456
265072	12	1.50220719302872e-07	79882456
266117	1	1.25183932752393e-08	79882456
266264	88	1.10161860822106e-06	79882456
266265	26	3.25478225156222e-07	79882456
266779	14	1.7525750585335e-07	79882456
266834	3	3.75551798257179e-08	79882456
266835	10	1.25183932752393e-07	79882456
266940	6	7.51103596514359e-08	79882456
267608	29	3.6303340498194e-07	79882456
267747	57	7.13548416688641e-07	79882456
269482	33	4.13106978082897e-07	79882456
269796	4	5.00735731009572e-08	79882456
269797	1	1.25183932752393e-08	79882456
269798	3	3.75551798257179e-08	79882456
269800	8	1.00147146201914e-07	79882456
271848	4	5.00735731009572e-08	79882456
272559	1	1.25183932752393e-08	79882456
272563	21	2.62886258780025e-07	79882456
272568	14	1.7525750585335e-07	79882456
272620	24	3.00441438605743e-07	79882456
272622	11	1.37702326027632e-07	79882456
272623	5	6.25919663761965e-08	79882456
272624	2	2.50367865504786e-08	79882456
272630	29	3.6303340498194e-07	79882456
272942	8	1.00147146201914e-07	79882456
272943	1	1.25183932752393e-08	79882456
272947	1	1.25183932752393e-08	79882456
273119	1	1.25183932752393e-08	79882456
273121	1	1.25183932752393e-08	79882456
278137	6	7.51103596514359e-08	79882456
278197	2	2.50367865504786e-08	79882456
279010	8	1.00147146201914e-07	79882456
279238	15	1.8777589912859e-07	79882456
279808	74	9.26361102367709e-07	79882456
280463	21	2.62886258780025e-07	79882456
280699	10	1.25183932752393e-07	79882456
281090	1	1.25183932752393e-08	79882456
284591	12	1.50220719302872e-07	79882456
284592	5	6.25919663761965e-08	79882456
284593	3	3.75551798257179e-08	79882456
284811	2	2.50367865504786e-08	79882456
284812	5	6.25919663761965e-08	79882456
285951	1	1.25183932752393e-08	79882456
288000	17	2.12812685679068e-07	79882456
288705	4	5.00735731009572e-08	79882456
289380	3	3.75551798257179e-08	79882456
290315	1	1.25183932752393e-08	79882456
290338	1	1.25183932752393e-08	79882456
290339	3	3.75551798257179e-08	79882456
290340	19	2.37849472229547e-07	79882456
290397	2	2.50367865504786e-08	79882456
290398	2	2.50367865504786e-08	79882456
290399	14	1.7525750585335e-07	79882456
290402	11	1.37702326027632e-07	79882456
290633	1	1.25183932752393e-08	79882456
291331	6	7.51103596514359e-08	79882456
292414	1	1.25183932752393e-08	79882456
292415	14	1.7525750585335e-07	79882456
292459	11	1.37702326027632e-07	79882456
292564	13	1.62739112578111e-07	79882456
293613	1	1.25183932752393e-08	79882456
293826	4	5.00735731009572e-08	79882456
295405	3	3.75551798257179e-08	79882456
296543	43	5.3829091083529e-07	79882456
296591	42	5.25772517560051e-07	79882456
297245	1	1.25183932752393e-08	79882456
298653	1	1.25183932752393e-08	79882456
298654	3	3.75551798257179e-08	79882456
300268	2	2.50367865504786e-08	79882456
300269	1	1.25183932752393e-08	79882456
300852	33	4.13106978082897e-07	79882456
302409	1	1.25183932752393e-08	79882456
304863	1	1.25183932752393e-08	79882456
306537	8	1.00147146201914e-07	79882456
309801	2	2.50367865504786e-08	79882456
311402	1	1.25183932752393e-08	79882456
311403	2	2.50367865504786e-08	79882456
312153	3	3.75551798257179e-08	79882456
314225	4	5.00735731009572e-08	79882456
314260	1	1.25183932752393e-08	79882456
314315	1	1.25183932752393e-08	79882456
314565	33	4.13106978082897e-07	79882456
315730	10	1.25183932752393e-07	79882456
315749	1	1.25183932752393e-08	79882456
315750	6	7.51103596514359e-08	79882456
316055	20	2.50367865504786e-07	79882456
316056	13	1.62739112578111e-07	79882456
316057	12	1.50220719302872e-07	79882456
316058	15	1.8777589912859e-07	79882456
316273	14	1.7525750585335e-07	79882456
316278	2	2.50367865504786e-08	79882456
316385	9	1.12665539477154e-07	79882456
316407	1	1.25183932752393e-08	79882456
317655	16	2.00294292403829e-07	79882456
318167	2	2.50367865504786e-08	79882456
318586	15	1.8777589912859e-07	79882456
319224	1	1.25183932752393e-08	79882456
319795	21	2.62886258780025e-07	79882456
320373	5	6.25919663761965e-08	79882456
320388	13	1.62739112578111e-07	79882456
320389	3	3.75551798257179e-08	79882456
320483	1	1.25183932752393e-08	79882456
321327	1	1.25183932752393e-08	79882456
321956	1	1.25183932752393e-08	79882456
321967	1	1.25183932752393e-08	79882456
322159	13	1.62739112578111e-07	79882456
322710	14	1.7525750585335e-07	79882456
323097	11	1.37702326027632e-07	79882456
323098	3	3.75551798257179e-08	79882456
324602	2	2.50367865504786e-08	79882456
326297	1	1.25183932752393e-08	79882456
326423	2	2.50367865504786e-08	79882456
326424	7	8.76287529266752e-08	79882456
326425	1	1.25183932752393e-08	79882456
326426	3	3.75551798257179e-08	79882456
326427	1	1.25183932752393e-08	79882456
330214	2	2.50367865504786e-08	79882456
331111	13	1.62739112578111e-07	79882456
331112	6	7.51103596514359e-08	79882456
331271	35	4.38143764633376e-07	79882456
331272	25	3.12959831880983e-07	79882456
334413	4	5.00735731009572e-08	79882456
335283	3	3.75551798257179e-08	79882456
335543	2	2.50367865504786e-08	79882456
335659	30	3.75551798257179e-07	79882456
337191	3	3.75551798257179e-08	79882456
338963	1	1.25183932752393e-08	79882456
338966	2	2.50367865504786e-08	79882456
338969	11	1.37702326027632e-07	79882456
339670	98	1.22680254097345e-06	79882456
340099	2	2.50367865504786e-08	79882456
340100	59	7.38585203239119e-07	79882456
340322	9	1.12665539477154e-07	79882456
342108	6	7.51103596514359e-08	79882456
342109	3	3.75551798257179e-08	79882456
342451	20	2.50367865504786e-07	79882456
344609	4	5.00735731009572e-08	79882456
345073	1	1.25183932752393e-08	79882456
345219	2	2.50367865504786e-08	79882456
347253	1	1.25183932752393e-08	79882456
347515	1	1.25183932752393e-08	79882456
347834	1	1.25183932752393e-08	79882456
349101	14	1.7525750585335e-07	79882456
349102	12	1.50220719302872e-07	79882456
349106	2	2.50367865504786e-08	79882456
349124	1	1.25183932752393e-08	79882456
349163	3	3.75551798257179e-08	79882456
349519	2	2.50367865504786e-08	79882456
349741	3	3.75551798257179e-08	79882456
350054	8	1.00147146201914e-07	79882456
350058	6	7.51103596514359e-08	79882456
351348	19	2.37849472229547e-07	79882456
351605	1	1.25183932752393e-08	79882456
351607	1	1.25183932752393e-08	79882456
351745	10	1.25183932752393e-07	79882456
351746	20	2.50367865504786e-07	79882456
352914	13	1.62739112578111e-07	79882456
353151	5	6.25919663761965e-08	79882456
353153	7	8.76287529266752e-08	79882456
357348	15	1.8777589912859e-07	79882456
357544	2	2.50367865504786e-08	79882456
357804	1	1.25183932752393e-08	79882456
357808	1	1.25183932752393e-08	79882456
358220	485	6.07142073849107e-06	79882456
359786	14	1.7525750585335e-07	79882456
359787	4	5.00735731009572e-08	79882456
360094	8	1.00147146201914e-07	79882456
360102	4	5.00735731009572e-08	79882456
360910	5	6.25919663761965e-08	79882456
360911	2	2.50367865504786e-08	79882456
362242	2	2.50367865504786e-08	79882456
362663	33	4.13106978082897e-07	79882456
365044	68	8.51250742716273e-07	79882456
365046	105	1.31443129390013e-06	79882456
365659	13	1.62739112578111e-07	79882456
366394	4	5.00735731009572e-08	79882456
366602	12	1.50220719302872e-07	79882456
367737	1	1.25183932752393e-08	79882456
367775	6	7.51103596514359e-08	79882456
367928	15	1.8777589912859e-07	79882456
368407	1	1.25183932752393e-08	79882456
369723	3	3.75551798257179e-08	79882456
370354	5	6.25919663761965e-08	79882456
373153	6	7.51103596514359e-08	79882456
373384	21	2.62886258780025e-07	79882456
374930	4	5.00735731009572e-08	79882456
375286	12	1.50220719302872e-07	79882456
375451	7	8.76287529266752e-08	79882456
376686	11	1.37702326027632e-07	79882456
376758	3	3.75551798257179e-08	79882456
377628	1	1.25183932752393e-08	79882456
378753	71	8.88805922541991e-07	79882456
379066	4	5.00735731009572e-08	79882456
379731	42	5.25772517560051e-07	79882456
380358	3	3.75551798257179e-08	79882456
380394	2	2.50367865504786e-08	79882456
380703	9	1.12665539477154e-07	79882456
381666	45	5.63327697385769e-07	79882456
381754	29	3.6303340498194e-07	79882456
382245	30	3.75551798257179e-07	79882456
382638	2	2.50367865504786e-08	79882456
382640	1	1.25183932752393e-08	79882456
383372	1	1.25183932752393e-08	79882456
383407	2	2.50367865504786e-08	79882456
384676	27	3.37996618431461e-07	79882456
385025	1	1.25183932752393e-08	79882456
386043	2	2.50367865504786e-08	79882456
386415	3	3.75551798257179e-08	79882456
386585	2	2.50367865504786e-08	79882456
387344	1	1.25183932752393e-08	79882456
388919	1	1.25183932752393e-08	79882456
390235	8	1.00147146201914e-07	79882456
390333	8	1.00147146201914e-07	79882456
391008	32	4.00588584807658e-07	79882456
391009	1	1.25183932752393e-08	79882456
391037	2	2.50367865504786e-08	79882456
391038	3	3.75551798257179e-08	79882456
391165	3	3.75551798257179e-08	79882456
391595	1	1.25183932752393e-08	79882456
391735	70	8.76287529266752e-07	79882456
391774	4	5.00735731009572e-08	79882456
391904	1	1.25183932752393e-08	79882456
392499	34	4.25625371358137e-07	79882456
392500	1	1.25183932752393e-08	79882456
393011	2	2.50367865504786e-08	79882456
393595	7	8.76287529266752e-08	79882456
394221	6	7.51103596514359e-08	79882456
394503	4	5.00735731009572e-08	79882456
395019	82	1.02650824856962e-06	79882456
395491	3	3.75551798257179e-08	79882456
395492	4	5.00735731009572e-08	79882456
395494	4	5.00735731009572e-08	79882456
395495	87	1.08910021494582e-06	79882456
395960	15	1.8777589912859e-07	79882456
395961	2	2.50367865504786e-08	79882456
395962	1	1.25183932752393e-08	79882456
395963	3	3.75551798257179e-08	79882456
395965	5	6.25919663761965e-08	79882456
396513	11	1.37702326027632e-07	79882456
396588	13	1.62739112578111e-07	79882456
396595	1	1.25183932752393e-08	79882456
397945	138	1.72753827198302e-06	79882456
398527	30	3.75551798257179e-07	79882456
398577	6	7.51103596514359e-08	79882456
398578	304	3.80559155567275e-06	79882456
398579	1	1.25183932752393e-08	79882456
398580	2	2.50367865504786e-08	79882456
398767	2	2.50367865504786e-08	79882456
398839	1	1.25183932752393e-08	79882456
399185	1	1.25183932752393e-08	79882456
399599	1	1.25183932752393e-08	79882456
399726	1	1.25183932752393e-08	79882456
399739	15	1.8777589912859e-07	79882456
399741	10	1.25183932752393e-07	79882456
399742	2	2.50367865504786e-08	79882456
400667	26	3.25478225156222e-07	79882456
400673	4	5.00735731009572e-08	79882456
400756	24	3.00441438605743e-07	79882456
402612	1	1.25183932752393e-08	79882456
402626	27	3.37996618431461e-07	79882456
402881	14	1.7525750585335e-07	79882456
403677	20	2.50367865504786e-07	79882456
404380	1	1.25183932752393e-08	79882456
404589	5	6.25919663761965e-08	79882456
405416	39	4.88217337734333e-07	79882456
405440	2	2.50367865504786e-08	79882456
405532	1	1.25183932752393e-08	79882456
405566	1	1.25183932752393e-08	79882456
405948	7	8.76287529266752e-08	79882456
405955	39	4.88217337734333e-07	79882456
406425	16	2.00294292403829e-07	79882456
407976	1	1.25183932752393e-08	79882456
409438	2	2.50367865504786e-08	79882456
410289	3	3.75551798257179e-08	79882456
411154	3	3.75551798257179e-08	79882456
412022	10	1.25183932752393e-07	79882456
412030	1	1.25183932752393e-08	79882456
412694	4	5.00735731009572e-08	79882456
413997	1	1.25183932752393e-08	79882456
413999	4	5.00735731009572e-08	79882456
414684	5	6.25919663761965e-08	79882456
416344	13	1.62739112578111e-07	79882456
416591	1	1.25183932752393e-08	79882456
416870	4	5.00735731009572e-08	79882456
419610	37	4.63180551183854e-07	79882456
419947	3	3.75551798257179e-08	79882456
420245	2	2.50367865504786e-08	79882456
420662	81	1.01398985529438e-06	79882456
423212	2	2.50367865504786e-08	79882456
423368	30	3.75551798257179e-07	79882456
423536	6	7.51103596514359e-08	79882456
424182	4	5.00735731009572e-08	79882456
425011	10	1.25183932752393e-07	79882456
426114	13	1.62739112578111e-07	79882456
426117	18	2.25331078954308e-07	79882456
426355	82	1.02650824856962e-06	79882456
426430	1	1.25183932752393e-08	79882456
428406	44	5.5080930411053e-07	79882456
431943	3	3.75551798257179e-08	79882456
431946	1	1.25183932752393e-08	79882456
434131	1	1.25183932752393e-08	79882456
435258	7	8.76287529266752e-08	79882456
435590	11	1.37702326027632e-07	79882456
435591	4	5.00735731009572e-08	79882456
435998	4	5.00735731009572e-08	79882456
436717	19	2.37849472229547e-07	79882456
438753	8	1.00147146201914e-07	79882456
439375	6	7.51103596514359e-08	79882456
439843	37	4.63180551183854e-07	79882456
439855	2	2.50367865504786e-08	79882456
440085	36	4.50662157908615e-07	79882456
441375	4	5.00735731009572e-08	79882456
441620	58	7.2606680996388e-07	79882456
441772	1	1.25183932752393e-08	79882456
443143	3	3.75551798257179e-08	79882456
443144	1	1.25183932752393e-08	79882456
443218	1	1.25183932752393e-08	79882456
443906	7	8.76287529266752e-08	79882456
444178	4	5.00735731009572e-08	79882456
444179	1	1.25183932752393e-08	79882456
446462	3	3.75551798257179e-08	79882456
446465	6	7.51103596514359e-08	79882456
446466	5	6.25919663761965e-08	79882456
446468	5	6.25919663761965e-08	79882456
446469	14	1.7525750585335e-07	79882456
446470	4	5.00735731009572e-08	79882456
446471	6	7.51103596514359e-08	79882456
447217	4	5.00735731009572e-08	79882456
448385	3	3.75551798257179e-08	79882456
449447	2	2.50367865504786e-08	79882456
450851	10	1.25183932752393e-07	79882456
451516	3	3.75551798257179e-08	79882456
452637	2	2.50367865504786e-08	79882456
452638	3	3.75551798257179e-08	79882456
452652	8	1.00147146201914e-07	79882456
452662	19	2.37849472229547e-07	79882456
452863	7	8.76287529266752e-08	79882456
454169	33	4.13106978082897e-07	79882456
455488	4	5.00735731009572e-08	79882456
455632	2	2.50367865504786e-08	79882456
457425	4	5.00735731009572e-08	79882456
458233	2	2.50367865504786e-08	79882456
460265	14	1.7525750585335e-07	79882456
464988	1	1.25183932752393e-08	79882456
465515	51	6.38438057037205e-07	79882456
467705	1	1.25183932752393e-08	79882456
469371	1	1.25183932752393e-08	79882456
469383	7	8.76287529266752e-08	79882456
469604	4	5.00735731009572e-08	79882456
469607	3	3.75551798257179e-08	79882456
471223	1	1.25183932752393e-08	79882456
471852	2	2.50367865504786e-08	79882456
471853	5	6.25919663761965e-08	79882456
471854	1	1.25183932752393e-08	79882456
471856	6	7.51103596514359e-08	79882456
471857	7	8.76287529266752e-08	79882456
472759	3	3.75551798257179e-08	79882456
477641	7	8.76287529266752e-08	79882456
478434	1	1.25183932752393e-08	79882456
478801	14	1.7525750585335e-07	79882456
479431	7	8.76287529266752e-08	79882456
479432	6	7.51103596514359e-08	79882456
479433	3	3.75551798257179e-08	79882456
479434	1	1.25183932752393e-08	79882456
479435	4	5.00735731009572e-08	79882456
479436	1	1.25183932752393e-08	79882456
480119	13	1.62739112578111e-07	79882456
481743	2	2.50367865504786e-08	79882456
481805	33	4.13106978082897e-07	79882456
481877	1	1.25183932752393e-08	79882456
482957	18	2.25331078954308e-07	79882456
483179	2	2.50367865504786e-08	79882456
483219	9	1.12665539477154e-07	79882456
484020	1	1.25183932752393e-08	79882456
484021	8	1.00147146201914e-07	79882456
485915	1	1.25183932752393e-08	79882456
485917	3	3.75551798257179e-08	79882456
485918	1	1.25183932752393e-08	79882456
487213	4	5.00735731009572e-08	79882456
487214	5	6.25919663761965e-08	79882456
487521	1	1.25183932752393e-08	79882456
488221	1	1.25183932752393e-08	79882456
491915	7	8.76287529266752e-08	79882456
491916	4	5.00735731009572e-08	79882456
491952	1	1.25183932752393e-08	79882456
497978	6	7.51103596514359e-08	79882456
498213	1	1.25183932752393e-08	79882456
498216	1	1.25183932752393e-08	79882456
498217	1	1.25183932752393e-08	79882456
502025	9	1.12665539477154e-07	79882456
504474	10	1.25183932752393e-07	79882456
504728	88	1.10161860822106e-06	79882456
504832	23	2.87923045330504e-07	79882456
505682	1	1.25183932752393e-08	79882456
507522	7	8.76287529266752e-08	79882456
508765	1	1.25183932752393e-08	79882456
508767	2	2.50367865504786e-08	79882456
508771	2	2.50367865504786e-08	79882456
509169	56	7.01030023413401e-07	79882456
509170	17	2.12812685679068e-07	79882456
509173	50	6.25919663761965e-07	79882456
509190	13	1.62739112578111e-07	79882456
510516	9	1.12665539477154e-07	79882456
511051	1	1.25183932752393e-08	79882456
512565	6	7.51103596514359e-08	79882456
512566	1	1.25183932752393e-08	79882456
515619	7	8.76287529266752e-08	79882456
515620	2	2.50367865504786e-08	79882456
516950	3	3.75551798257179e-08	79882456
521096	6	7.51103596514359e-08	79882456
521674	6	7.51103596514359e-08	79882456
522306	9	1.12665539477154e-07	79882456
522373	32	4.00588584807658e-07	79882456
523791	2	2.50367865504786e-08	79882456
523841	1	1.25183932752393e-08	79882456
525284	20	2.50367865504786e-07	79882456
525381	1	1.25183932752393e-08	79882456
525897	1	1.25183932752393e-08	79882456
525909	1	1.25183932752393e-08	79882456
525919	1	1.25183932752393e-08	79882456
526225	7	8.76287529266752e-08	79882456
526226	10	1.25183932752393e-07	79882456
526227	56	7.01030023413401e-07	79882456
527021	1	1.25183932752393e-08	79882456
530564	7	8.76287529266752e-08	79882456
535289	296	3.70544440947084e-06	79882456
536019	9	1.12665539477154e-07	79882456
536056	6	7.51103596514359e-08	79882456
536230	3	3.75551798257179e-08	79882456
541229	1	1.25183932752393e-08	79882456
543728	160	2.00294292403829e-06	79882456
543891	28	3.50515011706701e-07	79882456
543913	13	1.62739112578111e-07	79882456
544556	1	1.25183932752393e-08	79882456
545693	4	5.00735731009572e-08	79882456
546342	3	3.75551798257179e-08	79882456
546414	2	2.50367865504786e-08	79882456
547559	2	2.50367865504786e-08	79882456
548473	6	7.51103596514359e-08	79882456
548476	18	2.25331078954308e-07	79882456
548479	2	2.50367865504786e-08	79882456
551115	1	1.25183932752393e-08	79882456
552526	4	5.00735731009572e-08	79882456
553174	6	7.51103596514359e-08	79882456
553190	20	2.50367865504786e-07	79882456
553199	1752	2.19322250182193e-05	79882456
555778	3	3.75551798257179e-08	79882456
556484	7	8.76287529266752e-08	79882456
557598	3	3.75551798257179e-08	79882456
557599	2	2.50367865504786e-08	79882456
557600	14	1.7525750585335e-07	79882456
557722	44	5.5080930411053e-07	79882456
557723	1	1.25183932752393e-08	79882456
557760	13	1.62739112578111e-07	79882456
559307	4	5.00735731009572e-08	79882456
561230	1	1.25183932752393e-08	79882456
561231	2	2.50367865504786e-08	79882456
561276	2	2.50367865504786e-08	79882456
564886	2	2.50367865504786e-08	79882456
565040	5	6.25919663761965e-08	79882456
565042	3	3.75551798257179e-08	79882456
565050	24	3.00441438605743e-07	79882456
568206	1	1.25183932752393e-08	79882456
568706	2	2.50367865504786e-08	79882456
568707	7	8.76287529266752e-08	79882456
571800	5	6.25919663761965e-08	79882456
572477	4	5.00735731009572e-08	79882456
573065	5	6.25919663761965e-08	79882456
573729	3	3.75551798257179e-08	79882456
574093	1	1.25183932752393e-08	79882456
574521	2	2.50367865504786e-08	79882456
575540	2	2.50367865504786e-08	79882456
575614	1	1.25183932752393e-08	79882456
575788	1	1.25183932752393e-08	79882456
578455	7	8.76287529266752e-08	79882456
579405	2	2.50367865504786e-08	79882456
580327	4	5.00735731009572e-08	79882456
580332	4	5.00735731009572e-08	79882456
581103	1	1.25183932752393e-08	79882456
582402	1	1.25183932752393e-08	79882456
582744	6	7.51103596514359e-08	79882456
582899	6	7.51103596514359e-08	79882456
583345	8	1.00147146201914e-07	79882456
583346	3	3.75551798257179e-08	79882456
584721	1	1.25183932752393e-08	79882456
585054	1	1.25183932752393e-08	79882456
585055	1	1.25183932752393e-08	79882456
585056	1	1.25183932752393e-08	79882456
585057	4	5.00735731009572e-08	79882456
585394	2	2.50367865504786e-08	79882456
585395	1	1.25183932752393e-08	79882456
585396	41	5.13254124284812e-07	79882456
589865	1	1.25183932752393e-08	79882456
590409	1	1.25183932752393e-08	79882456
590739	1	1.25183932752393e-08	79882456
590998	9	1.12665539477154e-07	79882456
591020	3	3.75551798257179e-08	79882456
591167	5	6.25919663761965e-08	79882456
591365	3	3.75551798257179e-08	79882456
592022	3	3.75551798257179e-08	79882456
593588	2	2.50367865504786e-08	79882456
593907	5	6.25919663761965e-08	79882456
595494	1	1.25183932752393e-08	79882456
595495	6	7.51103596514359e-08	79882456
595496	1	1.25183932752393e-08	79882456
595499	1	1.25183932752393e-08	79882456
595528	4	5.00735731009572e-08	79882456
595537	108	1.35198647372585e-06	79882456
596153	157	1.96538774421257e-06	79882456
596154	159	1.99042453076305e-06	79882456
622759	3	3.75551798257179e-08	79882456
626418	12	1.50220719302872e-07	79882456
627192	16	2.00294292403829e-07	79882456
632772	11	1.37702326027632e-07	79882456
633149	2	2.50367865504786e-08	79882456
634452	2	2.50367865504786e-08	79882456
634456	2	2.50367865504786e-08	79882456
634500	2	2.50367865504786e-08	79882456
634956	1	1.25183932752393e-08	79882456
637379	18	2.25331078954308e-07	79882456
639283	13	1.62739112578111e-07	79882456
640081	36	4.50662157908615e-07	79882456
640131	5	6.25919663761965e-08	79882456
640132	1	1.25183932752393e-08	79882456
640510	7	8.76287529266752e-08	79882456
640511	11	1.37702326027632e-07	79882456
640512	9	1.12665539477154e-07	79882456
640513	1	1.25183932752393e-08	79882456
641892	1	1.25183932752393e-08	79882456
643561	92	1.15169218132202e-06	79882456
643867	1	1.25183932752393e-08	79882456
644283	3	3.75551798257179e-08	79882456
644801	17	2.12812685679068e-07	79882456
644966	2	2.50367865504786e-08	79882456
645127	18	2.25331078954308e-07	79882456
646529	6	7.51103596514359e-08	79882456
648757	3	3.75551798257179e-08	79882456
648999	4	5.00735731009572e-08	79882456
649349	1	1.25183932752393e-08	79882456
649831	4	5.00735731009572e-08	79882456
651822	1	1.25183932752393e-08	79882456
652103	12	1.50220719302872e-07	79882456
653045	2	2.50367865504786e-08	79882456
655816	1	1.25183932752393e-08	79882456
656024	1	1.25183932752393e-08	79882456
657308	1	1.25183932752393e-08	79882456
657309	1	1.25183932752393e-08	79882456
657313	7	8.76287529266752e-08	79882456
657314	2	2.50367865504786e-08	79882456
657315	6	7.51103596514359e-08	79882456
657317	5	6.25919663761965e-08	79882456
657318	6	7.51103596514359e-08	79882456
657321	2	2.50367865504786e-08	79882456
657322	1	1.25183932752393e-08	79882456
657323	5	6.25919663761965e-08	79882456
661410	8	1.00147146201914e-07	79882456
662755	4	5.00735731009572e-08	79882456
663278	3	3.75551798257179e-08	79882456
665571	1	1.25183932752393e-08	79882456
666681	4	5.00735731009572e-08	79882456
666685	6	7.51103596514359e-08	79882456
667015	1	1.25183932752393e-08	79882456
670307	3	3.75551798257179e-08	79882456
670487	10	1.25183932752393e-07	79882456
671143	1	1.25183932752393e-08	79882456
675635	6	7.51103596514359e-08	79882456
680198	4	5.00735731009572e-08	79882456
680646	7	8.76287529266752e-08	79882456
682634	2	2.50367865504786e-08	79882456
684738	2	2.50367865504786e-08	79882456
685038	1	1.25183932752393e-08	79882456
685727	10	1.25183932752393e-07	79882456
688245	58	7.2606680996388e-07	79882456
690566	19	2.37849472229547e-07	79882456
690850	2	2.50367865504786e-08	79882456
691437	1	1.25183932752393e-08	79882456
693216	1	1.25183932752393e-08	79882456
693444	2	2.50367865504786e-08	79882456
693973	1	1.25183932752393e-08	79882456
693974	1	1.25183932752393e-08	79882456
693977	1	1.25183932752393e-08	79882456
693982	2	2.50367865504786e-08	79882456
695560	1	1.25183932752393e-08	79882456
696216	1	1.25183932752393e-08	79882456
696281	2	2.50367865504786e-08	79882456
696747	2	2.50367865504786e-08	79882456
696749	2	2.50367865504786e-08	79882456
698737	4	5.00735731009572e-08	79882456
698761	1	1.25183932752393e-08	79882456
698962	6	7.51103596514359e-08	79882456
698964	3	3.75551798257179e-08	79882456
698965	4	5.00735731009572e-08	79882456
698966	1	1.25183932752393e-08	79882456
698967	3	3.75551798257179e-08	79882456
698972	2	2.50367865504786e-08	79882456
699037	1	1.25183932752393e-08	79882456
699246	2	2.50367865504786e-08	79882456
700508	3	3.75551798257179e-08	79882456
701347	3	3.75551798257179e-08	79882456
702113	9	1.12665539477154e-07	79882456
706191	1	1.25183932752393e-08	79882456
707241	1	1.25183932752393e-08	79882456
709986	1	1.25183932752393e-08	79882456
710127	1	1.25183932752393e-08	79882456
710128	1	1.25183932752393e-08	79882456
710421	3	3.75551798257179e-08	79882456
710685	6	7.51103596514359e-08	79882456
710686	5	6.25919663761965e-08	79882456
712898	3	3.75551798257179e-08	79882456
713604	3	3.75551798257179e-08	79882456
713887	1	1.25183932752393e-08	79882456
714359	1	1.25183932752393e-08	79882456
716541	32	4.00588584807658e-07	79882456
717605	2	2.50367865504786e-08	79882456
717608	1	1.25183932752393e-08	79882456
717785	2	2.50367865504786e-08	79882456
717959	1	1.25183932752393e-08	79882456
717960	3	3.75551798257179e-08	79882456
717961	1	1.25183932752393e-08	79882456
717962	3	3.75551798257179e-08	79882456
718251	1	1.25183932752393e-08	79882456
718252	2	2.50367865504786e-08	79882456
718254	5	6.25919663761965e-08	79882456
718255	6	7.51103596514359e-08	79882456
718274	2	2.50367865504786e-08	79882456
720554	2	2.50367865504786e-08	79882456
741091	5	6.25919663761965e-08	79882456
742013	236	2.95434081295648e-06	79882456
743299	3	3.75551798257179e-08	79882456
743525	943	1.18048448585507e-05	79882456
743718	2	2.50367865504786e-08	79882456
743720	10	1.25183932752393e-07	79882456
743721	25	3.12959831880983e-07	79882456
744533	2	2.50367865504786e-08	79882456
745277	2	2.50367865504786e-08	79882456
745310	25	3.12959831880983e-07	79882456
745776	1	1.25183932752393e-08	79882456
746361	2	2.50367865504786e-08	79882456
746831	2	2.50367865504786e-08	79882456
748247	7	8.76287529266752e-08	79882456
748280	9	1.12665539477154e-07	79882456
748671	3	3.75551798257179e-08	79882456
749414	1	1.25183932752393e-08	79882456
749927	9	1.12665539477154e-07	79882456
751585	1	1.25183932752393e-08	79882456
751945	83	1.03902664184486e-06	79882456
754035	5	6.25919663761965e-08	79882456
754252	4	5.00735731009572e-08	79882456
754477	6	7.51103596514359e-08	79882456
755731	1	1.25183932752393e-08	79882456
757424	60	7.51103596514359e-07	79882456
758793	1	1.25183932752393e-08	79882456
759350	4	5.00735731009572e-08	79882456
759362	3	3.75551798257179e-08	79882456
762376	31	3.88070191532419e-07	79882456
762550	3	3.75551798257179e-08	79882456
762570	1	1.25183932752393e-08	79882456
762633	174	2.17820042989164e-06	79882456
762903	2	2.50367865504786e-08	79882456
762948	4	5.00735731009572e-08	79882456
765698	6	7.51103596514359e-08	79882456
765874	1	1.25183932752393e-08	79882456
765911	2	2.50367865504786e-08	79882456
765912	5	6.25919663761965e-08	79882456
765952	2	2.50367865504786e-08	79882456
766760	1	1.25183932752393e-08	79882456
767029	2	2.50367865504786e-08	79882456
767031	3	3.75551798257179e-08	79882456
767434	2	2.50367865504786e-08	79882456
767463	7	8.76287529266752e-08	79882456
768066	4	5.00735731009572e-08	79882456
768490	3	3.75551798257179e-08	79882456
768492	1	1.25183932752393e-08	79882456
795797	1	1.25183932752393e-08	79882456
798128	123	1.53976237285444e-06	79882456
858215	1	1.25183932752393e-08	79882456
858619	6	7.51103596514359e-08	79882456
859655	13	1.62739112578111e-07	79882456
859656	29	3.6303340498194e-07	79882456
859657	18	2.25331078954308e-07	79882456
861208	3	3.75551798257179e-08	79882456
861360	1	1.25183932752393e-08	79882456
862719	7	8.76287529266752e-08	79882456
862751	3	3.75551798257179e-08	79882456
862965	1	1.25183932752393e-08	79882456
862966	4	5.00735731009572e-08	79882456
862967	3	3.75551798257179e-08	79882456
862970	1	1.25183932752393e-08	79882456
862971	1	1.25183932752393e-08	79882456
866768	19	2.37849472229547e-07	79882456
866777	1	1.25183932752393e-08	79882456
868595	1	1.25183932752393e-08	79882456
868597	27	3.37996618431461e-07	79882456
869210	3	3.75551798257179e-08	79882456
869211	1	1.25183932752393e-08	79882456
869215	1	1.25183932752393e-08	79882456
869309	5	6.25919663761965e-08	79882456
869729	7	8.76287529266752e-08	79882456
869816	1	1.25183932752393e-08	79882456
871585	17	2.12812685679068e-07	79882456
875328	1	1.25183932752393e-08	79882456
880070	2	2.50367865504786e-08	79882456
880591	5	6.25919663761965e-08	79882456
880758	22	2.75404652055265e-07	79882456
882378	2	2.50367865504786e-08	79882456
882884	1	1.25183932752393e-08	79882456
884204	3	3.75551798257179e-08	79882456
885276	1	1.25183932752393e-08	79882456
886293	1	1.25183932752393e-08	79882456
886882	2	2.50367865504786e-08	79882456
887061	2	2.50367865504786e-08	79882456
889738	6	7.51103596514359e-08	79882456
890402	3	3.75551798257179e-08	79882456
891391	1	1.25183932752393e-08	79882456
891968	2	2.50367865504786e-08	79882456
905079	17	2.12812685679068e-07	79882456
907239	2	2.50367865504786e-08	79882456
907265	1	1.25183932752393e-08	79882456
907269	1	1.25183932752393e-08	79882456
908937	1	1.25183932752393e-08	79882456
909952	135	1.68998309215731e-06	79882456
910348	3	3.75551798257179e-08	79882456
914127	1	1.25183932752393e-08	79882456
926556	1	1.25183932752393e-08	79882456
926570	3	3.75551798257179e-08	79882456
927666	3	3.75551798257179e-08	79882456
930169	2	2.50367865504786e-08	79882456
930171	10	1.25183932752393e-07	79882456
931276	2	2.50367865504786e-08	79882456
931281	6	7.51103596514359e-08	79882456
931890	1	1.25183932752393e-08	79882456
932677	1	1.25183932752393e-08	79882456
935296	3	3.75551798257179e-08	79882456
936153	4	5.00735731009572e-08	79882456
937773	1	1.25183932752393e-08	79882456
937777	2	2.50367865504786e-08	79882456
941193	4	5.00735731009572e-08	79882456
941639	2	2.50367865504786e-08	79882456
944547	1	1.25183932752393e-08	79882456
945021	3	3.75551798257179e-08	79882456
945556	2	2.50367865504786e-08	79882456
945712	4	5.00735731009572e-08	79882456
946362	6	7.51103596514359e-08	79882456
946483	3	3.75551798257179e-08	79882456
953739	3	3.75551798257179e-08	79882456
977880	25	3.12959831880983e-07	79882456
979556	10	1.25183932752393e-07	79882456
980514	3	3.75551798257179e-08	79882456
981222	1	1.25183932752393e-08	79882456
981368	8	1.00147146201914e-07	79882456
983917	63	7.88658776340076e-07	79882456
984892	2	2.50367865504786e-08	79882456
985002	3	3.75551798257179e-08	79882456
985665	1	1.25183932752393e-08	79882456
990288	1	1.25183932752393e-08	79882456
990315	34	4.25625371358137e-07	79882456
990316	1	1.25183932752393e-08	79882456
991905	6	7.51103596514359e-08	79882456
994484	23	2.87923045330504e-07	79882456
996285	11	1.37702326027632e-07	79882456
997761	1	1.25183932752393e-08	79882456
998088	4	5.00735731009572e-08	79882456
999541	21	2.62886258780025e-07	79882456
999552	2	2.50367865504786e-08	79882456
999953	3	3.75551798257179e-08	79882456
1001585	16	2.00294292403829e-07	79882456
1002809	2	2.50367865504786e-08	79882456
1003195	3	3.75551798257179e-08	79882456
1003232	1	1.25183932752393e-08	79882456
1004786	1	1.25183932752393e-08	79882456
1005048	53	6.63474843587683e-07	79882456
1006007	3	3.75551798257179e-08	79882456
1006551	3	3.75551798257179e-08	79882456
1007105	3	3.75551798257179e-08	79882456
1009464	16	2.00294292403829e-07	79882456
1009846	13	1.62739112578111e-07	79882456
1017264	6	7.51103596514359e-08	79882456
1028307	1	1.25183932752393e-08	79882456
1029756	1	1.25183932752393e-08	79882456
1031709	102	1.27687611407441e-06	79882456
1031710	6	7.51103596514359e-08	79882456
1031711	14	1.7525750585335e-07	79882456
1032480	3	3.75551798257179e-08	79882456
1033813	2	2.50367865504786e-08	79882456
1033837	1	1.25183932752393e-08	79882456
1034807	3	3.75551798257179e-08	79882456
1034809	1	1.25183932752393e-08	79882456
1036672	1	1.25183932752393e-08	79882456
1036743	5	6.25919663761965e-08	79882456
1037409	32	4.00588584807658e-07	79882456
1037911	84	1.0515450351201e-06	79882456
1041826	1	1.25183932752393e-08	79882456
1042876	12	1.50220719302872e-07	79882456
1042878	23	2.87923045330504e-07	79882456
1045855	7	8.76287529266752e-08	79882456
1045856	7	8.76287529266752e-08	79882456
1046629	3	3.75551798257179e-08	79882456
1048689	2	2.50367865504786e-08	79882456
1049565	2	2.50367865504786e-08	79882456
1054460	5	6.25919663761965e-08	79882456
1064539	12	1.50220719302872e-07	79882456
1064592	2	2.50367865504786e-08	79882456
1069533	1	1.25183932752393e-08	79882456
1071382	1	1.25183932752393e-08	79882456
1072459	6	7.51103596514359e-08	79882456
1074919	3	3.75551798257179e-08	79882456
1076934	3	3.75551798257179e-08	79882456
1089456	19	2.37849472229547e-07	79882456
1091045	736	9.21353745057613e-06	79882456
1093141	16	2.00294292403829e-07	79882456
1093787	4	5.00735731009572e-08	79882456
1094466	1	1.25183932752393e-08	79882456
1094980	2	2.50367865504786e-08	79882456
1096995	1	1.25183932752393e-08	79882456
1096996	6	7.51103596514359e-08	79882456
1097668	13	1.62739112578111e-07	79882456
1097677	7	8.76287529266752e-08	79882456
1104320	1	1.25183932752393e-08	79882456
1104322	6	7.51103596514359e-08	79882456
1104326	11	1.37702326027632e-07	79882456
1105107	1	1.25183932752393e-08	79882456
1105113	1	1.25183932752393e-08	79882456
1110502	5	6.25919663761965e-08	79882456
1111068	2	2.50367865504786e-08	79882456
1111069	117	1.464652013203e-06	79882456
1112204	10	1.25183932752393e-07	79882456
1114966	16	2.00294292403829e-07	79882456
1114967	154	1.92783256438685e-06	79882456
1114969	1640	2.05301649713925e-05	79882456
1114970	14	1.7525750585335e-07	79882456
1117647	1	1.25183932752393e-08	79882456
1117943	4	5.00735731009572e-08	79882456
1118959	1	1.25183932752393e-08	79882456
1118963	11	1.37702326027632e-07	79882456
1120755	1	1.25183932752393e-08	79882456
1121353	2	2.50367865504786e-08	79882456
1121362	3	3.75551798257179e-08	79882456
1123519	9	1.12665539477154e-07	79882456
1123523	3	3.75551798257179e-08	79882456
1123863	1	1.25183932752393e-08	79882456
1124983	9	1.12665539477154e-07	79882456
1125630	1	1.25183932752393e-08	79882456
1127134	5	6.25919663761965e-08	79882456
1128398	4	5.00735731009572e-08	79882456
1129794	1	1.25183932752393e-08	79882456
1133849	6	7.51103596514359e-08	79882456
1133850	7	8.76287529266752e-08	79882456
1133853	3	3.75551798257179e-08	79882456
1134454	860	1.07658182167058e-05	79882456
1136179	1234	1.54476973016453e-05	79882456
1137651	6	7.51103596514359e-08	79882456
1138382	1	1.25183932752393e-08	79882456
1138383	2	2.50367865504786e-08	79882456
1138871	2	2.50367865504786e-08	79882456
1142394	1	1.25183932752393e-08	79882456
1144275	1	1.25183932752393e-08	79882456
1146883	11	1.37702326027632e-07	79882456
1151116	1	1.25183932752393e-08	79882456
1155084	2	2.50367865504786e-08	79882456
1156431	2	2.50367865504786e-08	79882456
1156433	1	1.25183932752393e-08	79882456
1156913	3	3.75551798257179e-08	79882456
1157951	1	1.25183932752393e-08	79882456
1163399	35	4.38143764633376e-07	79882456
1163617	4	5.00735731009572e-08	79882456
1163748	1	1.25183932752393e-08	79882456
1166016	1	1.25183932752393e-08	79882456
1166018	1	1.25183932752393e-08	79882456
1166130	1	1.25183932752393e-08	79882456
1167634	31	3.88070191532419e-07	79882456
1168287	6	7.51103596514359e-08	79882456
1170318	66	8.26213956165794e-07	79882456
1170562	2	2.50367865504786e-08	79882456
1171373	3	3.75551798257179e-08	79882456
1171377	1	1.25183932752393e-08	79882456
1173020	17	2.12812685679068e-07	79882456
1179773	1	1.25183932752393e-08	79882456
1183438	2	2.50367865504786e-08	79882456
1185652	4	5.00735731009572e-08	79882456
1187956	2	2.50367865504786e-08	79882456
1191061	10	1.25183932752393e-07	79882456
1193292	5	6.25919663761965e-08	79882456
1194526	43	5.3829091083529e-07	79882456
1196325	6	7.51103596514359e-08	79882456
1196835	14	1.7525750585335e-07	79882456
1198114	2	2.50367865504786e-08	79882456
1198232	1	1.25183932752393e-08	79882456
1198627	3	3.75551798257179e-08	79882456
1199187	6	7.51103596514359e-08	79882456
1200352	3	3.75551798257179e-08	79882456
1203460	3	3.75551798257179e-08	79882456
1204414	4	5.00735731009572e-08	79882456
1205674	1	1.25183932752393e-08	79882456
1205675	1	1.25183932752393e-08	79882456
1205910	4	5.00735731009572e-08	79882456
1206105	2	2.50367865504786e-08	79882456
1207075	16	2.00294292403829e-07	79882456
1208658	4	5.00735731009572e-08	79882456
1208660	2	2.50367865504786e-08	79882456
1208920	1	1.25183932752393e-08	79882456
1208923	2	2.50367865504786e-08	79882456
1211025	1	1.25183932752393e-08	79882456
1211579	19	2.37849472229547e-07	79882456
1214101	5	6.25919663761965e-08	79882456
1214242	2	2.50367865504786e-08	79882456
1215088	14	1.7525750585335e-07	79882456
1216976	25	3.12959831880983e-07	79882456
1217984	2	2.50367865504786e-08	79882456
1218933	3	3.75551798257179e-08	79882456
1224163	4	5.00735731009572e-08	79882456
1229205	3	3.75551798257179e-08	79882456
1229756	3	3.75551798257179e-08	79882456
1229758	2	2.50367865504786e-08	79882456
1229785	3	3.75551798257179e-08	79882456
1232381	3	3.75551798257179e-08	79882456
1232724	1	1.25183932752393e-08	79882456
1233873	1	1.25183932752393e-08	79882456
1234380	15	1.8777589912859e-07	79882456
1234679	5	6.25919663761965e-08	79882456
1235461	1	1.25183932752393e-08	79882456
1236903	2	2.50367865504786e-08	79882456
1239881	1	1.25183932752393e-08	79882456
1245469	19	2.37849472229547e-07	79882456
1245471	9	1.12665539477154e-07	79882456
1246301	89	1.1141370014963e-06	79882456
1246995	8	1.00147146201914e-07	79882456
1249634	2	2.50367865504786e-08	79882456
1254439	4	5.00735731009572e-08	79882456
1255043	4	5.00735731009572e-08	79882456
1257118	6	7.51103596514359e-08	79882456
1261557	1	1.25183932752393e-08	79882456
1262161	1	1.25183932752393e-08	79882456
1262456	19	2.37849472229547e-07	79882456
1265601	6	7.51103596514359e-08	79882456
1267577	2	2.50367865504786e-08	79882456
1267754	2	2.50367865504786e-08	79882456
1271862	2	2.50367865504786e-08	79882456
1276282	30	3.75551798257179e-07	79882456
1278073	2	2.50367865504786e-08	79882456
1279008	1	1.25183932752393e-08	79882456
1280938	2	2.50367865504786e-08	79882456
1282356	26	3.25478225156222e-07	79882456
1283331	6	7.51103596514359e-08	79882456
1288394	9	1.12665539477154e-07	79882456
1290427	1	1.25183932752393e-08	79882456
1294143	7	8.76287529266752e-08	79882456
1295826	1	1.25183932752393e-08	79882456
1300254	1	1.25183932752393e-08	79882456
1300255	1	1.25183932752393e-08	79882456
1302863	1	1.25183932752393e-08	79882456
1303692	3	3.75551798257179e-08	79882456
1304892	6	7.51103596514359e-08	79882456
1305598	2	2.50367865504786e-08	79882456
1310161	2	2.50367865504786e-08	79882456
1313172	3	3.75551798257179e-08	79882456
1322346	1	1.25183932752393e-08	79882456
1328306	2	2.50367865504786e-08	79882456
1331671	24	3.00441438605743e-07	79882456
1333523	1	1.25183932752393e-08	79882456
1335307	2	2.50367865504786e-08	79882456
1335757	2	2.50367865504786e-08	79882456
1340851	5	6.25919663761965e-08	79882456
1343740	4	5.00735731009572e-08	79882456
1345695	3	3.75551798257179e-08	79882456
1348660	3	3.75551798257179e-08	79882456
1348662	1	1.25183932752393e-08	79882456
1367491	1	1.25183932752393e-08	79882456
1367847	1	1.25183932752393e-08	79882456
1380774	14	1.7525750585335e-07	79882456
1380908	5	6.25919663761965e-08	79882456
1389489	3	3.75551798257179e-08	79882456
1392476	1	1.25183932752393e-08	79882456
1394889	1	1.25183932752393e-08	79882456
1399116	1	1.25183932752393e-08	79882456
1400867	8	1.00147146201914e-07	79882456
1401659	5	6.25919663761965e-08	79882456
1408272	9	1.12665539477154e-07	79882456
1415630	28	3.50515011706701e-07	79882456
1416914	12	1.50220719302872e-07	79882456
1423144	1	1.25183932752393e-08	79882456
1423892	1	1.25183932752393e-08	79882456
1427342	14	1.7525750585335e-07	79882456
1429244	1	1.25183932752393e-08	79882456
1430440	6	7.51103596514359e-08	79882456
1435044	3	3.75551798257179e-08	79882456
1435356	16	2.00294292403829e-07	79882456
1436140	19	2.37849472229547e-07	79882456
