Tax.ID	Frequency	Proportion	Total
394	3	2.35201420616581e-08	127550250
1148	3	2.35201420616581e-08	127550250
1639	7	5.48803314772021e-08	127550250
2762	7	5.48803314772021e-08	127550250
2769	7	5.48803314772021e-08	127550250
2787	29	2.27361373262695e-07	127550250
2829	2	1.5680094707772e-08	127550250
2832	2	1.5680094707772e-08	127550250
2839	71	5.56643362125907e-07	127550250
2850	73	5.72323456833679e-07	127550250
2880	2	1.5680094707772e-08	127550250
2898	9	7.05604261849742e-08	127550250
3040	3	2.35201420616581e-08	127550250
4770	21	1.64640994431606e-07	127550250
4950	2	1.5680094707772e-08	127550250
5270	2	1.5680094707772e-08	127550250
5518	3	2.35201420616581e-08	127550250
5661	1	7.84004735388602e-09	127550250
5762	1	7.84004735388602e-09	127550250
5823	1	7.84004735388602e-09	127550250
5851	3	2.35201420616581e-08	127550250
5911	4	3.13601894155441e-08	127550250
5932	5	3.92002367694301e-08	127550250
10629	1	7.84004735388602e-09	127550250
10760	1	7.84004735388602e-09	127550250
13035	1	7.84004735388602e-09	127550250
31271	2	1.5680094707772e-08	127550250
31532	1	7.84004735388602e-09	127550250
31964	6	4.70402841233161e-08	127550250
32049	2	1.5680094707772e-08	127550250
32051	6	4.70402841233161e-08	127550250
33657	4	3.13601894155441e-08	127550250
33658	4	3.13601894155441e-08	127550250
35128	62	4.86082935940933e-07	127550250
35341	1	7.84004735388602e-09	127550250
39717	3	2.35201420616581e-08	127550250
41431	2	1.5680094707772e-08	127550250
43925	1	7.84004735388602e-09	127550250
43926	1	7.84004735388602e-09	127550250
43989	4	3.13601894155441e-08	127550250
44056	2	1.5680094707772e-08	127550250
44058	5	3.92002367694301e-08	127550250
46234	4	3.13601894155441e-08	127550250
48942	1	7.84004735388602e-09	127550250
49266	1	7.84004735388602e-09	127550250
52970	21	1.64640994431606e-07	127550250
55529	17	1.33280805016062e-07	127550250
56110	4	3.13601894155441e-08	127550250
59374	2	1.5680094707772e-08	127550250
59922	1	7.84004735388602e-09	127550250
60481	12	9.40805682466322e-08	127550250
62928	15	1.1760071030829e-07	127550250
62977	2	1.5680094707772e-08	127550250
64471	6	4.70402841233161e-08	127550250
65071	4	3.13601894155441e-08	127550250
65093	2	1.5680094707772e-08	127550250
65393	2	1.5680094707772e-08	127550250
66692	22	1.72481041785492e-07	127550250
67593	4	3.13601894155441e-08	127550250
69328	8	6.27203788310881e-08	127550250
72520	1	7.84004735388602e-09	127550250
73025	2	1.5680094707772e-08	127550250
74557	8	6.27203788310881e-08	127550250
75379	13	1.01920615600518e-07	127550250
76114	4	3.13601894155441e-08	127550250
76869	15	1.1760071030829e-07	127550250
78245	19	1.48960899723834e-07	127550250
79929	2	1.5680094707772e-08	127550250
83129	1	7.84004735388602e-09	127550250
83406	1	7.84004735388602e-09	127550250
84588	2	1.5680094707772e-08	127550250
85569	3	2.35201420616581e-08	127550250
85643	34	2.66561610032125e-07	127550250
91891	1	7.84004735388602e-09	127550250
94122	6	4.70402841233161e-08	127550250
96563	21	1.64640994431606e-07	127550250
99287	1	7.84004735388602e-09	127550250
100226	6	4.70402841233161e-08	127550250
101510	24	1.88161136493264e-07	127550250
106370	2	1.5680094707772e-08	127550250
108098	7	5.48803314772021e-08	127550250
109269	3	2.35201420616581e-08	127550250
110662	2	1.5680094707772e-08	127550250
111780	1	7.84004735388602e-09	127550250
111781	1	7.84004735388602e-09	127550250
114615	21	1.64640994431606e-07	127550250
120807	1	7.84004735388602e-09	127550250
122587	11	8.62405208927462e-08	127550250
126793	8	6.27203788310881e-08	127550250
130081	1	7.84004735388602e-09	127550250
134676	7	5.48803314772021e-08	127550250
137722	6	4.70402841233161e-08	127550250
145522	1	7.84004735388602e-09	127550250
150340	3	2.35201420616581e-08	127550250
151537	3	2.35201420616581e-08	127550250
153948	1	7.84004735388602e-09	127550250
158189	2	1.5680094707772e-08	127550250
158190	1	7.84004735388602e-09	127550250
158878	1	7.84004735388602e-09	127550250
158879	1	7.84004735388602e-09	127550250
159087	10	7.84004735388602e-08	127550250
160488	10	7.84004735388602e-08	127550250
160492	3	2.35201420616581e-08	127550250
160619	47	3.68482225632643e-07	127550250
164037	5	3.92002367694301e-08	127550250
164328	4	3.13601894155441e-08	127550250
164756	16	1.25440757662176e-07	127550250
167542	2	1.5680094707772e-08	127550250
167555	1	7.84004735388602e-09	127550250
170187	1	7.84004735388602e-09	127550250
171101	14	1.09760662954404e-07	127550250
172968	1	7.84004735388602e-09	127550250
176279	65	5.09603078002591e-07	127550250
176280	68	5.33123220064249e-07	127550250
176299	4	3.13601894155441e-08	127550250
187272	5	3.92002367694301e-08	127550250
187303	7	5.48803314772021e-08	127550250
187420	2	1.5680094707772e-08	127550250
189423	2	1.5680094707772e-08	127550250
189918	7	5.48803314772021e-08	127550250
190304	4	3.13601894155441e-08	127550250
190485	95	7.44804498619172e-07	127550250
190486	8	6.27203788310881e-08	127550250
190650	22	1.72481041785492e-07	127550250
191026	1	7.84004735388602e-09	127550250
194439	3	2.35201420616581e-08	127550250
195102	4	3.13601894155441e-08	127550250
195103	11	8.62405208927462e-08	127550250
196162	9	7.05604261849742e-08	127550250
196164	14	1.09760662954404e-07	127550250
196620	1	7.84004735388602e-09	127550250
198466	1	7.84004735388602e-09	127550250
203120	3	2.35201420616581e-08	127550250
203123	4	3.13601894155441e-08	127550250
203124	3	2.35201420616581e-08	127550250
203267	2	1.5680094707772e-08	127550250
203275	4	3.13601894155441e-08	127550250
204669	1	7.84004735388602e-09	127550250
204773	19	1.48960899723834e-07	127550250
205913	3	2.35201420616581e-08	127550250
205914	3	2.35201420616581e-08	127550250
205918	18	1.41120852369948e-07	127550250
205922	50	3.92002367694301e-07	127550250
207559	3	2.35201420616581e-08	127550250
208963	23	1.80321089139378e-07	127550250
208964	31	2.43041467970467e-07	127550250
210007	2	1.5680094707772e-08	127550250
214684	6	4.70402841233161e-08	127550250
216591	33	2.58721562678239e-07	127550250
216594	2	1.5680094707772e-08	127550250
216595	186	1.4582488078228e-06	127550250
216596	5	3.92002367694301e-08	127550250
218496	2	1.5680094707772e-08	127550250
220341	48	3.76322272986529e-07	127550250
220664	19	1.48960899723834e-07	127550250
221109	3	2.35201420616581e-08	127550250
222523	4	3.13601894155441e-08	127550250
223283	17	1.33280805016062e-07	127550250
224308	8	6.27203788310881e-08	127550250
224911	26	2.03841231201036e-07	127550250
225937	2	1.5680094707772e-08	127550250
226185	1	7.84004735388602e-09	127550250
226186	1	7.84004735388602e-09	127550250
227086	1	7.84004735388602e-09	127550250
227720	1	7.84004735388602e-09	127550250
227882	9	7.05604261849742e-08	127550250
228405	5	3.92002367694301e-08	127550250
228410	3	2.35201420616581e-08	127550250
229533	1	7.84004735388602e-09	127550250
231023	13	1.01920615600518e-07	127550250
232721	471	3.69266230368031e-06	127550250
234267	5	3.92002367694301e-08	127550250
234621	2190	1.71697037050104e-05	127550250
235909	2	1.5680094707772e-08	127550250
240015	2	1.5680094707772e-08	127550250
243159	1	7.84004735388602e-09	127550250
243164	2	1.5680094707772e-08	127550250
243230	5	3.92002367694301e-08	127550250
243233	16	1.25440757662176e-07	127550250
243243	9	7.05604261849742e-08	127550250
243265	1	7.84004735388602e-09	127550250
243365	5	3.92002367694301e-08	127550250
245014	1	7.84004735388602e-09	127550250
246196	8	6.27203788310881e-08	127550250
246197	1	7.84004735388602e-09	127550250
246198	7	5.48803314772021e-08	127550250
246200	3	2.35201420616581e-08	127550250
247156	3	2.35201420616581e-08	127550250
251221	1	7.84004735388602e-09	127550250
251229	2	1.5680094707772e-08	127550250
257310	17	1.33280805016062e-07	127550250
257311	7	5.48803314772021e-08	127550250
257313	7	5.48803314772021e-08	127550250
258594	5	3.92002367694301e-08	127550250
259536	1	7.84004735388602e-09	127550250
262316	1	7.84004735388602e-09	127550250
262724	80	6.27203788310881e-07	127550250
262728	1	7.84004735388602e-09	127550250
263358	4	3.13601894155441e-08	127550250
264198	27	2.11681278554922e-07	127550250
264199	1	7.84004735388602e-09	127550250
264201	2	1.5680094707772e-08	127550250
264203	2	1.5680094707772e-08	127550250
264730	34	2.66561610032125e-07	127550250
264732	1	7.84004735388602e-09	127550250
265072	6	4.70402841233161e-08	127550250
266264	102	7.99684830096374e-07	127550250
266265	15	1.1760071030829e-07	127550250
266779	9	7.05604261849742e-08	127550250
266834	5	3.92002367694301e-08	127550250
266835	9	7.05604261849742e-08	127550250
266940	12	9.40805682466322e-08	127550250
267608	26	2.03841231201036e-07	127550250
267747	45	3.52802130924871e-07	127550250
269482	24	1.88161136493264e-07	127550250
269796	4	3.13601894155441e-08	127550250
269798	2	1.5680094707772e-08	127550250
269799	2	1.5680094707772e-08	127550250
269800	27	2.11681278554922e-07	127550250
271848	2	1.5680094707772e-08	127550250
272123	6	4.70402841233161e-08	127550250
272563	7	5.48803314772021e-08	127550250
272568	3	2.35201420616581e-08	127550250
272620	26	2.03841231201036e-07	127550250
272621	2	1.5680094707772e-08	127550250
272622	50	3.92002367694301e-07	127550250
272623	28	2.19521325908809e-07	127550250
272626	3	2.35201420616581e-08	127550250
272630	39	3.05761846801555e-07	127550250
272831	22	1.72481041785492e-07	127550250
272942	5	3.92002367694301e-08	127550250
273123	1	7.84004735388602e-09	127550250
278137	5	3.92002367694301e-08	127550250
278197	6	4.70402841233161e-08	127550250
279010	9	7.05604261849742e-08	127550250
279238	16	1.25440757662176e-07	127550250
279808	14	1.09760662954404e-07	127550250
280463	20	1.5680094707772e-07	127550250
281090	3	2.35201420616581e-08	127550250
282459	1	7.84004735388602e-09	127550250
284590	2	1.5680094707772e-08	127550250
284591	2	1.5680094707772e-08	127550250
284592	7	5.48803314772021e-08	127550250
284593	7	5.48803314772021e-08	127550250
284811	3	2.35201420616581e-08	127550250
284812	3	2.35201420616581e-08	127550250
288000	19	1.48960899723834e-07	127550250
288705	5	3.92002367694301e-08	127550250
289380	2	1.5680094707772e-08	127550250
290317	1	7.84004735388602e-09	127550250
290318	1	7.84004735388602e-09	127550250
290338	5	3.92002367694301e-08	127550250
290339	2	1.5680094707772e-08	127550250
290340	26	2.03841231201036e-07	127550250
290398	2	1.5680094707772e-08	127550250
290399	12	9.40805682466322e-08	127550250
290400	1	7.84004735388602e-09	127550250
290402	2	1.5680094707772e-08	127550250
290512	1	7.84004735388602e-09	127550250
291331	10	7.84004735388602e-08	127550250
292415	12	9.40805682466322e-08	127550250
292459	4	3.13601894155441e-08	127550250
292564	22	1.72481041785492e-07	127550250
294381	8	6.27203788310881e-08	127550250
295405	3	2.35201420616581e-08	127550250
296543	47	3.68482225632643e-07	127550250
296591	45	3.52802130924871e-07	127550250
298653	2	1.5680094707772e-08	127550250
298654	2	1.5680094707772e-08	127550250
300268	1	7.84004735388602e-09	127550250
300269	1	7.84004735388602e-09	127550250
300852	64	5.01763030648705e-07	127550250
306537	7	5.48803314772021e-08	127550250
309799	2	1.5680094707772e-08	127550250
311403	8	6.27203788310881e-08	127550250
312153	3	2.35201420616581e-08	127550250
313603	1	7.84004735388602e-09	127550250
314225	7	5.48803314772021e-08	127550250
314275	2	1.5680094707772e-08	127550250
314565	71	5.56643362125907e-07	127550250
315730	10	7.84004735388602e-08	127550250
315749	3	2.35201420616581e-08	127550250
315750	4	3.13601894155441e-08	127550250
316055	16	1.25440757662176e-07	127550250
316056	19	1.48960899723834e-07	127550250
316057	10	7.84004735388602e-08	127550250
316058	18	1.41120852369948e-07	127550250
316273	13	1.01920615600518e-07	127550250
316278	10	7.84004735388602e-08	127550250
316385	3	2.35201420616581e-08	127550250
316401	3	2.35201420616581e-08	127550250
317655	23	1.80321089139378e-07	127550250
318167	1	7.84004735388602e-09	127550250
318586	12	9.40805682466322e-08	127550250
319224	2	1.5680094707772e-08	127550250
319795	37	2.90081752093783e-07	127550250
320373	1	7.84004735388602e-09	127550250
320388	16	1.25440757662176e-07	127550250
320389	3	2.35201420616581e-08	127550250
321314	1	7.84004735388602e-09	127550250
321332	2	1.5680094707772e-08	127550250
321956	2	1.5680094707772e-08	127550250
321967	4	3.13601894155441e-08	127550250
322159	15	1.1760071030829e-07	127550250
322710	9	7.05604261849742e-08	127550250
323097	14	1.09760662954404e-07	127550250
323098	4	3.13601894155441e-08	127550250
324602	1	7.84004735388602e-09	127550250
324831	4	3.13601894155441e-08	127550250
325240	1	7.84004735388602e-09	127550250
326424	7	5.48803314772021e-08	127550250
326425	5	3.92002367694301e-08	127550250
326426	2	1.5680094707772e-08	127550250
329726	2	1.5680094707772e-08	127550250
330214	7	5.48803314772021e-08	127550250
330879	3	2.35201420616581e-08	127550250
331111	2	1.5680094707772e-08	127550250
331112	3	2.35201420616581e-08	127550250
331271	58	4.54722746525389e-07	127550250
331272	31	2.43041467970467e-07	127550250
333849	2	1.5680094707772e-08	127550250
334380	1	7.84004735388602e-09	127550250
334390	1	7.84004735388602e-09	127550250
334413	15	1.1760071030829e-07	127550250
335283	5	3.92002367694301e-08	127550250
335659	23	1.80321089139378e-07	127550250
337191	5	3.92002367694301e-08	127550250
338969	16	1.25440757662176e-07	127550250
339670	100	7.84004735388602e-07	127550250
340100	49	3.84162320340415e-07	127550250
340177	1	7.84004735388602e-09	127550250
340322	5	3.92002367694301e-08	127550250
342108	7	5.48803314772021e-08	127550250
342109	1	7.84004735388602e-09	127550250
342451	13	1.01920615600518e-07	127550250
343509	2	1.5680094707772e-08	127550250
344609	3	2.35201420616581e-08	127550250
345219	3	2.35201420616581e-08	127550250
347253	13	1.01920615600518e-07	127550250
347495	1	7.84004735388602e-09	127550250
347515	2	1.5680094707772e-08	127550250
347834	1	7.84004735388602e-09	127550250
349101	7	5.48803314772021e-08	127550250
349102	4	3.13601894155441e-08	127550250
349106	3	2.35201420616581e-08	127550250
349124	4	3.13601894155441e-08	127550250
349163	4	3.13601894155441e-08	127550250
349215	1	7.84004735388602e-09	127550250
349519	1	7.84004735388602e-09	127550250
349520	1	7.84004735388602e-09	127550250
349521	1	7.84004735388602e-09	127550250
349741	1	7.84004735388602e-09	127550250
350054	9	7.05604261849742e-08	127550250
350058	6	4.70402841233161e-08	127550250
350688	3	2.35201420616581e-08	127550250
351348	9	7.05604261849742e-08	127550250
351605	2	1.5680094707772e-08	127550250
351607	2	1.5680094707772e-08	127550250
351745	2	1.5680094707772e-08	127550250
351746	15	1.1760071030829e-07	127550250
352472	5	3.92002367694301e-08	127550250
352914	5	3.92002367694301e-08	127550250
353154	4	3.13601894155441e-08	127550250
354260	1	7.84004735388602e-09	127550250
355276	2	1.5680094707772e-08	127550250
355277	2	1.5680094707772e-08	127550250
357244	1	7.84004735388602e-09	127550250
357348	21	1.64640994431606e-07	127550250
357808	2	1.5680094707772e-08	127550250
358220	431	3.37906040952487e-06	127550250
359786	4	3.13601894155441e-08	127550250
359787	3	2.35201420616581e-08	127550250
360094	10	7.84004735388602e-08	127550250
360102	6	4.70402841233161e-08	127550250
360104	2	1.5680094707772e-08	127550250
360107	3	2.35201420616581e-08	127550250
360910	5	3.92002367694301e-08	127550250
360911	1	7.84004735388602e-09	127550250
361100	2	1.5680094707772e-08	127550250
362242	3	2.35201420616581e-08	127550250
362663	13	1.01920615600518e-07	127550250
362948	2	1.5680094707772e-08	127550250
362976	4	3.13601894155441e-08	127550250
365044	54	4.23362557109845e-07	127550250
365046	114	8.93765398343006e-07	127550250
365659	22	1.72481041785492e-07	127550250
366394	4	3.13601894155441e-08	127550250
366602	13	1.01920615600518e-07	127550250
367775	3	2.35201420616581e-08	127550250
367928	14	1.09760662954404e-07	127550250
369723	4	3.13601894155441e-08	127550250
370438	1	7.84004735388602e-09	127550250
373153	17	1.33280805016062e-07	127550250
373384	3	2.35201420616581e-08	127550250
373994	2	1.5680094707772e-08	127550250
374833	4	3.13601894155441e-08	127550250
374930	1	7.84004735388602e-09	127550250
374931	1	7.84004735388602e-09	127550250
375286	7	5.48803314772021e-08	127550250
375451	1	7.84004735388602e-09	127550250
376686	2	1.5680094707772e-08	127550250
376758	4	3.13601894155441e-08	127550250
377629	1	7.84004735388602e-09	127550250
378753	7	5.48803314772021e-08	127550250
378806	2	1.5680094707772e-08	127550250
379066	2	1.5680094707772e-08	127550250
379731	20	1.5680094707772e-07	127550250
380358	6	4.70402841233161e-08	127550250
380394	1	7.84004735388602e-09	127550250
380703	7	5.48803314772021e-08	127550250
381666	29	2.27361373262695e-07	127550250
381754	17	1.33280805016062e-07	127550250
381764	1	7.84004735388602e-09	127550250
382245	39	3.05761846801555e-07	127550250
383372	2	1.5680094707772e-08	127550250
383407	3	2.35201420616581e-08	127550250
383629	2	1.5680094707772e-08	127550250
384676	38	2.97921799447669e-07	127550250
386585	1	7.84004735388602e-09	127550250
386656	3	2.35201420616581e-08	127550250
387344	3	2.35201420616581e-08	127550250
388919	63	4.93922983294819e-07	127550250
390235	9	7.05604261849742e-08	127550250
390333	8	6.27203788310881e-08	127550250
391008	19	1.48960899723834e-07	127550250
391037	4	3.13601894155441e-08	127550250
391038	10	7.84004735388602e-08	127550250
391295	7	5.48803314772021e-08	127550250
391296	6	4.70402841233161e-08	127550250
391616	1	7.84004735388602e-09	127550250
391619	1	7.84004735388602e-09	127550250
391626	1	7.84004735388602e-09	127550250
391735	90	7.05604261849742e-07	127550250
392499	21	1.64640994431606e-07	127550250
393011	2	1.5680094707772e-08	127550250
393115	2	1.5680094707772e-08	127550250
393305	1	7.84004735388602e-09	127550250
393595	1	7.84004735388602e-09	127550250
394221	2	1.5680094707772e-08	127550250
394503	4	3.13601894155441e-08	127550250
395019	73	5.72323456833679e-07	127550250
395491	3	2.35201420616581e-08	127550250
395492	6	4.70402841233161e-08	127550250
395494	1	7.84004735388602e-09	127550250
395495	83	6.50723930372539e-07	127550250
395960	7	5.48803314772021e-08	127550250
395961	3	2.35201420616581e-08	127550250
395963	1	7.84004735388602e-09	127550250
395965	7	5.48803314772021e-08	127550250
396513	1	7.84004735388602e-09	127550250
396588	5	3.92002367694301e-08	127550250
396595	3	2.35201420616581e-08	127550250
397945	127	9.95686013943524e-07	127550250
398527	18	1.41120852369948e-07	127550250
398577	9	7.05604261849742e-08	127550250
398578	397	3.11249879949275e-06	127550250
398580	4	3.13601894155441e-08	127550250
398767	1	7.84004735388602e-09	127550250
399599	1	7.84004735388602e-09	127550250
399726	1	7.84004735388602e-09	127550250
399739	60	4.70402841233161e-07	127550250
399741	5	3.92002367694301e-08	127550250
399742	1	7.84004735388602e-09	127550250
399804	2	1.5680094707772e-08	127550250
400667	39	3.05761846801555e-07	127550250
400673	1	7.84004735388602e-09	127550250
400756	42	3.29281988863213e-07	127550250
401053	1	7.84004735388602e-09	127550250
401473	1	7.84004735388602e-09	127550250
402626	26	2.03841231201036e-07	127550250
402881	2	1.5680094707772e-08	127550250
402882	1	7.84004735388602e-09	127550250
403677	26	2.03841231201036e-07	127550250
404589	6	4.70402841233161e-08	127550250
405416	27	2.11681278554922e-07	127550250
405440	1	7.84004735388602e-09	127550250
405441	1	7.84004735388602e-09	127550250
405531	2	1.5680094707772e-08	127550250
405532	2	1.5680094707772e-08	127550250
405535	3	2.35201420616581e-08	127550250
405566	13	1.01920615600518e-07	127550250
405948	7	5.48803314772021e-08	127550250
405955	38	2.97921799447669e-07	127550250
406425	22	1.72481041785492e-07	127550250
407976	1	7.84004735388602e-09	127550250
410289	1	7.84004735388602e-09	127550250
412022	11	8.62405208927462e-08	127550250
412133	8	6.27203788310881e-08	127550250
412694	5	3.92002367694301e-08	127550250
413404	1	7.84004735388602e-09	127550250
413949	2	1.5680094707772e-08	127550250
414684	8	6.27203788310881e-08	127550250
416344	5	3.92002367694301e-08	127550250
416870	26	2.03841231201036e-07	127550250
418127	2	1.5680094707772e-08	127550250
419610	58	4.54722746525389e-07	127550250
420245	2	1.5680094707772e-08	127550250
420246	8	6.27203788310881e-08	127550250
420662	65	5.09603078002591e-07	127550250
420889	1	7.84004735388602e-09	127550250
420890	1	7.84004735388602e-09	127550250
423211	1	7.84004735388602e-09	127550250
423212	1	7.84004735388602e-09	127550250
423368	41	3.21441941509327e-07	127550250
423536	10	7.84004735388602e-08	127550250
424182	7	5.48803314772021e-08	127550250
426114	10	7.84004735388602e-08	127550250
426117	41	3.21441941509327e-07	127550250
426355	160	1.25440757662176e-06	127550250
426430	10	7.84004735388602e-08	127550250
428406	56	4.39042651817617e-07	127550250
431895	5	3.92002367694301e-08	127550250
431943	1	7.84004735388602e-09	127550250
435590	19	1.48960899723834e-07	127550250
435591	3	2.35201420616581e-08	127550250
435998	5	3.92002367694301e-08	127550250
436717	15	1.1760071030829e-07	127550250
438753	10	7.84004735388602e-08	127550250
439375	6	4.70402841233161e-08	127550250
439843	48	3.76322272986529e-07	127550250
439855	3	2.35201420616581e-08	127550250
440085	60	4.70402841233161e-07	127550250
441375	2	1.5680094707772e-08	127550250
441620	36	2.82241704739897e-07	127550250
443218	1	7.84004735388602e-09	127550250
443906	8	6.27203788310881e-08	127550250
444177	1	7.84004735388602e-09	127550250
445932	1	7.84004735388602e-09	127550250
446462	3	2.35201420616581e-08	127550250
446465	7	5.48803314772021e-08	127550250
446466	3	2.35201420616581e-08	127550250
446468	1	7.84004735388602e-09	127550250
446469	2	1.5680094707772e-08	127550250
446471	5	3.92002367694301e-08	127550250
447217	2	1.5680094707772e-08	127550250
448385	9	7.05604261849742e-08	127550250
450851	8	6.27203788310881e-08	127550250
451516	2	1.5680094707772e-08	127550250
452637	2	1.5680094707772e-08	127550250
452638	3	2.35201420616581e-08	127550250
452652	2	1.5680094707772e-08	127550250
452662	19	1.48960899723834e-07	127550250
452863	4	3.13601894155441e-08	127550250
454169	46	3.60642178278757e-07	127550250
455488	1	7.84004735388602e-09	127550250
455632	3	2.35201420616581e-08	127550250
456481	2	1.5680094707772e-08	127550250
458233	3	2.35201420616581e-08	127550250
459349	1	7.84004735388602e-09	127550250
460265	21	1.64640994431606e-07	127550250
464988	14	1.09760662954404e-07	127550250
465515	48	3.76322272986529e-07	127550250
467705	21	1.64640994431606e-07	127550250
469371	1	7.84004735388602e-09	127550250
469383	5	3.92002367694301e-08	127550250
469604	4	3.13601894155441e-08	127550250
469607	4	3.13601894155441e-08	127550250
471223	6	4.70402841233161e-08	127550250
471852	4	3.13601894155441e-08	127550250
471853	10	7.84004735388602e-08	127550250
471854	1	7.84004735388602e-09	127550250
471857	7	5.48803314772021e-08	127550250
471876	1	7.84004735388602e-09	127550250
477641	5	3.92002367694301e-08	127550250
477974	2	1.5680094707772e-08	127550250
478801	7	5.48803314772021e-08	127550250
479431	13	1.01920615600518e-07	127550250
479432	14	1.09760662954404e-07	127550250
479433	6	4.70402841233161e-08	127550250
479434	6	4.70402841233161e-08	127550250
479435	7	5.48803314772021e-08	127550250
479436	11	8.62405208927462e-08	127550250
479437	2	1.5680094707772e-08	127550250
480119	14	1.09760662954404e-07	127550250
481448	1	7.84004735388602e-09	127550250
481805	7	5.48803314772021e-08	127550250
481877	3	2.35201420616581e-08	127550250
482957	40	3.13601894155441e-07	127550250
484020	2	1.5680094707772e-08	127550250
484021	2	1.5680094707772e-08	127550250
484022	1	7.84004735388602e-09	127550250
484906	2	1.5680094707772e-08	127550250
485915	2	1.5680094707772e-08	127550250
485918	1	7.84004735388602e-09	127550250
487213	11	8.62405208927462e-08	127550250
487214	3	2.35201420616581e-08	127550250
487521	4	3.13601894155441e-08	127550250
488222	1	7.84004735388602e-09	127550250
488223	2	1.5680094707772e-08	127550250
489653	1	7.84004735388602e-09	127550250
490759	1	7.84004735388602e-09	127550250
491915	9	7.05604261849742e-08	127550250
491916	4	3.13601894155441e-08	127550250
497978	9	7.05604261849742e-08	127550250
498216	2	1.5680094707772e-08	127550250
498217	1	7.84004735388602e-09	127550250
498761	1	7.84004735388602e-09	127550250
502025	13	1.01920615600518e-07	127550250
504472	1	7.84004735388602e-09	127550250
504474	14	1.09760662954404e-07	127550250
504728	88	6.8992416714197e-07	127550250
504832	20	1.5680094707772e-07	127550250
507522	5	3.92002367694301e-08	127550250
508771	5	3.92002367694301e-08	127550250
509169	113	8.8592535098912e-07	127550250
509170	20	1.5680094707772e-07	127550250
509173	44	3.44962083570985e-07	127550250
509190	13	1.01920615600518e-07	127550250
510516	1	7.84004735388602e-09	127550250
511062	3	2.35201420616581e-08	127550250
511437	2	1.5680094707772e-08	127550250
511691	1	7.84004735388602e-09	127550250
511995	1	7.84004735388602e-09	127550250
512565	3	2.35201420616581e-08	127550250
512566	3	2.35201420616581e-08	127550250
515619	8	6.27203788310881e-08	127550250
516950	5	3.92002367694301e-08	127550250
517417	2	1.5680094707772e-08	127550250
517418	1	7.84004735388602e-09	127550250
519441	6	4.70402841233161e-08	127550250
521006	2	1.5680094707772e-08	127550250
521096	3	2.35201420616581e-08	127550250
521097	3	2.35201420616581e-08	127550250
521098	2	1.5680094707772e-08	127550250
521674	2	1.5680094707772e-08	127550250
522306	16	1.25440757662176e-07	127550250
522373	37	2.90081752093783e-07	127550250
523794	8	6.27203788310881e-08	127550250
525146	2	1.5680094707772e-08	127550250
525284	32	2.50881515324353e-07	127550250
525381	9	7.05604261849742e-08	127550250
525904	1	7.84004735388602e-09	127550250
525919	4	3.13601894155441e-08	127550250
526225	9	7.05604261849742e-08	127550250
526226	18	1.41120852369948e-07	127550250
526227	39	3.05761846801555e-07	127550250
529122	1	7.84004735388602e-09	127550250
530564	2	1.5680094707772e-08	127550250
531844	4	3.13601894155441e-08	127550250
535289	223	1.74833055991658e-06	127550250
536019	5	3.92002367694301e-08	127550250
536056	2	1.5680094707772e-08	127550250
536230	1	7.84004735388602e-09	127550250
541229	2	1.5680094707772e-08	127550250
543728	146	1.14464691366736e-06	127550250
543891	44	3.44962083570985e-07	127550250
543913	16	1.25440757662176e-07	127550250
544556	1	7.84004735388602e-09	127550250
546271	1	7.84004735388602e-09	127550250
546342	1	7.84004735388602e-09	127550250
546414	3	2.35201420616581e-08	127550250
547559	1	7.84004735388602e-09	127550250
548473	4	3.13601894155441e-08	127550250
548476	15	1.1760071030829e-07	127550250
550542	1	7.84004735388602e-09	127550250
551115	1	7.84004735388602e-09	127550250
551895	1	7.84004735388602e-09	127550250
553174	29	2.27361373262695e-07	127550250
553190	44	3.44962083570985e-07	127550250
553199	2041	1.60015366492814e-05	127550250
553482	1	7.84004735388602e-09	127550250
555778	1	7.84004735388602e-09	127550250
556484	6	4.70402841233161e-08	127550250
557598	8	6.27203788310881e-08	127550250
557600	15	1.1760071030829e-07	127550250
557722	29	2.27361373262695e-07	127550250
557760	2	1.5680094707772e-08	127550250
559292	71	5.56643362125907e-07	127550250
559295	6	4.70402841233161e-08	127550250
559307	4	3.13601894155441e-08	127550250
561229	1	7.84004735388602e-09	127550250
561276	1	7.84004735388602e-09	127550250
565040	2	1.5680094707772e-08	127550250
565042	3	2.35201420616581e-08	127550250
565050	13	1.01920615600518e-07	127550250
568206	1	7.84004735388602e-09	127550250
568706	1	7.84004735388602e-09	127550250
568707	5	3.92002367694301e-08	127550250
571800	2	1.5680094707772e-08	127550250
572264	1	7.84004735388602e-09	127550250
572307	2	1.5680094707772e-08	127550250
572477	9	7.05604261849742e-08	127550250
572544	2	1.5680094707772e-08	127550250
573062	2	1.5680094707772e-08	127550250
573413	1	7.84004735388602e-09	127550250
573729	5	3.92002367694301e-08	127550250
573826	1	7.84004735388602e-09	127550250
574087	3	2.35201420616581e-08	127550250
574093	2	1.5680094707772e-08	127550250
575540	2	1.5680094707772e-08	127550250
575614	5	3.92002367694301e-08	127550250
578455	7	5.48803314772021e-08	127550250
580327	9	7.05604261849742e-08	127550250
580332	3	2.35201420616581e-08	127550250
581103	2	1.5680094707772e-08	127550250
582402	3	2.35201420616581e-08	127550250
582744	2	1.5680094707772e-08	127550250
582899	3	2.35201420616581e-08	127550250
583345	3	2.35201420616581e-08	127550250
583346	1	7.84004735388602e-09	127550250
585055	1	7.84004735388602e-09	127550250
585057	3	2.35201420616581e-08	127550250
585396	49	3.84162320340415e-07	127550250
590998	2	1.5680094707772e-08	127550250
591001	5	3.92002367694301e-08	127550250
591020	1	7.84004735388602e-09	127550250
591365	5	3.92002367694301e-08	127550250
592029	2	1.5680094707772e-08	127550250
592316	2	1.5680094707772e-08	127550250
593907	5	3.92002367694301e-08	127550250
595494	2	1.5680094707772e-08	127550250
595495	5	3.92002367694301e-08	127550250
595528	1	7.84004735388602e-09	127550250
595537	127	9.95686013943524e-07	127550250
596153	142	1.11328672425181e-06	127550250
596154	137	1.07408648748238e-06	127550250
604162	3	2.35201420616581e-08	127550250
617121	1	7.84004735388602e-09	127550250
622759	1	7.84004735388602e-09	127550250
626418	9	7.05604261849742e-08	127550250
627192	12	9.40805682466322e-08	127550250
630588	3	2.35201420616581e-08	127550250
632516	4	3.13601894155441e-08	127550250
632772	13	1.01920615600518e-07	127550250
633147	1	7.84004735388602e-09	127550250
633149	9	7.05604261849742e-08	127550250
634500	1	7.84004735388602e-09	127550250
634956	2	1.5680094707772e-08	127550250
637379	43	3.37122036217099e-07	127550250
637909	2	1.5680094707772e-08	127550250
637910	2	1.5680094707772e-08	127550250
638303	2	1.5680094707772e-08	127550250
639282	3	2.35201420616581e-08	127550250
639283	16	1.25440757662176e-07	127550250
640081	29	2.27361373262695e-07	127550250
640131	1	7.84004735388602e-09	127550250
640132	2	1.5680094707772e-08	127550250
640510	4	3.13601894155441e-08	127550250
640511	8	6.27203788310881e-08	127550250
640512	2	1.5680094707772e-08	127550250
640513	4	3.13601894155441e-08	127550250
643561	87	6.82084119788083e-07	127550250
643562	1	7.84004735388602e-09	127550250
643867	1	7.84004735388602e-09	127550250
644042	1	7.84004735388602e-09	127550250
644223	1	7.84004735388602e-09	127550250
644282	1	7.84004735388602e-09	127550250
644283	1	7.84004735388602e-09	127550250
644284	1	7.84004735388602e-09	127550250
644801	6	4.70402841233161e-08	127550250
644966	2	1.5680094707772e-08	127550250
645127	24	1.88161136493264e-07	127550250
645462	1	7.84004735388602e-09	127550250
645657	1	7.84004735388602e-09	127550250
646529	3	2.35201420616581e-08	127550250
648757	4	3.13601894155441e-08	127550250
648999	1	7.84004735388602e-09	127550250
649349	3	2.35201420616581e-08	127550250
649638	3	2.35201420616581e-08	127550250
649639	1	7.84004735388602e-09	127550250
649831	1	7.84004735388602e-09	127550250
652103	10	7.84004735388602e-08	127550250
653733	2	1.5680094707772e-08	127550250
655815	2	1.5680094707772e-08	127550250
655816	1	7.84004735388602e-09	127550250
656024	5	3.92002367694301e-08	127550250
657313	3	2.35201420616581e-08	127550250
657314	3	2.35201420616581e-08	127550250
657315	1	7.84004735388602e-09	127550250
657316	4	3.13601894155441e-08	127550250
657317	8	6.27203788310881e-08	127550250
657318	7	5.48803314772021e-08	127550250
657321	1	7.84004735388602e-09	127550250
657322	2	1.5680094707772e-08	127550250
657323	1	7.84004735388602e-09	127550250
661410	37	2.90081752093783e-07	127550250
662598	4	3.13601894155441e-08	127550250
662755	3	2.35201420616581e-08	127550250
665571	2	1.5680094707772e-08	127550250
666681	2	1.5680094707772e-08	127550250
666685	9	7.05604261849742e-08	127550250
666686	4	3.13601894155441e-08	127550250
667015	1	7.84004735388602e-09	127550250
670307	3	2.35201420616581e-08	127550250
670487	2	1.5680094707772e-08	127550250
675635	7	5.48803314772021e-08	127550250
680198	1	7.84004735388602e-09	127550250
680646	145	1.13680686631347e-06	127550250
682795	2	1.5680094707772e-08	127550250
684738	20	1.5680094707772e-07	127550250
685727	6	4.70402841233161e-08	127550250
688245	60	4.70402841233161e-07	127550250
688270	1	7.84004735388602e-09	127550250
690566	6	4.70402841233161e-08	127550250
690850	2	1.5680094707772e-08	127550250
691437	4	3.13601894155441e-08	127550250
693444	1	7.84004735388602e-09	127550250
693746	1	7.84004735388602e-09	127550250
693977	1	7.84004735388602e-09	127550250
693978	4	3.13601894155441e-08	127550250
693982	1	7.84004735388602e-09	127550250
694427	1	7.84004735388602e-09	127550250
694430	1	7.84004735388602e-09	127550250
695560	3	2.35201420616581e-08	127550250
696216	1	7.84004735388602e-09	127550250
696749	2	1.5680094707772e-08	127550250
698737	4	3.13601894155441e-08	127550250
698761	6	4.70402841233161e-08	127550250
698936	1	7.84004735388602e-09	127550250
698948	3	2.35201420616581e-08	127550250
698962	2	1.5680094707772e-08	127550250
698963	1	7.84004735388602e-09	127550250
698965	2	1.5680094707772e-08	127550250
698966	1	7.84004735388602e-09	127550250
698967	2	1.5680094707772e-08	127550250
698972	3	2.35201420616581e-08	127550250
698973	1	7.84004735388602e-09	127550250
699032	1	7.84004735388602e-09	127550250
700508	4	3.13601894155441e-08	127550250
701347	2	1.5680094707772e-08	127550250
702113	10	7.84004735388602e-08	127550250
702459	2	1.5680094707772e-08	127550250
706191	1	7.84004735388602e-09	127550250
707241	3	2.35201420616581e-08	127550250
708616	1	7.84004735388602e-09	127550250
709986	9	7.05604261849742e-08	127550250
709991	1	7.84004735388602e-09	127550250
710127	1	7.84004735388602e-09	127550250
710421	11	8.62405208927462e-08	127550250
710685	8	6.27203788310881e-08	127550250
710696	5	3.92002367694301e-08	127550250
712898	2	1.5680094707772e-08	127550250
713604	5	3.92002367694301e-08	127550250
713887	4	3.13601894155441e-08	127550250
714359	2	1.5680094707772e-08	127550250
716541	16	1.25440757662176e-07	127550250
717605	4	3.13601894155441e-08	127550250
717785	3	2.35201420616581e-08	127550250
717962	1	7.84004735388602e-09	127550250
718252	2	1.5680094707772e-08	127550250
718254	2	1.5680094707772e-08	127550250
718255	4	3.13601894155441e-08	127550250
720554	1	7.84004735388602e-09	127550250
741091	1	7.84004735388602e-09	127550250
742013	312	2.44609477441244e-06	127550250
743525	1105	8.66325232604405e-06	127550250
743718	1	7.84004735388602e-09	127550250
743720	11	8.62405208927462e-08	127550250
743721	15	1.1760071030829e-07	127550250
745310	14	1.09760662954404e-07	127550250
745776	3	2.35201420616581e-08	127550250
746361	4	3.13601894155441e-08	127550250
746697	1	7.84004735388602e-09	127550250
748247	21	1.64640994431606e-07	127550250
748280	7	5.48803314772021e-08	127550250
748671	8	6.27203788310881e-08	127550250
749219	1	7.84004735388602e-09	127550250
749222	1	7.84004735388602e-09	127550250
749414	5	3.92002367694301e-08	127550250
749927	6	4.70402841233161e-08	127550250
751945	99	7.76164688034716e-07	127550250
754035	5	3.92002367694301e-08	127550250
754252	7	5.48803314772021e-08	127550250
754476	1	7.84004735388602e-09	127550250
754477	4	3.13601894155441e-08	127550250
755178	2	1.5680094707772e-08	127550250
755732	2	1.5680094707772e-08	127550250
756272	1	7.84004735388602e-09	127550250
757424	91	7.13444309203628e-07	127550250
758793	2	1.5680094707772e-08	127550250
759350	1	7.84004735388602e-09	127550250
759362	2	1.5680094707772e-08	127550250
760570	8	6.27203788310881e-08	127550250
761659	1	7.84004735388602e-09	127550250
762376	43	3.37122036217099e-07	127550250
762633	169	1.32496800280674e-06	127550250
762948	12	9.40805682466322e-08	127550250
765698	8	6.27203788310881e-08	127550250
765874	1	7.84004735388602e-09	127550250
765911	4	3.13601894155441e-08	127550250
765912	1	7.84004735388602e-09	127550250
766760	3	2.35201420616581e-08	127550250
767029	2	1.5680094707772e-08	127550250
767031	2	1.5680094707772e-08	127550250
767434	1	7.84004735388602e-09	127550250
767462	6	4.70402841233161e-08	127550250
767463	4	3.13601894155441e-08	127550250
768490	1	7.84004735388602e-09	127550250
771875	1	7.84004735388602e-09	127550250
795359	1	7.84004735388602e-09	127550250
798128	155	1.21520733985233e-06	127550250
857087	2	1.5680094707772e-08	127550250
858215	2	1.5680094707772e-08	127550250
858619	5	3.92002367694301e-08	127550250
859655	11	8.62405208927462e-08	127550250
859656	14	1.09760662954404e-07	127550250
859657	21	1.64640994431606e-07	127550250
861208	3	2.35201420616581e-08	127550250
861360	13	1.01920615600518e-07	127550250
862719	8	6.27203788310881e-08	127550250
862751	1	7.84004735388602e-09	127550250
862962	1	7.84004735388602e-09	127550250
862965	11	8.62405208927462e-08	127550250
862966	1	7.84004735388602e-09	127550250
862967	2	1.5680094707772e-08	127550250
862969	1	7.84004735388602e-09	127550250
862970	2	1.5680094707772e-08	127550250
862971	1	7.84004735388602e-09	127550250
866768	4	3.13601894155441e-08	127550250
866775	3	2.35201420616581e-08	127550250
866777	3	2.35201420616581e-08	127550250
866895	2	1.5680094707772e-08	127550250
868597	35	2.74401657386011e-07	127550250
869210	2	1.5680094707772e-08	127550250
869211	1	7.84004735388602e-09	127550250
869216	1	7.84004735388602e-09	127550250
869303	1	7.84004735388602e-09	127550250
869309	9	7.05604261849742e-08	127550250
871585	22	1.72481041785492e-07	127550250
872331	1	7.84004735388602e-09	127550250
875328	4	3.13601894155441e-08	127550250
879243	5	3.92002367694301e-08	127550250
880591	3	2.35201420616581e-08	127550250
880633	3	2.35201420616581e-08	127550250
880758	45	3.52802130924871e-07	127550250
882378	4	3.13601894155441e-08	127550250
883062	1	7.84004735388602e-09	127550250
884204	3	2.35201420616581e-08	127550250
887061	3	2.35201420616581e-08	127550250
889738	10	7.84004735388602e-08	127550250
889932	1	7.84004735388602e-09	127550250
889933	1	7.84004735388602e-09	127550250
890402	3	2.35201420616581e-08	127550250
891391	3	2.35201420616581e-08	127550250
905079	15	1.1760071030829e-07	127550250
908937	2	1.5680094707772e-08	127550250
909952	163	1.27792771868342e-06	127550250
926550	2	1.5680094707772e-08	127550250
926566	1	7.84004735388602e-09	127550250
927666	15	1.1760071030829e-07	127550250
927704	1	7.84004735388602e-09	127550250
929102	13	1.01920615600518e-07	127550250
929439	2	1.5680094707772e-08	127550250
929562	1	7.84004735388602e-09	127550250
930169	1	7.84004735388602e-09	127550250
930170	1	7.84004735388602e-09	127550250
930171	8	6.27203788310881e-08	127550250
931281	6	4.70402841233161e-08	127550250
931890	4	3.13601894155441e-08	127550250
935296	1	7.84004735388602e-09	127550250
935588	1	7.84004735388602e-09	127550250
935591	2	1.5680094707772e-08	127550250
935593	2	1.5680094707772e-08	127550250
936139	1	7.84004735388602e-09	127550250
936153	3	2.35201420616581e-08	127550250
936156	8	6.27203788310881e-08	127550250
936157	1	7.84004735388602e-09	127550250
937773	1	7.84004735388602e-09	127550250
937777	2	1.5680094707772e-08	127550250
940296	1	7.84004735388602e-09	127550250
941193	8	6.27203788310881e-08	127550250
941639	10	7.84004735388602e-08	127550250
942513	4	3.13601894155441e-08	127550250
945556	3	2.35201420616581e-08	127550250
945712	1	7.84004735388602e-09	127550250
946362	5	3.92002367694301e-08	127550250
946483	5	3.92002367694301e-08	127550250
953739	3	2.35201420616581e-08	127550250
977880	33	2.58721562678239e-07	127550250
979556	7	5.48803314772021e-08	127550250
981368	10	7.84004735388602e-08	127550250
981540	2	1.5680094707772e-08	127550250
983917	75	5.88003551541451e-07	127550250
984892	1	7.84004735388602e-09	127550250
985002	3	2.35201420616581e-08	127550250
985665	1	7.84004735388602e-09	127550250
990288	1	7.84004735388602e-09	127550250
990315	56	4.39042651817617e-07	127550250
990316	1	7.84004735388602e-09	127550250
991905	6	4.70402841233161e-08	127550250
994484	30	2.35201420616581e-07	127550250
996285	15	1.1760071030829e-07	127550250
999541	16	1.25440757662176e-07	127550250
999552	5	3.92002367694301e-08	127550250
1001585	34	2.66561610032125e-07	127550250
1002809	2	1.5680094707772e-08	127550250
1003195	5	3.92002367694301e-08	127550250
1004786	4	3.13601894155441e-08	127550250
1005048	65	5.09603078002591e-07	127550250
1006551	2	1.5680094707772e-08	127550250
1007064	1	7.84004735388602e-09	127550250
1009464	36	2.82241704739897e-07	127550250
1009846	20	1.5680094707772e-07	127550250
1016998	1	7.84004735388602e-09	127550250
1017264	2	1.5680094707772e-08	127550250
1028307	1	7.84004735388602e-09	127550250
1029756	6	4.70402841233161e-08	127550250
1031709	100	7.84004735388602e-07	127550250
1031710	5	3.92002367694301e-08	127550250
1031711	10	7.84004735388602e-08	127550250
1032480	2	1.5680094707772e-08	127550250
1034807	1	7.84004735388602e-09	127550250
1034809	4	3.13601894155441e-08	127550250
1036673	1	7.84004735388602e-09	127550250
1036743	3	2.35201420616581e-08	127550250
1037409	25	1.9600118384715e-07	127550250
1037911	217	1.70129027579327e-06	127550250
1042876	16	1.25440757662176e-07	127550250
1042878	15	1.1760071030829e-07	127550250
1045855	9	7.05604261849742e-08	127550250
1045856	2	1.5680094707772e-08	127550250
1046629	19	1.48960899723834e-07	127550250
1048332	16	1.25440757662176e-07	127550250
1049565	1	7.84004735388602e-09	127550250
1051074	2	1.5680094707772e-08	127550250
1052588	1	7.84004735388602e-09	127550250
1054460	12	9.40805682466322e-08	127550250
1064535	2	1.5680094707772e-08	127550250
1064539	6	4.70402841233161e-08	127550250
1064592	3	2.35201420616581e-08	127550250
1069533	1	7.84004735388602e-09	127550250
1071378	3	2.35201420616581e-08	127550250
1071381	3	2.35201420616581e-08	127550250
1071382	3	2.35201420616581e-08	127550250
1071400	1	7.84004735388602e-09	127550250
1074919	3	2.35201420616581e-08	127550250
1076934	1	7.84004735388602e-09	127550250
1081093	1	7.84004735388602e-09	127550250
1089456	14	1.09760662954404e-07	127550250
1091045	765	5.9976362257228e-06	127550250
1093141	4	3.13601894155441e-08	127550250
1093787	1	7.84004735388602e-09	127550250
1094466	1	7.84004735388602e-09	127550250
1095774	3	2.35201420616581e-08	127550250
1096995	6	4.70402841233161e-08	127550250
1096996	10	7.84004735388602e-08	127550250
1097668	12	9.40805682466322e-08	127550250
1097677	2	1.5680094707772e-08	127550250
1100841	2	1.5680094707772e-08	127550250
1104322	34	2.66561610032125e-07	127550250
1104326	4	3.13601894155441e-08	127550250
1110502	14	1.09760662954404e-07	127550250
1111068	3	2.35201420616581e-08	127550250
1111069	136	1.0662464401285e-06	127550250
1111678	15	1.1760071030829e-07	127550250
1114965	11	8.62405208927462e-08	127550250
1114966	16	1.25440757662176e-07	127550250
1114967	172	1.34848814486839e-06	127550250
1114969	1890	1.48176894988446e-05	127550250
1114970	32	2.50881515324353e-07	127550250
1116231	3	2.35201420616581e-08	127550250
1117943	6	4.70402841233161e-08	127550250
1118963	15	1.1760071030829e-07	127550250
1121353	5	3.92002367694301e-08	127550250
1121362	2	1.5680094707772e-08	127550250
1121448	1	7.84004735388602e-09	127550250
1121451	1	7.84004735388602e-09	127550250
1123519	10	7.84004735388602e-08	127550250
1123523	2	1.5680094707772e-08	127550250
1123863	3	2.35201420616581e-08	127550250
1124983	27	2.11681278554922e-07	127550250
1124991	3	2.35201420616581e-08	127550250
1127134	7	5.48803314772021e-08	127550250
1129369	1	7.84004735388602e-09	127550250
1133849	9	7.05604261849742e-08	127550250
1133850	7	5.48803314772021e-08	127550250
1133852	1	7.84004735388602e-09	127550250
1133853	1	7.84004735388602e-09	127550250
1134454	1018	7.98116820625597e-06	127550250
1136179	2115	1.65817001534689e-05	127550250
1137651	7	5.48803314772021e-08	127550250
1138382	3	2.35201420616581e-08	127550250
1138383	7	5.48803314772021e-08	127550250
1142394	1	7.84004735388602e-09	127550250
1144275	1	7.84004735388602e-09	127550250
1146883	2	1.5680094707772e-08	127550250
1151116	1	7.84004735388602e-09	127550250
1155071	1	7.84004735388602e-09	127550250
1156431	10	7.84004735388602e-08	127550250
1156433	12	9.40805682466322e-08	127550250
1156913	4	3.13601894155441e-08	127550250
1157951	3	2.35201420616581e-08	127550250
1162668	2	1.5680094707772e-08	127550250
1163389	1	7.84004735388602e-09	127550250
1163399	53	4.15522509755959e-07	127550250
1163617	2	1.5680094707772e-08	127550250
1163748	1	7.84004735388602e-09	127550250
1166130	1	7.84004735388602e-09	127550250
1167629	1	7.84004735388602e-09	127550250
1167634	37	2.90081752093783e-07	127550250
1170318	63	4.93922983294819e-07	127550250
1170562	1	7.84004735388602e-09	127550250
1171373	6	4.70402841233161e-08	127550250
1173020	27	2.11681278554922e-07	127550250
1173026	1	7.84004735388602e-09	127550250
1179773	2	1.5680094707772e-08	127550250
1183438	2	1.5680094707772e-08	127550250
1185652	2	1.5680094707772e-08	127550250
1186051	1	7.84004735388602e-09	127550250
1187956	1	7.84004735388602e-09	127550250
1191061	14	1.09760662954404e-07	127550250
1192196	9	7.05604261849742e-08	127550250
1193292	2	1.5680094707772e-08	127550250
1193576	1	7.84004735388602e-09	127550250
1193806	1	7.84004735388602e-09	127550250
1194526	24	1.88161136493264e-07	127550250
1195464	22	1.72481041785492e-07	127550250
1196325	5	3.92002367694301e-08	127550250
1196835	14	1.09760662954404e-07	127550250
1198114	3	2.35201420616581e-08	127550250
1198232	2	1.5680094707772e-08	127550250
1198627	1	7.84004735388602e-09	127550250
1198676	1	7.84004735388602e-09	127550250
1200352	1	7.84004735388602e-09	127550250
1202772	6	4.70402841233161e-08	127550250
1203460	6	4.70402841233161e-08	127550250
1204414	4	3.13601894155441e-08	127550250
1205675	1	7.84004735388602e-09	127550250
1205910	8	6.27203788310881e-08	127550250
1207075	35	2.74401657386011e-07	127550250
1208658	8	6.27203788310881e-08	127550250
1208660	9	7.05604261849742e-08	127550250
1208920	1	7.84004735388602e-09	127550250
1208923	1	7.84004735388602e-09	127550250
1211025	5	3.92002367694301e-08	127550250
1211579	6	4.70402841233161e-08	127550250
1214101	3	2.35201420616581e-08	127550250
1214242	7	5.48803314772021e-08	127550250
1215088	19	1.48960899723834e-07	127550250
1216976	26	2.03841231201036e-07	127550250
1217737	1	7.84004735388602e-09	127550250
1217984	13	1.01920615600518e-07	127550250
1218175	6	4.70402841233161e-08	127550250
1218933	1	7.84004735388602e-09	127550250
1219076	3	2.35201420616581e-08	127550250
1220533	1	7.84004735388602e-09	127550250
1224163	8	6.27203788310881e-08	127550250
1229758	1	7.84004735388602e-09	127550250
1232381	1	7.84004735388602e-09	127550250
1232724	1	7.84004735388602e-09	127550250
1233873	2	1.5680094707772e-08	127550250
1234380	19	1.48960899723834e-07	127550250
1234679	1	7.84004735388602e-09	127550250
1235461	2	1.5680094707772e-08	127550250
1245469	24	1.88161136493264e-07	127550250
1245471	61	4.78242888587047e-07	127550250
1246301	115	9.01605445696892e-07	127550250
1246995	2	1.5680094707772e-08	127550250
1249661	5	3.92002367694301e-08	127550250
1254432	7	5.48803314772021e-08	127550250
1254439	6	4.70402841233161e-08	127550250
1255043	3	2.35201420616581e-08	127550250
1257118	3	2.35201420616581e-08	127550250
1260292	1	7.84004735388602e-09	127550250
1262456	10	7.84004735388602e-08	127550250
1266738	1	7.84004735388602e-09	127550250
1267754	10	7.84004735388602e-08	127550250
1271862	2	1.5680094707772e-08	127550250
1271863	1	7.84004735388602e-09	127550250
1274814	2	1.5680094707772e-08	127550250
1276282	20	1.5680094707772e-07	127550250
1278073	3	2.35201420616581e-08	127550250
1279007	1	7.84004735388602e-09	127550250
1279008	3	2.35201420616581e-08	127550250
1279365	1	7.84004735388602e-09	127550250
1282356	65	5.09603078002591e-07	127550250
1283331	1	7.84004735388602e-09	127550250
1286170	1	7.84004735388602e-09	127550250
1286640	1	7.84004735388602e-09	127550250
1288122	2	1.5680094707772e-08	127550250
1288394	3	2.35201420616581e-08	127550250
1294143	11	8.62405208927462e-08	127550250
1300253	1	7.84004735388602e-09	127550250
1300254	2	1.5680094707772e-08	127550250
1302863	11	8.62405208927462e-08	127550250
1303024	1	7.84004735388602e-09	127550250
1304892	2	1.5680094707772e-08	127550250
1313172	7	5.48803314772021e-08	127550250
1314884	1	7.84004735388602e-09	127550250
1318615	2	1.5680094707772e-08	127550250
1327988	1	7.84004735388602e-09	127550250
1331671	14	1.09760662954404e-07	127550250
1332188	2	1.5680094707772e-08	127550250
1334187	1	7.84004735388602e-09	127550250
1335307	5	3.92002367694301e-08	127550250
1335757	1	7.84004735388602e-09	127550250
1340851	5	3.92002367694301e-08	127550250
1343740	4	3.13601894155441e-08	127550250
1345695	1	7.84004735388602e-09	127550250
1346614	3	2.35201420616581e-08	127550250
1356861	1	7.84004735388602e-09	127550250
1367477	1	7.84004735388602e-09	127550250
1367847	2	1.5680094707772e-08	127550250
1380774	3	2.35201420616581e-08	127550250
1380908	1	7.84004735388602e-09	127550250
1384484	2	1.5680094707772e-08	127550250
1389489	3	2.35201420616581e-08	127550250
1399116	3	2.35201420616581e-08	127550250
1400867	5	3.92002367694301e-08	127550250
1401659	1	7.84004735388602e-09	127550250
1408179	2	1.5680094707772e-08	127550250
1408272	3	2.35201420616581e-08	127550250
1415630	124	9.72165871881866e-07	127550250
1415784	19	1.48960899723834e-07	127550250
1416914	7	5.48803314772021e-08	127550250
1423144	2	1.5680094707772e-08	127550250
1427342	7	5.48803314772021e-08	127550250
1429244	1	7.84004735388602e-09	127550250
1430440	3	2.35201420616581e-08	127550250
1435044	2	1.5680094707772e-08	127550250
1435356	10	7.84004735388602e-08	127550250
1436140	24	1.88161136493264e-07	127550250
