Tax.ID	Frequency	Proportion	Total
883	2	1.55424214150694e-08	128680078
1140	1	7.7712107075347e-09	128680078
1639	3	2.33136321226041e-08	128680078
2771	4	3.10848428301388e-08	128680078
2787	1	7.7712107075347e-09	128680078
2829	2	1.55424214150694e-08	128680078
2839	19	1.47653003443159e-07	128680078
2850	18	1.39881792735625e-07	128680078
2986	1	7.7712107075347e-09	128680078
4770	3	2.33136321226041e-08	128680078
5270	1	7.7712107075347e-09	128680078
5786	1	7.7712107075347e-09	128680078
5823	4	3.10848428301388e-08	128680078
10678	1	7.7712107075347e-09	128680078
10870	2	1.55424214150694e-08	128680078
31271	2	1.55424214150694e-08	128680078
31535	1	7.7712107075347e-09	128680078
32049	2	1.55424214150694e-08	128680078
32051	6	4.66272642452082e-08	128680078
33657	1	7.7712107075347e-09	128680078
35128	18	1.39881792735625e-07	128680078
36809	2	1.55424214150694e-08	128680078
43925	2	1.55424214150694e-08	128680078
44058	2	1.55424214150694e-08	128680078
46234	2	1.55424214150694e-08	128680078
47573	1	7.7712107075347e-09	128680078
48942	1	7.7712107075347e-09	128680078
55529	2	1.55424214150694e-08	128680078
55884	1	7.7712107075347e-09	128680078
56107	1	7.7712107075347e-09	128680078
59922	3	2.33136321226041e-08	128680078
60480	8	6.21696856602776e-08	128680078
60481	36	2.79763585471249e-07	128680078
62928	10	7.7712107075347e-08	128680078
62977	25	1.94280267688367e-07	128680078
63737	4	3.10848428301388e-08	128680078
64471	7	5.43984749527429e-08	128680078
65071	1	7.7712107075347e-09	128680078
66692	3	2.33136321226041e-08	128680078
69328	27	2.09822689103437e-07	128680078
74557	2	1.55424214150694e-08	128680078
75379	16	1.24339371320555e-07	128680078
76114	3	2.33136321226041e-08	128680078
76869	26	2.02051478395902e-07	128680078
78245	7	5.43984749527429e-08	128680078
80365	1	7.7712107075347e-09	128680078
83406	1	7.7712107075347e-09	128680078
85569	1	7.7712107075347e-09	128680078
85643	30	2.33136321226041e-07	128680078
90893	1	7.7712107075347e-09	128680078
94122	14	1.08796949905486e-07	128680078
96563	77	5.98383224480172e-07	128680078
99287	3	2.33136321226041e-08	128680078
100226	5	3.88560535376735e-08	128680078
101510	16	1.24339371320555e-07	128680078
108098	18	1.39881792735625e-07	128680078
110662	3	2.33136321226041e-08	128680078
111780	1	7.7712107075347e-09	128680078
114615	2	1.55424214150694e-08	128680078
115711	1	7.7712107075347e-09	128680078
115713	1	7.7712107075347e-09	128680078
120807	1	7.7712107075347e-09	128680078
122587	1	7.7712107075347e-09	128680078
126793	3	2.33136321226041e-08	128680078
137722	4	3.10848428301388e-08	128680078
145522	2	1.55424214150694e-08	128680078
146891	2	1.55424214150694e-08	128680078
153948	2	1.55424214150694e-08	128680078
155864	2	1.55424214150694e-08	128680078
156889	1	7.7712107075347e-09	128680078
158878	5	3.88560535376735e-08	128680078
159087	9	6.99408963678123e-08	128680078
160488	15	1.1656816061302e-07	128680078
160492	5	3.88560535376735e-08	128680078
160619	8	6.21696856602776e-08	128680078
164037	3	2.33136321226041e-08	128680078
164756	7	5.43984749527429e-08	128680078
167542	3	2.33136321226041e-08	128680078
170187	4	3.10848428301388e-08	128680078
171101	21	1.63195424858229e-07	128680078
172968	1	7.7712107075347e-09	128680078
176279	113	8.78146809951421e-07	128680078
176280	121	9.40316495611698e-07	128680078
179408	1	7.7712107075347e-09	128680078
187272	1	7.7712107075347e-09	128680078
187303	2	1.55424214150694e-08	128680078
189423	7	5.43984749527429e-08	128680078
189918	3	2.33136321226041e-08	128680078
190304	2	1.55424214150694e-08	128680078
190485	84	6.52781699432915e-07	128680078
190486	20	1.55424214150694e-07	128680078
190650	27	2.09822689103437e-07	128680078
194439	1	7.7712107075347e-09	128680078
195103	3	2.33136321226041e-08	128680078
196162	7	5.43984749527429e-08	128680078
196164	4	3.10848428301388e-08	128680078
203120	38	2.95306006886318e-07	128680078
203124	2	1.55424214150694e-08	128680078
203275	3	2.33136321226041e-08	128680078
204773	11	8.54833177828817e-08	128680078
205913	3	2.33136321226041e-08	128680078
205918	5	3.88560535376735e-08	128680078
205922	21	1.63195424858229e-07	128680078
207559	15	1.1656816061302e-07	128680078
208963	204	1.58532698433708e-06	128680078
208964	287	2.23033747306246e-06	128680078
210007	2	1.55424214150694e-08	128680078
211586	19	1.47653003443159e-07	128680078
215689	1	7.7712107075347e-09	128680078
216591	19	1.47653003443159e-07	128680078
216594	4	3.10848428301388e-08	128680078
216595	32	2.4867874264111e-07	128680078
216596	7	5.43984749527429e-08	128680078
220341	110	8.54833177828817e-07	128680078
220664	9	6.99408963678123e-08	128680078
221109	3	2.33136321226041e-08	128680078
224308	1	7.7712107075347e-09	128680078
224324	4	3.10848428301388e-08	128680078
224911	5	3.88560535376735e-08	128680078
224914	1	7.7712107075347e-09	128680078
226185	2	1.55424214150694e-08	128680078
226186	3	2.33136321226041e-08	128680078
227086	2	1.55424214150694e-08	128680078
227882	4	3.10848428301388e-08	128680078
228410	1	7.7712107075347e-09	128680078
231023	16	1.24339371320555e-07	128680078
232721	613	4.76375216371877e-06	128680078
234267	1	7.7712107075347e-09	128680078
234621	260	2.02051478395902e-06	128680078
234831	2	1.55424214150694e-08	128680078
235909	5	3.88560535376735e-08	128680078
240015	1	7.7712107075347e-09	128680078
242231	1	7.7712107075347e-09	128680078
243160	1	7.7712107075347e-09	128680078
243230	3	2.33136321226041e-08	128680078
243233	6	4.66272642452082e-08	128680078
243243	1	7.7712107075347e-09	128680078
243273	1	7.7712107075347e-09	128680078
243274	2	1.55424214150694e-08	128680078
243275	2	1.55424214150694e-08	128680078
243365	6	4.66272642452082e-08	128680078
245014	1	7.7712107075347e-09	128680078
246196	16	1.24339371320555e-07	128680078
246197	1	7.7712107075347e-09	128680078
246198	14	1.08796949905486e-07	128680078
247156	2	1.55424214150694e-08	128680078
251221	1	7.7712107075347e-09	128680078
251229	2	1.55424214150694e-08	128680078
257310	10	7.7712107075347e-08	128680078
257311	2	1.55424214150694e-08	128680078
257313	9	6.99408963678123e-08	128680078
258594	1	7.7712107075347e-09	128680078
259536	2	1.55424214150694e-08	128680078
262316	2	1.55424214150694e-08	128680078
262543	7	5.43984749527429e-08	128680078
262724	89	6.91637752970588e-07	128680078
262727	1	7.7712107075347e-09	128680078
263358	4	3.10848428301388e-08	128680078
264198	24	1.86509056980833e-07	128680078
264199	7	5.43984749527429e-08	128680078
264201	4	3.10848428301388e-08	128680078
264203	1	7.7712107075347e-09	128680078
264730	2	1.55424214150694e-08	128680078
264731	1	7.7712107075347e-09	128680078
265072	11	8.54833177828817e-08	128680078
266117	7	5.43984749527429e-08	128680078
266264	39	3.03077217593853e-07	128680078
266265	20	1.55424214150694e-07	128680078
266779	5	3.88560535376735e-08	128680078
266834	4	3.10848428301388e-08	128680078
266835	3	2.33136321226041e-08	128680078
266940	1	7.7712107075347e-09	128680078
267608	15	1.1656816061302e-07	128680078
267747	149	1.15791039542267e-06	128680078
269084	1	7.7712107075347e-09	128680078
269482	11	8.54833177828817e-08	128680078
269798	2	1.55424214150694e-08	128680078
269799	1	7.7712107075347e-09	128680078
272560	1	7.7712107075347e-09	128680078
272561	1	7.7712107075347e-09	128680078
272620	40	3.10848428301388e-07	128680078
272622	38	2.95306006886318e-07	128680078
272623	7	5.43984749527429e-08	128680078
272630	18	1.39881792735625e-07	128680078
272631	1	7.7712107075347e-09	128680078
272942	1	7.7712107075347e-09	128680078
273133	3	2.33136321226041e-08	128680078
278137	2	1.55424214150694e-08	128680078
279010	24	1.86509056980833e-07	128680078
279238	14	1.08796949905486e-07	128680078
279808	40	3.10848428301388e-07	128680078
280463	19	1.47653003443159e-07	128680078
280699	3	2.33136321226041e-08	128680078
280701	3	2.33136321226041e-08	128680078
281090	5	3.88560535376735e-08	128680078
281310	3	2.33136321226041e-08	128680078
282458	4	3.10848428301388e-08	128680078
284590	2	1.55424214150694e-08	128680078
284591	4	3.10848428301388e-08	128680078
284592	3	2.33136321226041e-08	128680078
284593	8	6.21696856602776e-08	128680078
284811	2	1.55424214150694e-08	128680078
288000	8	6.21696856602776e-08	128680078
290338	5	3.88560535376735e-08	128680078
290339	15	1.1656816061302e-07	128680078
290340	15	1.1656816061302e-07	128680078
290397	1	7.7712107075347e-09	128680078
290398	1	7.7712107075347e-09	128680078
290399	10	7.7712107075347e-08	128680078
290400	1	7.7712107075347e-09	128680078
292415	12	9.32545284904164e-08	128680078
292459	4	3.10848428301388e-08	128680078
292564	6	4.66272642452082e-08	128680078
295405	1	7.7712107075347e-09	128680078
296543	13	1.01025739197951e-07	128680078
296591	17	1.3211058202809e-07	128680078
298386	4	3.10848428301388e-08	128680078
298653	2	1.55424214150694e-08	128680078
298654	1	7.7712107075347e-09	128680078
299768	3	2.33136321226041e-08	128680078
300267	1	7.7712107075347e-09	128680078
300269	3	2.33136321226041e-08	128680078
300852	67	5.20671117404825e-07	128680078
304863	4	3.10848428301388e-08	128680078
306537	14	1.08796949905486e-07	128680078
309800	2	1.55424214150694e-08	128680078
311402	3	2.33136321226041e-08	128680078
312153	1	7.7712107075347e-09	128680078
312309	1	7.7712107075347e-09	128680078
313598	4	3.10848428301388e-08	128680078
314225	5	3.88560535376735e-08	128680078
314260	2	1.55424214150694e-08	128680078
314565	58	4.50730221037012e-07	128680078
315730	5	3.88560535376735e-08	128680078
315750	1	7.7712107075347e-09	128680078
316055	3	2.33136321226041e-08	128680078
316056	3	2.33136321226041e-08	128680078
316057	1	7.7712107075347e-09	128680078
316058	2	1.55424214150694e-08	128680078
316273	9	6.99408963678123e-08	128680078
316278	2	1.55424214150694e-08	128680078
316385	20	1.55424214150694e-07	128680078
316401	1	7.7712107075347e-09	128680078
316407	2	1.55424214150694e-08	128680078
317025	2	1.55424214150694e-08	128680078
317655	25	1.94280267688367e-07	128680078
318167	7	5.43984749527429e-08	128680078
318586	9	6.99408963678123e-08	128680078
319224	5	3.88560535376735e-08	128680078
319795	31	2.40907531933576e-07	128680078
320373	2	1.55424214150694e-08	128680078
320388	10	7.7712107075347e-08	128680078
320389	4	3.10848428301388e-08	128680078
321327	4	3.10848428301388e-08	128680078
321332	2	1.55424214150694e-08	128680078
321967	12	9.32545284904164e-08	128680078
322159	46	3.57475692546596e-07	128680078
322710	17	1.3211058202809e-07	128680078
323097	4	3.10848428301388e-08	128680078
324602	2	1.55424214150694e-08	128680078
324831	3	2.33136321226041e-08	128680078
325240	1	7.7712107075347e-09	128680078
326297	1	7.7712107075347e-09	128680078
326424	2	1.55424214150694e-08	128680078
326425	1	7.7712107075347e-09	128680078
326426	3	2.33136321226041e-08	128680078
326442	1	7.7712107075347e-09	128680078
329726	2	1.55424214150694e-08	128680078
330214	2	1.55424214150694e-08	128680078
330879	2	1.55424214150694e-08	128680078
331111	19	1.47653003443159e-07	128680078
331112	16	1.24339371320555e-07	128680078
331271	28	2.17593899810972e-07	128680078
331272	11	8.54833177828817e-08	128680078
334390	6	4.66272642452082e-08	128680078
334413	13	1.01025739197951e-07	128680078
335284	2	1.55424214150694e-08	128680078
335659	6	4.66272642452082e-08	128680078
338187	2	1.55424214150694e-08	128680078
338969	9	6.99408963678123e-08	128680078
339670	79	6.13925645895241e-07	128680078
340100	51	3.9633174608427e-07	128680078
340322	11	8.54833177828817e-08	128680078
342108	6	4.66272642452082e-08	128680078
342109	2	1.55424214150694e-08	128680078
342451	4	3.10848428301388e-08	128680078
343509	2	1.55424214150694e-08	128680078
344609	7	5.43984749527429e-08	128680078
345219	2	1.55424214150694e-08	128680078
347253	7	5.43984749527429e-08	128680078
347834	1	7.7712107075347e-09	128680078
349101	1	7.7712107075347e-09	128680078
349102	3	2.33136321226041e-08	128680078
349106	5	3.88560535376735e-08	128680078
349124	2	1.55424214150694e-08	128680078
349161	6	4.66272642452082e-08	128680078
349163	3	2.33136321226041e-08	128680078
349215	2	1.55424214150694e-08	128680078
349519	4	3.10848428301388e-08	128680078
349521	1	7.7712107075347e-09	128680078
350054	8	6.21696856602776e-08	128680078
350058	3	2.33136321226041e-08	128680078
351348	18	1.39881792735625e-07	128680078
351605	1	7.7712107075347e-09	128680078
351607	1	7.7712107075347e-09	128680078
351745	2	1.55424214150694e-08	128680078
351746	37	2.87534796178784e-07	128680078
352914	5	3.88560535376735e-08	128680078
353151	2	1.55424214150694e-08	128680078
353153	4	3.10848428301388e-08	128680078
357348	12	9.32545284904164e-08	128680078
357544	1	7.7712107075347e-09	128680078
358220	339	2.63444042985426e-06	128680078
359786	14	1.08796949905486e-07	128680078
359787	5	3.88560535376735e-08	128680078
360094	3	2.33136321226041e-08	128680078
360102	7	5.43984749527429e-08	128680078
360910	9	6.99408963678123e-08	128680078
362242	1	7.7712107075347e-09	128680078
362663	24	1.86509056980833e-07	128680078
365044	39	3.03077217593853e-07	128680078
365046	61	4.74043853159617e-07	128680078
365659	15	1.1656816061302e-07	128680078
366602	10	7.7712107075347e-08	128680078
367928	3	2.33136321226041e-08	128680078
370354	1	7.7712107075347e-09	128680078
373153	23	1.78737846273298e-07	128680078
373384	27	2.09822689103437e-07	128680078
374930	6	4.66272642452082e-08	128680078
374931	5	3.88560535376735e-08	128680078
375286	14	1.08796949905486e-07	128680078
376686	5	3.88560535376735e-08	128680078
376758	4	3.10848428301388e-08	128680078
377628	1	7.7712107075347e-09	128680078
378753	62	4.81815063867151e-07	128680078
378806	1	7.7712107075347e-09	128680078
379731	75	5.82840803065102e-07	128680078
380358	8	6.21696856602776e-08	128680078
380703	11	8.54833177828817e-08	128680078
381666	40	3.10848428301388e-07	128680078
381754	52	4.04102956791804e-07	128680078
382245	44	3.41933271131527e-07	128680078
384676	35	2.71992374763714e-07	128680078
386585	2	1.55424214150694e-08	128680078
387344	1	7.7712107075347e-09	128680078
388396	1	7.7712107075347e-09	128680078
388919	10	7.7712107075347e-08	128680078
390235	25	1.94280267688367e-07	128680078
390874	2	1.55424214150694e-08	128680078
391008	23	1.78737846273298e-07	128680078
391038	3	2.33136321226041e-08	128680078
391295	1	7.7712107075347e-09	128680078
391296	1	7.7712107075347e-09	128680078
391595	2	1.55424214150694e-08	128680078
391619	1	7.7712107075347e-09	128680078
391735	27	2.09822689103437e-07	128680078
391774	1	7.7712107075347e-09	128680078
391904	4	3.10848428301388e-08	128680078
392499	29	2.25365110518506e-07	128680078
393011	2	1.55424214150694e-08	128680078
393595	3	2.33136321226041e-08	128680078
395019	79	6.13925645895241e-07	128680078
395495	64	4.97357485282221e-07	128680078
395960	5	3.88560535376735e-08	128680078
395961	2	1.55424214150694e-08	128680078
396513	1	7.7712107075347e-09	128680078
396588	18	1.39881792735625e-07	128680078
397945	109	8.47061967121282e-07	128680078
398511	1	7.7712107075347e-09	128680078
398527	3	2.33136321226041e-08	128680078
398578	246	1.91171783405354e-06	128680078
398579	1	7.7712107075347e-09	128680078
398580	2	1.55424214150694e-08	128680078
399599	1	7.7712107075347e-09	128680078
399739	59	4.58501431744547e-07	128680078
399742	5	3.88560535376735e-08	128680078
399804	3	2.33136321226041e-08	128680078
400667	94	7.30493806508261e-07	128680078
400756	4	3.10848428301388e-08	128680078
402626	25	1.94280267688367e-07	128680078
402881	9	6.99408963678123e-08	128680078
403677	6	4.66272642452082e-08	128680078
404380	3	2.33136321226041e-08	128680078
404589	1	7.7712107075347e-09	128680078
405416	101	7.84892281461004e-07	128680078
405955	40	3.10848428301388e-07	128680078
406425	10	7.7712107075347e-08	128680078
406818	1	7.7712107075347e-09	128680078
406984	1	7.7712107075347e-09	128680078
407976	1	7.7712107075347e-09	128680078
409438	4	3.10848428301388e-08	128680078
410289	3	2.33136321226041e-08	128680078
412022	3	2.33136321226041e-08	128680078
412133	35	2.71992374763714e-07	128680078
412694	5	3.88560535376735e-08	128680078
413999	4	3.10848428301388e-08	128680078
416344	4	3.10848428301388e-08	128680078
416870	14	1.08796949905486e-07	128680078
419610	19	1.47653003443159e-07	128680078
419947	1	7.7712107075347e-09	128680078
420246	16	1.24339371320555e-07	128680078
420662	57	4.42959010329478e-07	128680078
423368	29	2.25365110518506e-07	128680078
423536	1	7.7712107075347e-09	128680078
424182	3	2.33136321226041e-08	128680078
425011	5	3.88560535376735e-08	128680078
426114	12	9.32545284904164e-08	128680078
426117	10	7.7712107075347e-08	128680078
426355	34	2.6422116405618e-07	128680078
426430	17	1.3211058202809e-07	128680078
428406	55	4.27416588914408e-07	128680078
429009	1	7.7712107075347e-09	128680078
431895	3	2.33136321226041e-08	128680078
431946	2	1.55424214150694e-08	128680078
435590	3	2.33136321226041e-08	128680078
435591	4	3.10848428301388e-08	128680078
435998	2	1.55424214150694e-08	128680078
436717	44	3.41933271131527e-07	128680078
438753	3	2.33136321226041e-08	128680078
439375	3	2.33136321226041e-08	128680078
439843	108	8.39290756413747e-07	128680078
439855	16	1.24339371320555e-07	128680078
440085	20	1.55424214150694e-07	128680078
441620	25	1.94280267688367e-07	128680078
441768	2	1.55424214150694e-08	128680078
443143	3	2.33136321226041e-08	128680078
443218	1	7.7712107075347e-09	128680078
443906	1	7.7712107075347e-09	128680078
444177	3	2.33136321226041e-08	128680078
444178	1	7.7712107075347e-09	128680078
446462	7	5.43984749527429e-08	128680078
446465	10	7.7712107075347e-08	128680078
446466	2	1.55424214150694e-08	128680078
446468	3	2.33136321226041e-08	128680078
446469	4	3.10848428301388e-08	128680078
446471	1	7.7712107075347e-09	128680078
447217	3	2.33136321226041e-08	128680078
448385	3	2.33136321226041e-08	128680078
450851	11	8.54833177828817e-08	128680078
451516	1	7.7712107075347e-09	128680078
452652	2	1.55424214150694e-08	128680078
452662	27	2.09822689103437e-07	128680078
452863	1	7.7712107075347e-09	128680078
454169	108	8.39290756413747e-07	128680078
455488	3	2.33136321226041e-08	128680078
455632	1	7.7712107075347e-09	128680078
457425	2	1.55424214150694e-08	128680078
458233	5	3.88560535376735e-08	128680078
459424	4	3.10848428301388e-08	128680078
460265	16	1.24339371320555e-07	128680078
464988	6	4.66272642452082e-08	128680078
465515	136	1.05688465622472e-06	128680078
467705	5	3.88560535376735e-08	128680078
469383	2	1.55424214150694e-08	128680078
469604	3	2.33136321226041e-08	128680078
469607	5	3.88560535376735e-08	128680078
471223	5	3.88560535376735e-08	128680078
471852	3	2.33136321226041e-08	128680078
471853	1	7.7712107075347e-09	128680078
471857	1	7.7712107075347e-09	128680078
477641	3	2.33136321226041e-08	128680078
478433	1	7.7712107075347e-09	128680078
478434	1	7.7712107075347e-09	128680078
478801	9	6.99408963678123e-08	128680078
479431	3	2.33136321226041e-08	128680078
479432	10	7.7712107075347e-08	128680078
479433	2	1.55424214150694e-08	128680078
479434	1	7.7712107075347e-09	128680078
479435	2	1.55424214150694e-08	128680078
479436	6	4.66272642452082e-08	128680078
480119	32	2.4867874264111e-07	128680078
480224	2	1.55424214150694e-08	128680078
481805	39	3.03077217593853e-07	128680078
481877	1	7.7712107075347e-09	128680078
482957	7	5.43984749527429e-08	128680078
483179	1	7.7712107075347e-09	128680078
484020	1	7.7712107075347e-09	128680078
484021	8	6.21696856602776e-08	128680078
487213	13	1.01025739197951e-07	128680078
487214	5	3.88560535376735e-08	128680078
487521	3	2.33136321226041e-08	128680078
488223	2	1.55424214150694e-08	128680078
491915	6	4.66272642452082e-08	128680078
497978	34	2.6422116405618e-07	128680078
498216	2	1.55424214150694e-08	128680078
498761	1	7.7712107075347e-09	128680078
502025	9	6.99408963678123e-08	128680078
504474	15	1.1656816061302e-07	128680078
504728	84	6.52781699432915e-07	128680078
504832	4	3.10848428301388e-08	128680078
507522	10	7.7712107075347e-08	128680078
508771	1	7.7712107075347e-09	128680078
509169	93	7.22722595800727e-07	128680078
509170	53	4.11874167499339e-07	128680078
509173	144	1.119054341885e-06	128680078
509190	6	4.66272642452082e-08	128680078
510516	6	4.66272642452082e-08	128680078
511062	1	7.7712107075347e-09	128680078
511691	2	1.55424214150694e-08	128680078
512565	2	1.55424214150694e-08	128680078
512566	7	5.43984749527429e-08	128680078
515619	4	3.10848428301388e-08	128680078
515620	2	1.55424214150694e-08	128680078
516950	7	5.43984749527429e-08	128680078
517418	1	7.7712107075347e-09	128680078
521006	2	1.55424214150694e-08	128680078
521096	2	1.55424214150694e-08	128680078
521097	9	6.99408963678123e-08	128680078
521674	2	1.55424214150694e-08	128680078
522306	8	6.21696856602776e-08	128680078
522373	43	3.34162060423992e-07	128680078
523791	4	3.10848428301388e-08	128680078
523796	3	2.33136321226041e-08	128680078
525284	56	4.35187799621943e-07	128680078
525381	8	6.21696856602776e-08	128680078
525919	6	4.66272642452082e-08	128680078
526225	2	1.55424214150694e-08	128680078
526226	7	5.43984749527429e-08	128680078
526227	73	5.67298381650033e-07	128680078
529507	2	1.55424214150694e-08	128680078
531844	14	1.08796949905486e-07	128680078
535289	385	2.99191612240086e-06	128680078
536019	4	3.10848428301388e-08	128680078
536056	15	1.1656816061302e-07	128680078
536230	1	7.7712107075347e-09	128680078
537457	4	3.10848428301388e-08	128680078
543728	74	5.75069592357568e-07	128680078
543734	2	1.55424214150694e-08	128680078
543891	32	2.4867874264111e-07	128680078
543913	8	6.21696856602776e-08	128680078
544556	8	6.21696856602776e-08	128680078
546269	1	7.7712107075347e-09	128680078
546342	2	1.55424214150694e-08	128680078
546414	4	3.10848428301388e-08	128680078
548473	15	1.1656816061302e-07	128680078
548476	41	3.18619639008923e-07	128680078
550537	1	7.7712107075347e-09	128680078
550538	1	7.7712107075347e-09	128680078
550542	6	4.66272642452082e-08	128680078
553174	2	1.55424214150694e-08	128680078
553190	28	2.17593899810972e-07	128680078
553199	6372	4.95181546284111e-05	128680078
555778	2	1.55424214150694e-08	128680078
556484	1	7.7712107075347e-09	128680078
557598	3	2.33136321226041e-08	128680078
557600	31	2.40907531933576e-07	128680078
557722	218	1.69412393424256e-06	128680078
559292	36	2.79763585471249e-07	128680078
559295	2	1.55424214150694e-08	128680078
561229	2	1.55424214150694e-08	128680078
561230	1	7.7712107075347e-09	128680078
561276	1	7.7712107075347e-09	128680078
561304	1	7.7712107075347e-09	128680078
565040	1	7.7712107075347e-09	128680078
565042	1	7.7712107075347e-09	128680078
565050	18	1.39881792735625e-07	128680078
568703	1	7.7712107075347e-09	128680078
568704	1	7.7712107075347e-09	128680078
568706	4	3.10848428301388e-08	128680078
568707	9	6.99408963678123e-08	128680078
571800	1	7.7712107075347e-09	128680078
572477	1	7.7712107075347e-09	128680078
573065	4	3.10848428301388e-08	128680078
573370	3	2.33136321226041e-08	128680078
573729	6	4.66272642452082e-08	128680078
574093	3	2.33136321226041e-08	128680078
574521	1	7.7712107075347e-09	128680078
575614	1	7.7712107075347e-09	128680078
578455	8	6.21696856602776e-08	128680078
578461	1	7.7712107075347e-09	128680078
580327	2	1.55424214150694e-08	128680078
580332	2	1.55424214150694e-08	128680078
582744	6	4.66272642452082e-08	128680078
582899	1	7.7712107075347e-09	128680078
583345	14	1.08796949905486e-07	128680078
585034	2	1.55424214150694e-08	128680078
585054	2	1.55424214150694e-08	128680078
585057	6	4.66272642452082e-08	128680078
585143	4	3.10848428301388e-08	128680078
585394	1	7.7712107075347e-09	128680078
585396	108	8.39290756413747e-07	128680078
589865	1	7.7712107075347e-09	128680078
591020	2	1.55424214150694e-08	128680078
591167	5	3.88560535376735e-08	128680078
591946	1	7.7712107075347e-09	128680078
593588	3	2.33136321226041e-08	128680078
593907	2	1.55424214150694e-08	128680078
595494	2	1.55424214150694e-08	128680078
595495	12	9.32545284904164e-08	128680078
595496	5	3.88560535376735e-08	128680078
595528	2	1.55424214150694e-08	128680078
595537	49	3.807893246692e-07	128680078
596153	126	9.79172549149372e-07	128680078
596154	110	8.54833177828817e-07	128680078
600809	1	7.7712107075347e-09	128680078
604162	1	7.7712107075347e-09	128680078
622759	1	7.7712107075347e-09	128680078
626418	6	4.66272642452082e-08	128680078
627192	15	1.1656816061302e-07	128680078
630588	2	1.55424214150694e-08	128680078
632772	9	6.99408963678123e-08	128680078
633135	1	7.7712107075347e-09	128680078
633149	4	3.10848428301388e-08	128680078
634176	3	2.33136321226041e-08	128680078
634177	1	7.7712107075347e-09	128680078
634452	1	7.7712107075347e-09	128680078
634499	1	7.7712107075347e-09	128680078
634500	1	7.7712107075347e-09	128680078
634956	1	7.7712107075347e-09	128680078
637379	8	6.21696856602776e-08	128680078
637730	2	1.55424214150694e-08	128680078
637910	4	3.10848428301388e-08	128680078
639283	5	3.88560535376735e-08	128680078
640081	60	4.66272642452082e-07	128680078
640131	5	3.88560535376735e-08	128680078
640510	3	2.33136321226041e-08	128680078
640512	7	5.43984749527429e-08	128680078
640513	8	6.21696856602776e-08	128680078
643561	67	5.20671117404825e-07	128680078
643562	2	1.55424214150694e-08	128680078
644223	1	7.7712107075347e-09	128680078
644282	1	7.7712107075347e-09	128680078
644283	4	3.10848428301388e-08	128680078
644651	1	7.7712107075347e-09	128680078
644801	18	1.39881792735625e-07	128680078
645127	36	2.79763585471249e-07	128680078
648996	3	2.33136321226041e-08	128680078
648999	3	2.33136321226041e-08	128680078
649638	1	7.7712107075347e-09	128680078
649831	3	2.33136321226041e-08	128680078
652103	3	2.33136321226041e-08	128680078
653045	3	2.33136321226041e-08	128680078
653733	2	1.55424214150694e-08	128680078
657308	1	7.7712107075347e-09	128680078
657309	6	4.66272642452082e-08	128680078
657310	3	2.33136321226041e-08	128680078
657317	1	7.7712107075347e-09	128680078
657318	1	7.7712107075347e-09	128680078
657319	1	7.7712107075347e-09	128680078
657322	2	1.55424214150694e-08	128680078
657323	1	7.7712107075347e-09	128680078
661410	16	1.24339371320555e-07	128680078
662598	2	1.55424214150694e-08	128680078
662755	11	8.54833177828817e-08	128680078
663918	1	7.7712107075347e-09	128680078
663951	3	2.33136321226041e-08	128680078
666681	4	3.10848428301388e-08	128680078
666685	3	2.33136321226041e-08	128680078
667015	1	7.7712107075347e-09	128680078
670487	6	4.66272642452082e-08	128680078
675635	1	7.7712107075347e-09	128680078
679935	3	2.33136321226041e-08	128680078
680198	2	1.55424214150694e-08	128680078
680646	14	1.08796949905486e-07	128680078
681288	2	1.55424214150694e-08	128680078
683837	1	7.7712107075347e-09	128680078
684738	7	5.43984749527429e-08	128680078
685727	5	3.88560535376735e-08	128680078
688245	39	3.03077217593853e-07	128680078
690566	16	1.24339371320555e-07	128680078
691437	12	9.32545284904164e-08	128680078
693216	1	7.7712107075347e-09	128680078
693444	4	3.10848428301388e-08	128680078
693974	1	7.7712107075347e-09	128680078
693977	1	7.7712107075347e-09	128680078
693978	7	5.43984749527429e-08	128680078
693982	1	7.7712107075347e-09	128680078
696747	2	1.55424214150694e-08	128680078
696749	16	1.24339371320555e-07	128680078
697283	1	7.7712107075347e-09	128680078
698737	7	5.43984749527429e-08	128680078
698948	3	2.33136321226041e-08	128680078
698962	7	5.43984749527429e-08	128680078
698964	3	2.33136321226041e-08	128680078
698965	4	3.10848428301388e-08	128680078
698968	3	2.33136321226041e-08	128680078
698970	3	2.33136321226041e-08	128680078
698972	5	3.88560535376735e-08	128680078
699246	2	1.55424214150694e-08	128680078
700508	3	2.33136321226041e-08	128680078
701347	2	1.55424214150694e-08	128680078
702113	3	2.33136321226041e-08	128680078
702459	3	2.33136321226041e-08	128680078
703613	1	7.7712107075347e-09	128680078
706191	1	7.7712107075347e-09	128680078
710421	2	1.55424214150694e-08	128680078
710685	4	3.10848428301388e-08	128680078
710696	1	7.7712107075347e-09	128680078
712898	4	3.10848428301388e-08	128680078
712938	4	3.10848428301388e-08	128680078
713604	1	7.7712107075347e-09	128680078
715451	1	7.7712107075347e-09	128680078
716541	30	2.33136321226041e-07	128680078
716544	1	7.7712107075347e-09	128680078
717774	1	7.7712107075347e-09	128680078
717961	1	7.7712107075347e-09	128680078
718254	15	1.1656816061302e-07	128680078
741091	3	2.33136321226041e-08	128680078
742013	180	1.39881792735625e-06	128680078
743525	1240	9.63630127734302e-06	128680078
743718	3	2.33136321226041e-08	128680078
743720	10	7.7712107075347e-08	128680078
743721	5	3.88560535376735e-08	128680078
743722	1	7.7712107075347e-09	128680078
745277	1	7.7712107075347e-09	128680078
745310	14	1.08796949905486e-07	128680078
745776	5	3.88560535376735e-08	128680078
746361	2	1.55424214150694e-08	128680078
748247	5	3.88560535376735e-08	128680078
748280	4	3.10848428301388e-08	128680078
749219	3	2.33136321226041e-08	128680078
749414	3	2.33136321226041e-08	128680078
749927	3	2.33136321226041e-08	128680078
751945	101	7.84892281461004e-07	128680078
754035	9	6.99408963678123e-08	128680078
754252	4	3.10848428301388e-08	128680078
754477	8	6.21696856602776e-08	128680078
757424	42	3.26390849716457e-07	128680078
758793	2	1.55424214150694e-08	128680078
759350	1	7.7712107075347e-09	128680078
760192	1	7.7712107075347e-09	128680078
760570	9	6.99408963678123e-08	128680078
762051	2	1.55424214150694e-08	128680078
762376	33	2.56449953348645e-07	128680078
762633	221	1.71743756636517e-06	128680078
762903	1	7.7712107075347e-09	128680078
762948	2	1.55424214150694e-08	128680078
765698	6	4.66272642452082e-08	128680078
765874	1	7.7712107075347e-09	128680078
765911	1	7.7712107075347e-09	128680078
765912	8	6.21696856602776e-08	128680078
765952	4	3.10848428301388e-08	128680078
767029	4	3.10848428301388e-08	128680078
767031	2	1.55424214150694e-08	128680078
767434	3	2.33136321226041e-08	128680078
767453	1	7.7712107075347e-09	128680078
767462	1	7.7712107075347e-09	128680078
767463	39	3.03077217593853e-07	128680078
768066	6	4.66272642452082e-08	128680078
768490	1	7.7712107075347e-09	128680078
768492	1	7.7712107075347e-09	128680078
798128	164	1.27447855603569e-06	128680078
856793	4	3.10848428301388e-08	128680078
858619	9	6.99408963678123e-08	128680078
859655	9	6.99408963678123e-08	128680078
859656	11	8.54833177828817e-08	128680078
859657	10	7.7712107075347e-08	128680078
861360	5	3.88560535376735e-08	128680078
862719	3	2.33136321226041e-08	128680078
862962	3	2.33136321226041e-08	128680078
862964	1	7.7712107075347e-09	128680078
862965	17	1.3211058202809e-07	128680078
862967	2	1.55424214150694e-08	128680078
862970	5	3.88560535376735e-08	128680078
862971	3	2.33136321226041e-08	128680078
863767	1	7.7712107075347e-09	128680078
865938	4	3.10848428301388e-08	128680078
866536	2	1.55424214150694e-08	128680078
866630	1	7.7712107075347e-09	128680078
866768	16	1.24339371320555e-07	128680078
866777	3	2.33136321226041e-08	128680078
866895	1	7.7712107075347e-09	128680078
868597	16	1.24339371320555e-07	128680078
868864	1	7.7712107075347e-09	128680078
869210	14	1.08796949905486e-07	128680078
869215	1	7.7712107075347e-09	128680078
869306	1	7.7712107075347e-09	128680078
869309	15	1.1656816061302e-07	128680078
869816	1	7.7712107075347e-09	128680078
871585	60	4.66272642452082e-07	128680078
875328	3	2.33136321226041e-08	128680078
879243	2	1.55424214150694e-08	128680078
880758	17	1.3211058202809e-07	128680078
881621	1	7.7712107075347e-09	128680078
882884	3	2.33136321226041e-08	128680078
883062	2	1.55424214150694e-08	128680078
884204	4	3.10848428301388e-08	128680078
886293	4	3.10848428301388e-08	128680078
886377	1	7.7712107075347e-09	128680078
887061	1	7.7712107075347e-09	128680078
889738	19	1.47653003443159e-07	128680078
890402	2	1.55424214150694e-08	128680078
891968	1	7.7712107075347e-09	128680078
907240	1	7.7712107075347e-09	128680078
908937	2	1.55424214150694e-08	128680078
909420	1	7.7712107075347e-09	128680078
909952	483	3.75349477173926e-06	128680078
909954	2	1.55424214150694e-08	128680078
910348	7	5.43984749527429e-08	128680078
926562	4	3.10848428301388e-08	128680078
926570	4	3.10848428301388e-08	128680078
927666	35	2.71992374763714e-07	128680078
929102	6	4.66272642452082e-08	128680078
929556	1	7.7712107075347e-09	128680078
930169	2	1.55424214150694e-08	128680078
930171	2	1.55424214150694e-08	128680078
931281	4	3.10848428301388e-08	128680078
935296	6	4.66272642452082e-08	128680078
935589	2	1.55424214150694e-08	128680078
935591	3	2.33136321226041e-08	128680078
935593	1	7.7712107075347e-09	128680078
935897	1	7.7712107075347e-09	128680078
936153	5	3.88560535376735e-08	128680078
936156	1	7.7712107075347e-09	128680078
936157	3	2.33136321226041e-08	128680078
937777	1	7.7712107075347e-09	128680078
940296	2	1.55424214150694e-08	128680078
941193	62	4.81815063867151e-07	128680078
941639	1	7.7712107075347e-09	128680078
944547	1	7.7712107075347e-09	128680078
945021	2	1.55424214150694e-08	128680078
945556	6	4.66272642452082e-08	128680078
945713	1	7.7712107075347e-09	128680078
946362	9	6.99408963678123e-08	128680078
946483	3	2.33136321226041e-08	128680078
953739	1	7.7712107075347e-09	128680078
956149	1	7.7712107075347e-09	128680078
977880	20	1.55424214150694e-07	128680078
979556	2	1.55424214150694e-08	128680078
980514	5	3.88560535376735e-08	128680078
981222	3	2.33136321226041e-08	128680078
983917	35	2.71992374763714e-07	128680078
985002	4	3.10848428301388e-08	128680078
990315	55	4.27416588914408e-07	128680078
991905	4	3.10848428301388e-08	128680078
994484	11	8.54833177828817e-08	128680078
996285	32	2.4867874264111e-07	128680078
998088	19	1.47653003443159e-07	128680078
999541	13	1.01025739197951e-07	128680078
999552	2	1.55424214150694e-08	128680078
1001583	1	7.7712107075347e-09	128680078
1001585	36	2.79763585471249e-07	128680078
1003195	4	3.10848428301388e-08	128680078
1005048	13	1.01025739197951e-07	128680078
1006543	1	7.7712107075347e-09	128680078
1006551	2	1.55424214150694e-08	128680078
1007105	2	1.55424214150694e-08	128680078
1008459	2	1.55424214150694e-08	128680078
1009464	50	3.88560535376735e-07	128680078
1009846	5	3.88560535376735e-08	128680078
1016998	2	1.55424214150694e-08	128680078
1017264	2	1.55424214150694e-08	128680078
1028307	3	2.33136321226041e-08	128680078
1029718	1	7.7712107075347e-09	128680078
1031709	258	2.00497236254395e-06	128680078
1031710	1	7.7712107075347e-09	128680078
1031711	9	6.99408963678123e-08	128680078
1032480	1	7.7712107075347e-09	128680078
1034807	2	1.55424214150694e-08	128680078
1034809	2	1.55424214150694e-08	128680078
1037409	10	7.7712107075347e-08	128680078
1037911	79	6.13925645895241e-07	128680078
1041826	1	7.7712107075347e-09	128680078
1042876	20	1.55424214150694e-07	128680078
1042878	9	6.99408963678123e-08	128680078
1045855	12	9.32545284904164e-08	128680078
1045856	8	6.21696856602776e-08	128680078
1046629	11	8.54833177828817e-08	128680078
1048332	7	5.43984749527429e-08	128680078
1048689	1	7.7712107075347e-09	128680078
1049565	3	2.33136321226041e-08	128680078
1051074	13	1.01025739197951e-07	128680078
1054460	7	5.43984749527429e-08	128680078
1064539	4	3.10848428301388e-08	128680078
1064592	1	7.7712107075347e-09	128680078
1069533	2	1.55424214150694e-08	128680078
1071381	1	7.7712107075347e-09	128680078
1071382	2	1.55424214150694e-08	128680078
1074919	1	7.7712107075347e-09	128680078
1076934	1	7.7712107075347e-09	128680078
1081093	1	7.7712107075347e-09	128680078
1089456	201	1.56201335221447e-06	128680078
1091045	2128	1.65371363856338e-05	128680078
1093787	39	3.03077217593853e-07	128680078
1094466	1	7.7712107075347e-09	128680078
1095774	1	7.7712107075347e-09	128680078
1096995	3	2.33136321226041e-08	128680078
1096996	25	1.94280267688367e-07	128680078
1097668	13	1.01025739197951e-07	128680078
1100841	3	2.33136321226041e-08	128680078
1104320	1	7.7712107075347e-09	128680078
1104322	28	2.17593899810972e-07	128680078
1104326	19	1.47653003443159e-07	128680078
1107880	36	2.79763585471249e-07	128680078
1110502	4	3.10848428301388e-08	128680078
1111068	8	6.21696856602776e-08	128680078
1111069	147	1.1423679740076e-06	128680078
1111678	13	1.01025739197951e-07	128680078
1112204	1	7.7712107075347e-09	128680078
1114965	3	2.33136321226041e-08	128680078
1114966	46	3.57475692546596e-07	128680078
1114967	404	3.13956912584402e-06	128680078
1114969	5836	4.53527856891725e-05	128680078
1114970	10	7.7712107075347e-08	128680078
1116231	2	1.55424214150694e-08	128680078
1116375	1	7.7712107075347e-09	128680078
1117943	4	3.10848428301388e-08	128680078
1118963	2	1.55424214150694e-08	128680078
1120755	2	1.55424214150694e-08	128680078
1121362	5	3.88560535376735e-08	128680078
1123519	12	9.32545284904164e-08	128680078
1123863	1	7.7712107075347e-09	128680078
1124983	11	8.54833177828817e-08	128680078
1124991	2	1.55424214150694e-08	128680078
1125630	2	1.55424214150694e-08	128680078
1127134	1	7.7712107075347e-09	128680078
1133849	4	3.10848428301388e-08	128680078
1133850	2	1.55424214150694e-08	128680078
1133853	3	2.33136321226041e-08	128680078
1134454	3046	2.36711078151507e-05	128680078
1136179	253	1.96611630900628e-06	128680078
1137651	5	3.88560535376735e-08	128680078
1138382	1	7.7712107075347e-09	128680078
1138383	4	3.10848428301388e-08	128680078
1138871	1	7.7712107075347e-09	128680078
1144275	2	1.55424214150694e-08	128680078
1146883	4	3.10848428301388e-08	128680078
1150469	2	1.55424214150694e-08	128680078
1151116	2	1.55424214150694e-08	128680078
1155071	2	1.55424214150694e-08	128680078
1156431	2	1.55424214150694e-08	128680078
1156433	5	3.88560535376735e-08	128680078
1156913	1	7.7712107075347e-09	128680078
1163399	44	3.41933271131527e-07	128680078
1163748	4	3.10848428301388e-08	128680078
1166130	1	7.7712107075347e-09	128680078
1167634	30	2.33136321226041e-07	128680078
1170318	205	1.59309819504461e-06	128680078
1170562	1	7.7712107075347e-09	128680078
1171373	8	6.21696856602776e-08	128680078
1173020	3	2.33136321226041e-08	128680078
1173025	2	1.55424214150694e-08	128680078
1179773	1	7.7712107075347e-09	128680078
1185652	6	4.66272642452082e-08	128680078
1187956	7	5.43984749527429e-08	128680078
1191061	6	4.66272642452082e-08	128680078
1192196	1	7.7712107075347e-09	128680078
1193292	3	2.33136321226041e-08	128680078
1194526	18	1.39881792735625e-07	128680078
1195464	1	7.7712107075347e-09	128680078
1196325	19	1.47653003443159e-07	128680078
1196835	20	1.55424214150694e-07	128680078
1198114	3	2.33136321226041e-08	128680078
1198676	2	1.55424214150694e-08	128680078
1199187	2	1.55424214150694e-08	128680078
1202772	2	1.55424214150694e-08	128680078
1203460	1	7.7712107075347e-09	128680078
1204414	3	2.33136321226041e-08	128680078
1205910	2	1.55424214150694e-08	128680078
1206105	6	4.66272642452082e-08	128680078
1207075	14	1.08796949905486e-07	128680078
1208658	2	1.55424214150694e-08	128680078
1208660	6	4.66272642452082e-08	128680078
1208918	1	7.7712107075347e-09	128680078
1211025	7	5.43984749527429e-08	128680078
1211579	24	1.86509056980833e-07	128680078
1214101	3	2.33136321226041e-08	128680078
1215088	29	2.25365110518506e-07	128680078
1216976	29	2.25365110518506e-07	128680078
1218933	1	7.7712107075347e-09	128680078
1219076	1	7.7712107075347e-09	128680078
1224163	1	7.7712107075347e-09	128680078
1228997	4	3.10848428301388e-08	128680078
1229205	2	1.55424214150694e-08	128680078
1229758	4	3.10848428301388e-08	128680078
1229785	1	7.7712107075347e-09	128680078
1233873	7	5.43984749527429e-08	128680078
1234380	37	2.87534796178784e-07	128680078
1234679	1	7.7712107075347e-09	128680078
1244085	1	7.7712107075347e-09	128680078
1245469	2	1.55424214150694e-08	128680078
1245471	12	9.32545284904164e-08	128680078
1246301	51	3.9633174608427e-07	128680078
1246995	4	3.10848428301388e-08	128680078
1249634	1	7.7712107075347e-09	128680078
1249661	2	1.55424214150694e-08	128680078
1254432	2	1.55424214150694e-08	128680078
1254439	3	2.33136321226041e-08	128680078
1257118	3	2.33136321226041e-08	128680078
1262161	1	7.7712107075347e-09	128680078
1262456	6	4.66272642452082e-08	128680078
1265601	5	3.88560535376735e-08	128680078
1266738	2	1.55424214150694e-08	128680078
1267577	1	7.7712107075347e-09	128680078
1267753	1	7.7712107075347e-09	128680078
1267754	8	6.21696856602776e-08	128680078
1271862	2	1.55424214150694e-08	128680078
1271863	4	3.10848428301388e-08	128680078
1274814	1	7.7712107075347e-09	128680078
1276282	9	6.99408963678123e-08	128680078
1278073	6	4.66272642452082e-08	128680078
1279007	10	7.7712107075347e-08	128680078
1279008	26	2.02051478395902e-07	128680078
1280938	14	1.08796949905486e-07	128680078
1282356	12	9.32545284904164e-08	128680078
1283331	7	5.43984749527429e-08	128680078
1284663	1	7.7712107075347e-09	128680078
1286170	2	1.55424214150694e-08	128680078
1288394	11	8.54833177828817e-08	128680078
1294143	21	1.63195424858229e-07	128680078
1295826	4	3.10848428301388e-08	128680078
1302863	7	5.43984749527429e-08	128680078
1303692	1	7.7712107075347e-09	128680078
1304892	19	1.47653003443159e-07	128680078
1310161	2	1.55424214150694e-08	128680078
1313172	1	7.7712107075347e-09	128680078
1318615	2	1.55424214150694e-08	128680078
1321369	1	7.7712107075347e-09	128680078
1323661	2	1.55424214150694e-08	128680078
1327988	1	7.7712107075347e-09	128680078
1328306	2	1.55424214150694e-08	128680078
1331671	23	1.78737846273298e-07	128680078
1332188	6	4.66272642452082e-08	128680078
1335307	1	7.7712107075347e-09	128680078
1335757	4	3.10848428301388e-08	128680078
1340851	67	5.20671117404825e-07	128680078
1343740	4	3.10848428301388e-08	128680078
1345697	5	3.88560535376735e-08	128680078
1346614	3	2.33136321226041e-08	128680078
1348662	3	2.33136321226041e-08	128680078
1367477	2	1.55424214150694e-08	128680078
1380774	2	1.55424214150694e-08	128680078
1380908	2	1.55424214150694e-08	128680078
1382700	1	7.7712107075347e-09	128680078
1389489	3	2.33136321226041e-08	128680078
1394711	1	7.7712107075347e-09	128680078
1394889	2	1.55424214150694e-08	128680078
1399115	1	7.7712107075347e-09	128680078
1400867	23	1.78737846273298e-07	128680078
1401659	3	2.33136321226041e-08	128680078
1408272	13	1.01025739197951e-07	128680078
1415629	5	3.88560535376735e-08	128680078
1415630	16	1.24339371320555e-07	128680078
1416914	3	2.33136321226041e-08	128680078
1423144	2	1.55424214150694e-08	128680078
1427342	34	2.6422116405618e-07	128680078
1430440	4	3.10848428301388e-08	128680078
1435044	8	6.21696856602776e-08	128680078
1435356	8	6.21696856602776e-08	128680078
1436140	4	3.10848428301388e-08	128680078
