Tax.ID	Frequency	Proportion	Total
394	11	2.22447230966758e-07	49449930
882	3	6.06674266272975e-08	49449930
883	1	2.02224755424325e-08	49449930
1140	2	4.0444951084865e-08	49449930
1511	13	2.62892182051623e-07	49449930
2110	1	2.02224755424325e-08	49449930
2762	7	1.41557328797028e-07	49449930
2769	6	1.21334853254595e-07	49449930
2771	5	1.01112377712163e-07	49449930
2787	13	2.62892182051623e-07	49449930
2829	18	3.64004559763785e-07	49449930
2832	2	4.0444951084865e-08	49449930
2839	67	1.35490586134298e-06	49449930
2850	117	2.3660296384646e-06	49449930
2876	1	2.02224755424325e-08	49449930
2880	12	2.4266970650919e-07	49449930
2898	1	2.02224755424325e-08	49449930
2903	2	4.0444951084865e-08	49449930
3037	2	4.0444951084865e-08	49449930
3040	1	2.02224755424325e-08	49449930
4770	1	2.02224755424325e-08	49449930
4950	7	1.41557328797028e-07	49449930
5061	1	2.02224755424325e-08	49449930
5145	3	6.06674266272975e-08	49449930
5270	1	2.02224755424325e-08	49449930
5518	13	2.62892182051623e-07	49449930
5661	7	1.41557328797028e-07	49449930
5762	1	2.02224755424325e-08	49449930
5778	1	2.02224755424325e-08	49449930
5786	8	1.6177980433946e-07	49449930
5851	8	1.6177980433946e-07	49449930
5872	1	2.02224755424325e-08	49449930
5885	3	6.06674266272975e-08	49449930
5901	3	6.06674266272975e-08	49449930
5911	14	2.83114657594055e-07	49449930
5932	20	4.0444951084865e-07	49449930
10760	1	2.02224755424325e-08	49449930
13035	2	4.0444951084865e-08	49449930
28173	2	4.0444951084865e-08	49449930
31964	30	6.06674266272976e-07	49449930
32051	1	2.02224755424325e-08	49449930
33653	1	2.02224755424325e-08	49449930
33657	3	6.06674266272975e-08	49449930
33658	3	6.06674266272975e-08	49449930
35128	91	1.84024527436136e-06	49449930
36329	4	8.08899021697301e-08	49449930
36809	8	1.6177980433946e-07	49449930
37692	3	6.06674266272975e-08	49449930
38271	2	4.0444951084865e-08	49449930
40041	1	2.02224755424325e-08	49449930
41431	2	4.0444951084865e-08	49449930
43925	1	2.02224755424325e-08	49449930
43989	1	2.02224755424325e-08	49449930
44056	1	2.02224755424325e-08	49449930
44058	5	1.01112377712163e-07	49449930
46234	4	8.08899021697301e-08	49449930
47573	1	2.02224755424325e-08	49449930
48483	1	2.02224755424325e-08	49449930
49266	7	1.41557328797028e-07	49449930
52970	5	1.01112377712163e-07	49449930
55529	12	2.4266970650919e-07	49449930
55884	1	2.02224755424325e-08	49449930
56110	2	4.0444951084865e-08	49449930
59374	6	1.21334853254595e-07	49449930
59748	2	4.0444951084865e-08	49449930
59919	1	2.02224755424325e-08	49449930
59920	1	2.02224755424325e-08	49449930
60480	2	4.0444951084865e-08	49449930
60481	82	1.65824299447947e-06	49449930
62928	60	1.21334853254595e-06	49449930
62977	39	7.88676546154868e-07	49449930
63186	10	2.02224755424325e-07	49449930
63737	7	1.41557328797028e-07	49449930
64471	2	4.0444951084865e-08	49449930
65071	3	6.06674266272975e-08	49449930
65393	1	2.02224755424325e-08	49449930
66084	1	2.02224755424325e-08	49449930
67593	3	6.06674266272975e-08	49449930
69328	19	3.84227035306218e-07	49449930
72520	6	1.21334853254595e-07	49449930
73025	2	4.0444951084865e-08	49449930
75379	42	8.49343972782166e-07	49449930
76114	15	3.03337133136488e-07	49449930
76869	20	4.0444951084865e-07	49449930
78245	28	5.6622931518811e-07	49449930
79929	1	2.02224755424325e-08	49449930
82654	5	1.01112377712163e-07	49449930
83406	3	6.06674266272975e-08	49449930
84588	2	4.0444951084865e-08	49449930
85569	2	4.0444951084865e-08	49449930
85643	63	1.27401595917325e-06	49449930
86416	6	1.21334853254595e-07	49449930
88149	1	2.02224755424325e-08	49449930
90936	2	4.0444951084865e-08	49449930
94122	27	5.46006839645678e-07	49449930
96561	1	2.02224755424325e-08	49449930
96563	36	7.28009119527571e-07	49449930
99287	1	2.02224755424325e-08	49449930
99598	2	4.0444951084865e-08	49449930
100226	11	2.22447230966758e-07	49449930
101510	66	1.33468338580055e-06	49449930
106370	2	4.0444951084865e-08	49449930
107806	1	2.02224755424325e-08	49449930
109269	6	1.21334853254595e-07	49449930
110662	1	2.02224755424325e-08	49449930
111780	3	6.06674266272975e-08	49449930
111781	1	2.02224755424325e-08	49449930
114615	48	9.70678826036761e-07	49449930
120807	5	1.01112377712163e-07	49449930
122587	7	1.41557328797028e-07	49449930
123214	2	4.0444951084865e-08	49449930
126793	4	8.08899021697301e-08	49449930
129356	1	2.02224755424325e-08	49449930
129358	1	2.02224755424325e-08	49449930
134287	1	2.02224755424325e-08	49449930
134676	13	2.62892182051623e-07	49449930
136089	2	4.0444951084865e-08	49449930
137722	12	2.4266970650919e-07	49449930
150340	5	1.01112377712163e-07	49449930
151534	2	4.0444951084865e-08	49449930
153948	9	1.82002279881893e-07	49449930
155864	14	2.83114657594055e-07	49449930
156889	6	1.21334853254595e-07	49449930
158189	23	4.65116937475948e-07	49449930
158190	1	2.02224755424325e-08	49449930
158878	3	6.06674266272975e-08	49449930
159087	41	8.29121497239733e-07	49449930
160488	15	3.03337133136488e-07	49449930
160490	2	4.0444951084865e-08	49449930
160491	1	2.02224755424325e-08	49449930
160492	4	8.08899021697301e-08	49449930
160619	89	1.79980032327649e-06	49449930
164037	2	4.0444951084865e-08	49449930
164328	1	2.02224755424325e-08	49449930
164756	33	6.67341692900273e-07	49449930
164757	4	8.08899021697301e-08	49449930
167555	1	2.02224755424325e-08	49449930
167879	5	1.01112377712163e-07	49449930
170187	1	2.02224755424325e-08	49449930
171101	4	8.08899021697301e-08	49449930
172667	3	6.06674266272975e-08	49449930
172968	1	2.02224755424325e-08	49449930
173443	3	6.06674266272975e-08	49449930
176279	38	7.68454070612436e-07	49449930
176280	39	7.88676546154868e-07	49449930
176299	14	2.83114657594055e-07	49449930
177437	1	2.02224755424325e-08	49449930
177439	2	4.0444951084865e-08	49449930
179408	380	7.68454070612436e-06	49449930
186103	1	2.02224755424325e-08	49449930
187272	13	2.62892182051623e-07	49449930
187303	9	1.82002279881893e-07	49449930
187420	2	4.0444951084865e-08	49449930
187764	1	2.02224755424325e-08	49449930
188937	1	2.02224755424325e-08	49449930
189918	14	2.83114657594055e-07	49449930
190304	1	2.02224755424325e-08	49449930
190485	41	8.29121497239733e-07	49449930
190486	12	2.4266970650919e-07	49449930
190650	39	7.88676546154868e-07	49449930
191026	1	2.02224755424325e-08	49449930
192952	9	1.82002279881893e-07	49449930
194439	4	8.08899021697301e-08	49449930
195102	3	6.06674266272975e-08	49449930
195103	44	8.89788923867031e-07	49449930
195253	1	2.02224755424325e-08	49449930
196162	44	8.89788923867031e-07	49449930
196164	140	2.83114657594055e-06	49449930
196600	1	2.02224755424325e-08	49449930
198214	3	6.06674266272975e-08	49449930
198215	6	1.21334853254595e-07	49449930
198628	5	1.01112377712163e-07	49449930
199310	3	6.06674266272975e-08	49449930
203119	14	2.83114657594055e-07	49449930
203120	7	1.41557328797028e-07	49449930
203122	4	8.08899021697301e-08	49449930
203123	2	4.0444951084865e-08	49449930
203124	5	1.01112377712163e-07	49449930
203275	16	3.2355960867892e-07	49449930
204536	2	4.0444951084865e-08	49449930
204669	1	2.02224755424325e-08	49449930
204773	57	1.15268110591865e-06	49449930
205913	190	3.84227035306218e-06	49449930
205914	14	2.83114657594055e-07	49449930
205918	31	6.26896741815408e-07	49449930
205920	1	2.02224755424325e-08	49449930
205922	57	1.15268110591865e-06	49449930
206672	15	3.03337133136488e-07	49449930
207559	8	1.6177980433946e-07	49449930
208435	1	2.02224755424325e-08	49449930
208596	29	5.86451790730543e-07	49449930
208963	60	1.21334853254595e-06	49449930
208964	70	1.41557328797028e-06	49449930
209261	1	2.02224755424325e-08	49449930
210007	6	1.21334853254595e-07	49449930
211110	1	2.02224755424325e-08	49449930
211586	2	4.0444951084865e-08	49449930
212717	2	4.0444951084865e-08	49449930
213810	23	4.65116937475948e-07	49449930
214092	5	1.01112377712163e-07	49449930
214684	7	1.41557328797028e-07	49449930
215689	1	2.02224755424325e-08	49449930
216389	1	2.02224755424325e-08	49449930
216432	8	1.6177980433946e-07	49449930
216591	14	2.83114657594055e-07	49449930
216592	4	8.08899021697301e-08	49449930
216594	3	6.06674266272975e-08	49449930
216595	299	6.04652018718732e-06	49449930
216596	27	5.46006839645678e-07	49449930
216599	1	2.02224755424325e-08	49449930
218491	2	4.0444951084865e-08	49449930
218493	2	4.0444951084865e-08	49449930
218495	4	8.08899021697301e-08	49449930
220341	25	5.05561888560813e-07	49449930
220664	34	6.87564168442706e-07	49449930
220668	2	4.0444951084865e-08	49449930
221029	2	4.0444951084865e-08	49449930
221109	3	6.06674266272975e-08	49449930
222523	1	2.02224755424325e-08	49449930
222891	1	2.02224755424325e-08	49449930
223283	28	5.6622931518811e-07	49449930
223926	1	2.02224755424325e-08	49449930
224308	1	2.02224755424325e-08	49449930
224324	1	2.02224755424325e-08	49449930
224911	74	1.49646319014001e-06	49449930
224914	3	6.06674266272975e-08	49449930
225937	4	8.08899021697301e-08	49449930
226185	25	5.05561888560813e-07	49449930
226186	564	1.14054762059319e-05	49449930
227086	5	1.01112377712163e-07	49449930
227321	1	2.02224755424325e-08	49449930
227882	17	3.43782084221353e-07	49449930
228400	6	1.21334853254595e-07	49449930
228405	6	1.21334853254595e-07	49449930
228410	3	6.06674266272975e-08	49449930
229533	2	4.0444951084865e-08	49449930
231023	20	4.0444951084865e-07	49449930
232721	742	1.50050768524849e-05	49449930
234267	7	1.41557328797028e-07	49449930
234621	2532	5.12033080734391e-05	49449930
234831	8	1.6177980433946e-07	49449930
240015	9	1.82002279881893e-07	49449930
240292	1	2.02224755424325e-08	49449930
242619	1	2.02224755424325e-08	49449930
243159	9	1.82002279881893e-07	49449930
243160	1	2.02224755424325e-08	49449930
243230	4	8.08899021697301e-08	49449930
243231	2	4.0444951084865e-08	49449930
243233	6	1.21334853254595e-07	49449930
243243	8	1.6177980433946e-07	49449930
243273	1	2.02224755424325e-08	49449930
243275	3	6.06674266272975e-08	49449930
243277	1	2.02224755424325e-08	49449930
243365	37	7.48231595070003e-07	49449930
245014	201	4.06471758402894e-06	49449930
245018	523	1.05763547086922e-05	49449930
246195	5	1.01112377712163e-07	49449930
246196	6	1.21334853254595e-07	49449930
246197	24	4.8533941301838e-07	49449930
246198	8	1.6177980433946e-07	49449930
246200	6	1.21334853254595e-07	49449930
247156	9	1.82002279881893e-07	49449930
251221	2	4.0444951084865e-08	49449930
251229	5	1.01112377712163e-07	49449930
255131	1	2.02224755424325e-08	49449930
257310	38	7.68454070612436e-07	49449930
257311	7	1.41557328797028e-07	49449930
257313	28	5.6622931518811e-07	49449930
257314	1	2.02224755424325e-08	49449930
258594	17	3.43782084221353e-07	49449930
259536	213	4.30738729053813e-06	49449930
261292	104	2.10313745641298e-06	49449930
261658	3	6.06674266272975e-08	49449930
262316	7	1.41557328797028e-07	49449930
262543	8	1.6177980433946e-07	49449930
262724	35	7.07786643985138e-07	49449930
262768	6	1.21334853254595e-07	49449930
263358	7	1.41557328797028e-07	49449930
264198	35	7.07786643985138e-07	49449930
264199	22	4.44894461933515e-07	49449930
264201	4	8.08899021697301e-08	49449930
264203	7	1.41557328797028e-07	49449930
264462	3	6.06674266272975e-08	49449930
264730	27	5.46006839645678e-07	49449930
264731	21	4.24671986391083e-07	49449930
265072	15	3.03337133136488e-07	49449930
265311	1	2.02224755424325e-08	49449930
266264	95	1.92113517653109e-06	49449930
266265	22	4.44894461933515e-07	49449930
266779	44	8.89788923867031e-07	49449930
266834	9	1.82002279881893e-07	49449930
266835	17	3.43782084221353e-07	49449930
266940	8	1.6177980433946e-07	49449930
267608	56	1.13245863037622e-06	49449930
267747	29	5.86451790730543e-07	49449930
267748	2	4.0444951084865e-08	49449930
269084	2	4.0444951084865e-08	49449930
269482	27	5.46006839645678e-07	49449930
269796	8	1.6177980433946e-07	49449930
269797	14	2.83114657594055e-07	49449930
269798	49	9.90901301579193e-07	49449930
269799	3	6.06674266272975e-08	49449930
269800	17	3.43782084221353e-07	49449930
271848	9	1.82002279881893e-07	49449930
272123	2	4.0444951084865e-08	49449930
272559	66	1.33468338580055e-06	49449930
272560	1	2.02224755424325e-08	49449930
272562	2	4.0444951084865e-08	49449930
272563	66	1.33468338580055e-06	49449930
272564	12	2.4266970650919e-07	49449930
272568	18	3.64004559763785e-07	49449930
272620	58	1.17290358146109e-06	49449930
272621	5	1.01112377712163e-07	49449930
272622	64	1.29423843471568e-06	49449930
272623	33	6.67341692900273e-07	49449930
272624	1	2.02224755424325e-08	49449930
272626	6	1.21334853254595e-07	49449930
272630	18	3.64004559763785e-07	49449930
272631	1	2.02224755424325e-08	49449930
272635	2	4.0444951084865e-08	49449930
272831	29	5.86451790730543e-07	49449930
272843	2	4.0444951084865e-08	49449930
272942	8	1.6177980433946e-07	49449930
272943	4	8.08899021697301e-08	49449930
272947	1	2.02224755424325e-08	49449930
273119	1	2.02224755424325e-08	49449930
273123	1	2.02224755424325e-08	49449930
278137	10	2.02224755424325e-07	49449930
278197	14	2.83114657594055e-07	49449930
279238	30	6.06674266272976e-07	49449930
279808	13	2.62892182051623e-07	49449930
280463	25	5.05561888560813e-07	49449930
280699	4	8.08899021697301e-08	49449930
280701	1	2.02224755424325e-08	49449930
281090	12	2.4266970650919e-07	49449930
283942	1	2.02224755424325e-08	49449930
284591	1	2.02224755424325e-08	49449930
284592	11	2.22447230966758e-07	49449930
284593	7	1.41557328797028e-07	49449930
284812	15	3.03337133136488e-07	49449930
288000	43	8.69566448324598e-07	49449930
288681	1	2.02224755424325e-08	49449930
288705	4	8.08899021697301e-08	49449930
289376	1	2.02224755424325e-08	49449930
289380	6	1.21334853254595e-07	49449930
290315	3	6.06674266272975e-08	49449930
290317	1	2.02224755424325e-08	49449930
290318	1	2.02224755424325e-08	49449930
290338	6	1.21334853254595e-07	49449930
290339	16	3.2355960867892e-07	49449930
290340	36	7.28009119527571e-07	49449930
290397	2	4.0444951084865e-08	49449930
290398	8	1.6177980433946e-07	49449930
290399	20	4.0444951084865e-07	49449930
290402	38	7.68454070612436e-07	49449930
290633	3	6.06674266272975e-08	49449930
291272	1	2.02224755424325e-08	49449930
291331	8	1.6177980433946e-07	49449930
292414	4	8.08899021697301e-08	49449930
292415	14	2.83114657594055e-07	49449930
292459	5	1.01112377712163e-07	49449930
292563	1	2.02224755424325e-08	49449930
292564	2	4.0444951084865e-08	49449930
293613	3	6.06674266272975e-08	49449930
293614	1	2.02224755424325e-08	49449930
293826	14	2.83114657594055e-07	49449930
295405	206	4.1658299617411e-06	49449930
296543	57	1.15268110591865e-06	49449930
296591	246	4.9747289834384e-06	49449930
298386	2	4.0444951084865e-08	49449930
298653	4	8.08899021697301e-08	49449930
298654	9	1.82002279881893e-07	49449930
299768	17	3.43782084221353e-07	49449930
300267	5	1.01112377712163e-07	49449930
300268	3	6.06674266272975e-08	49449930
300269	6	1.21334853254595e-07	49449930
300852	21	4.24671986391083e-07	49449930
304863	1	2.02224755424325e-08	49449930
306263	1	2.02224755424325e-08	49449930
306537	8	1.6177980433946e-07	49449930
309801	1	2.02224755424325e-08	49449930
311402	5	1.01112377712163e-07	49449930
311403	7	1.41557328797028e-07	49449930
312153	19	3.84227035306218e-07	49449930
313595	7	1.41557328797028e-07	49449930
313596	6	1.21334853254595e-07	49449930
313598	27	5.46006839645678e-07	49449930
313603	12	2.4266970650919e-07	49449930
314225	10	2.02224755424325e-07	49449930
314275	1	2.02224755424325e-08	49449930
314315	7	1.41557328797028e-07	49449930
314565	25	5.05561888560813e-07	49449930
314723	2	4.0444951084865e-08	49449930
315456	1	2.02224755424325e-08	49449930
315749	9	1.82002279881893e-07	49449930
315750	1	2.02224755424325e-08	49449930
316055	55	1.11223615483379e-06	49449930
316056	24	4.8533941301838e-07	49449930
316057	32	6.47119217357841e-07	49449930
316058	34	6.87564168442706e-07	49449930
316067	1	2.02224755424325e-08	49449930
316273	8	1.6177980433946e-07	49449930
316274	4	8.08899021697301e-08	49449930
316278	1	2.02224755424325e-08	49449930
316385	23	4.65116937475948e-07	49449930
316401	3	6.06674266272975e-08	49449930
317025	5	1.01112377712163e-07	49449930
317655	35	7.07786643985138e-07	49449930
317936	1	2.02224755424325e-08	49449930
318161	1	2.02224755424325e-08	49449930
318167	46	9.30233874951896e-07	49449930
318586	25	5.05561888560813e-07	49449930
319224	6	1.21334853254595e-07	49449930
319225	1	2.02224755424325e-08	49449930
319795	17	3.43782084221353e-07	49449930
320373	4	8.08899021697301e-08	49449930
320388	15	3.03337133136488e-07	49449930
320389	1	2.02224755424325e-08	49449930
321327	1	2.02224755424325e-08	49449930
321956	6	1.21334853254595e-07	49449930
321967	26	5.25784364103245e-07	49449930
322098	5	1.01112377712163e-07	49449930
322104	3	6.06674266272975e-08	49449930
322159	250	5.05561888560813e-06	49449930
322710	18	3.64004559763785e-07	49449930
323097	16	3.2355960867892e-07	49449930
323098	7	1.41557328797028e-07	49449930
323259	1	2.02224755424325e-08	49449930
323261	1	2.02224755424325e-08	49449930
323848	4	8.08899021697301e-08	49449930
323850	3	6.06674266272975e-08	49449930
324831	7	1.41557328797028e-07	49449930
325240	9	1.82002279881893e-07	49449930
326297	1	2.02224755424325e-08	49449930
326298	10	2.02224755424325e-07	49449930
326423	2	4.0444951084865e-08	49449930
326424	22	4.44894461933515e-07	49449930
326425	1	2.02224755424325e-08	49449930
326426	11	2.22447230966758e-07	49449930
326442	3	6.06674266272975e-08	49449930
330214	5	1.01112377712163e-07	49449930
330879	2	4.0444951084865e-08	49449930
331104	2	4.0444951084865e-08	49449930
331111	89	1.79980032327649e-06	49449930
331112	43	8.69566448324598e-07	49449930
331271	45	9.10011399409463e-07	49449930
331272	12	2.4266970650919e-07	49449930
331678	4	8.08899021697301e-08	49449930
333849	2	4.0444951084865e-08	49449930
334380	1	2.02224755424325e-08	49449930
334390	9	1.82002279881893e-07	49449930
334406	1	2.02224755424325e-08	49449930
334413	7	1.41557328797028e-07	49449930
335283	19	3.84227035306218e-07	49449930
335284	359	7.25986871973327e-06	49449930
335541	8	1.6177980433946e-07	49449930
335543	6	1.21334853254595e-07	49449930
335659	60	1.21334853254595e-06	49449930
336407	1	2.02224755424325e-08	49449930
336982	1	2.02224755424325e-08	49449930
337191	5	1.01112377712163e-07	49449930
338963	3	6.06674266272975e-08	49449930
338966	9	1.82002279881893e-07	49449930
338969	174	3.51871074438326e-06	49449930
339670	240	4.8533941301838e-06	49449930
339671	5	1.01112377712163e-07	49449930
339860	2	4.0444951084865e-08	49449930
340047	1	2.02224755424325e-08	49449930
340099	4	8.08899021697301e-08	49449930
340100	106	2.14358240749785e-06	49449930
340322	46	9.30233874951896e-07	49449930
342108	9	1.82002279881893e-07	49449930
342109	1	2.02224755424325e-08	49449930
342451	18	3.64004559763785e-07	49449930
342610	6	1.21334853254595e-07	49449930
343509	2	4.0444951084865e-08	49449930
344609	36	7.28009119527571e-07	49449930
345073	3	6.06674266272975e-08	49449930
345219	8	1.6177980433946e-07	49449930
347253	66	1.33468338580055e-06	49449930
347257	1	2.02224755424325e-08	49449930
347515	12	2.4266970650919e-07	49449930
347834	6	1.21334853254595e-07	49449930
348058	3	6.06674266272975e-08	49449930
348535	2	4.0444951084865e-08	49449930
349101	18	3.64004559763785e-07	49449930
349102	14	2.83114657594055e-07	49449930
349106	78	1.57735309230974e-06	49449930
349124	14	2.83114657594055e-07	49449930
349163	10	2.02224755424325e-07	49449930
349215	2	4.0444951084865e-08	49449930
349519	3	6.06674266272975e-08	49449930
349520	1	2.02224755424325e-08	49449930
349521	2	4.0444951084865e-08	49449930
349741	56	1.13245863037622e-06	49449930
349746	2	4.0444951084865e-08	49449930
349747	3	6.06674266272975e-08	49449930
350054	12	2.4266970650919e-07	49449930
350058	24	4.8533941301838e-07	49449930
350688	5	1.01112377712163e-07	49449930
351348	23	4.65116937475948e-07	49449930
351605	4	8.08899021697301e-08	49449930
351607	5	1.01112377712163e-07	49449930
351627	5	1.01112377712163e-07	49449930
351745	15	3.03337133136488e-07	49449930
351746	32	6.47119217357841e-07	49449930
352472	8	1.6177980433946e-07	49449930
352914	7	1.41557328797028e-07	49449930
353151	5	1.01112377712163e-07	49449930
353152	1	2.02224755424325e-08	49449930
353153	6	1.21334853254595e-07	49449930
353154	5	1.01112377712163e-07	49449930
353496	1	2.02224755424325e-08	49449930
354242	24	4.8533941301838e-07	49449930
355276	2	4.0444951084865e-08	49449930
355277	2	4.0444951084865e-08	49449930
355278	2	4.0444951084865e-08	49449930
357244	1	2.02224755424325e-08	49449930
357348	15	3.03337133136488e-07	49449930
357544	3	6.06674266272975e-08	49449930
357804	4	8.08899021697301e-08	49449930
357808	3	6.06674266272975e-08	49449930
357809	62	1.25379348363082e-06	49449930
358220	606	1.22548201787141e-05	49449930
358681	8	1.6177980433946e-07	49449930
359786	36	7.28009119527571e-07	49449930
359787	3	6.06674266272975e-08	49449930
360094	11	2.22447230966758e-07	49449930
360095	5	1.01112377712163e-07	49449930
360102	34	6.87564168442706e-07	49449930
360104	3	6.06674266272975e-08	49449930
360106	1	2.02224755424325e-08	49449930
360107	2	4.0444951084865e-08	49449930
360109	4	8.08899021697301e-08	49449930
360115	1	2.02224755424325e-08	49449930
360910	15	3.03337133136488e-07	49449930
360911	8	1.6177980433946e-07	49449930
362242	3	6.06674266272975e-08	49449930
362663	100	2.02224755424325e-06	49449930
362948	8	1.6177980433946e-07	49449930
362976	1	2.02224755424325e-08	49449930
363253	1	2.02224755424325e-08	49449930
364106	1	2.02224755424325e-08	49449930
365044	1012	2.04651452489417e-05	49449930
365046	185	3.74115797535002e-06	49449930
365659	12	2.4266970650919e-07	49449930
366394	12	2.4266970650919e-07	49449930
366602	47	9.50456350494328e-07	49449930
367737	129	2.60869934497379e-06	49449930
367775	21	4.24671986391083e-07	49449930
367928	257	5.19717621440516e-06	49449930
368407	4	8.08899021697301e-08	49449930
369723	9	1.82002279881893e-07	49449930
370354	9	1.82002279881893e-07	49449930
370438	2	4.0444951084865e-08	49449930
370553	3	6.06674266272975e-08	49449930
373153	7	1.41557328797028e-07	49449930
373384	119	2.40647458954947e-06	49449930
373903	1	2.02224755424325e-08	49449930
373994	1	2.02224755424325e-08	49449930
374833	3	6.06674266272975e-08	49449930
374930	2	4.0444951084865e-08	49449930
375286	47	9.50456350494328e-07	49449930
375451	1	2.02224755424325e-08	49449930
376686	414	8.37210487456706e-06	49449930
376758	1	2.02224755424325e-08	49449930
377628	9	1.82002279881893e-07	49449930
377629	3	6.06674266272975e-08	49449930
378753	7	1.41557328797028e-07	49449930
378806	7	1.41557328797028e-07	49449930
379066	3	6.06674266272975e-08	49449930
379731	42	8.49343972782166e-07	49449930
380358	5	1.01112377712163e-07	49449930
380394	9	1.82002279881893e-07	49449930
380703	80	1.6177980433946e-06	49449930
381666	85	1.71891042110676e-06	49449930
381754	49	9.90901301579193e-07	49449930
382245	134	2.70981172268596e-06	49449930
382638	2	4.0444951084865e-08	49449930
382640	1	2.02224755424325e-08	49449930
383407	5	1.01112377712163e-07	49449930
383629	9	1.82002279881893e-07	49449930
384676	80	1.6177980433946e-06	49449930
384848	2	4.0444951084865e-08	49449930
385025	1	2.02224755424325e-08	49449930
386043	8	1.6177980433946e-07	49449930
386415	11	2.22447230966758e-07	49449930
386585	19	3.84227035306218e-07	49449930
386656	11	2.22447230966758e-07	49449930
387092	2	4.0444951084865e-08	49449930
387093	5	1.01112377712163e-07	49449930
387344	19	3.84227035306218e-07	49449930
387662	1	2.02224755424325e-08	49449930
388919	8	1.6177980433946e-07	49449930
390235	37	7.48231595070003e-07	49449930
390236	3	6.06674266272975e-08	49449930
390333	40	8.08899021697301e-07	49449930
391008	29	5.86451790730543e-07	49449930
391037	8	1.6177980433946e-07	49449930
391038	6	1.21334853254595e-07	49449930
391165	8	1.6177980433946e-07	49449930
391295	6	1.21334853254595e-07	49449930
391296	5	1.01112377712163e-07	49449930
391595	6	1.21334853254595e-07	49449930
391619	7	1.41557328797028e-07	49449930
391626	1	2.02224755424325e-08	49449930
391735	180	3.64004559763785e-06	49449930
391774	6	1.21334853254595e-07	49449930
391896	1	2.02224755424325e-08	49449930
391904	74	1.49646319014001e-06	49449930
392499	42	8.49343972782166e-07	49449930
392500	6	1.21334853254595e-07	49449930
393011	12	2.4266970650919e-07	49449930
393115	9	1.82002279881893e-07	49449930
393305	22	4.44894461933515e-07	49449930
393595	18	3.64004559763785e-07	49449930
394221	6	1.21334853254595e-07	49449930
394503	16	3.2355960867892e-07	49449930
395019	97	1.96158012761595e-06	49449930
395491	8	1.6177980433946e-07	49449930
395492	10	2.02224755424325e-07	49449930
395494	18	3.64004559763785e-07	49449930
395495	261	5.27806611657489e-06	49449930
395960	30	6.06674266272976e-07	49449930
395961	4	8.08899021697301e-08	49449930
395962	1	2.02224755424325e-08	49449930
395963	10	2.02224755424325e-07	49449930
395965	8	1.6177980433946e-07	49449930
396513	2	4.0444951084865e-08	49449930
396588	20	4.0444951084865e-07	49449930
396595	7	1.41557328797028e-07	49449930
397945	236	4.77250422801407e-06	49449930
398511	6	1.21334853254595e-07	49449930
398527	27	5.46006839645678e-07	49449930
398577	10	2.02224755424325e-07	49449930
398578	403	8.1496576436003e-06	49449930
398579	2	4.0444951084865e-08	49449930
398580	2	4.0444951084865e-08	49449930
398767	7	1.41557328797028e-07	49449930
399550	1	2.02224755424325e-08	49449930
399599	4	8.08899021697301e-08	49449930
399726	7	1.41557328797028e-07	49449930
399739	67	1.35490586134298e-06	49449930
399741	17	3.43782084221353e-07	49449930
399742	4	8.08899021697301e-08	49449930
399781	2	4.0444951084865e-08	49449930
399804	4	8.08899021697301e-08	49449930
400667	215	4.34783224162299e-06	49449930
400668	1	2.02224755424325e-08	49449930
400673	1	2.02224755424325e-08	49449930
400756	76	1.53690814122487e-06	49449930
401053	3	6.06674266272975e-08	49449930
401473	14	2.83114657594055e-07	49449930
401614	1	2.02224755424325e-08	49449930
402612	372	7.5227609017849e-06	49449930
402626	63	1.27401595917325e-06	49449930
402881	26	5.25784364103245e-07	49449930
402882	9	1.82002279881893e-07	49449930
403677	88	1.77957784773406e-06	49449930
403833	3	6.06674266272975e-08	49449930
404380	10	2.02224755424325e-07	49449930
404589	8	1.6177980433946e-07	49449930
405416	77	1.5571306167673e-06	49449930
405440	1	2.02224755424325e-08	49449930
405441	1	2.02224755424325e-08	49449930
405531	3	6.06674266272975e-08	49449930
405532	4	8.08899021697301e-08	49449930
405534	1	2.02224755424325e-08	49449930
405535	1	2.02224755424325e-08	49449930
405566	2	4.0444951084865e-08	49449930
405948	7	1.41557328797028e-07	49449930
405955	68	1.37512833688541e-06	49449930
406425	5	1.01112377712163e-07	49449930
406817	1	2.02224755424325e-08	49449930
407148	1	2.02224755424325e-08	49449930
407976	7	1.41557328797028e-07	49449930
409438	8	1.6177980433946e-07	49449930
410289	4	8.08899021697301e-08	49449930
410358	13	2.62892182051623e-07	49449930
411154	27	5.46006839645678e-07	49449930
412022	7	1.41557328797028e-07	49449930
412030	11	2.22447230966758e-07	49449930
412694	14	2.83114657594055e-07	49449930
412965	3	6.06674266272975e-08	49449930
413404	2	4.0444951084865e-08	49449930
413997	1	2.02224755424325e-08	49449930
413999	5	1.01112377712163e-07	49449930
414004	1	2.02224755424325e-08	49449930
414684	8	1.6177980433946e-07	49449930
416269	8	1.6177980433946e-07	49449930
416344	11	2.22447230966758e-07	49449930
416348	1	2.02224755424325e-08	49449930
416591	1	2.02224755424325e-08	49449930
416870	34	6.87564168442706e-07	49449930
418127	1	2.02224755424325e-08	49449930
419610	33	6.67341692900273e-07	49449930
419947	3	6.06674266272975e-08	49449930
420245	5	1.01112377712163e-07	49449930
420246	14	2.83114657594055e-07	49449930
420247	75	1.51668566568244e-06	49449930
420662	162	3.27604103787407e-06	49449930
423211	3	6.06674266272975e-08	49449930
423212	1	2.02224755424325e-08	49449930
423368	38	7.68454070612436e-07	49449930
423536	27	5.46006839645678e-07	49449930
424182	6	1.21334853254595e-07	49449930
425011	42	8.49343972782166e-07	49449930
425104	13	2.62892182051623e-07	49449930
426114	23	4.65116937475948e-07	49449930
426117	19	3.84227035306218e-07	49449930
426355	43	8.69566448324598e-07	49449930
426430	8	1.6177980433946e-07	49449930
428406	61	1.23357100808838e-06	49449930
429009	2	4.0444951084865e-08	49449930
431895	6	1.21334853254595e-07	49449930
431943	11	2.22447230966758e-07	49449930
431946	2	4.0444951084865e-08	49449930
431947	7	1.41557328797028e-07	49449930
434131	2	4.0444951084865e-08	49449930
434922	4	8.08899021697301e-08	49449930
434923	1	2.02224755424325e-08	49449930
435258	5	1.01112377712163e-07	49449930
435590	2938	5.94136331436667e-05	49449930
435591	372	7.5227609017849e-06	49449930
435998	6	1.21334853254595e-07	49449930
436308	5	1.01112377712163e-07	49449930
436717	58	1.17290358146109e-06	49449930
438753	18	3.64004559763785e-07	49449930
439235	3	6.06674266272975e-08	49449930
439375	6	1.21334853254595e-07	49449930
439843	24	4.8533941301838e-07	49449930
439851	2	4.0444951084865e-08	49449930
439855	23	4.65116937475948e-07	49449930
440085	23	4.65116937475948e-07	49449930
441375	18	3.64004559763785e-07	49449930
441620	24	4.8533941301838e-07	49449930
441768	68	1.37512833688541e-06	49449930
441771	1	2.02224755424325e-08	49449930
442563	6	1.21334853254595e-07	49449930
443143	4	8.08899021697301e-08	49449930
443144	7	1.41557328797028e-07	49449930
443218	3	6.06674266272975e-08	49449930
443906	35	7.07786643985138e-07	49449930
444177	11	2.22447230966758e-07	49449930
444178	3	6.06674266272975e-08	49449930
444179	2	4.0444951084865e-08	49449930
444450	1	2.02224755424325e-08	49449930
445932	2	4.0444951084865e-08	49449930
446462	18	3.64004559763785e-07	49449930
446465	12	2.4266970650919e-07	49449930
446466	9	1.82002279881893e-07	49449930
446468	13	2.62892182051623e-07	49449930
446469	21	4.24671986391083e-07	49449930
446470	2	4.0444951084865e-08	49449930
446471	8	1.6177980433946e-07	49449930
447217	9	1.82002279881893e-07	49449930
448385	29	5.86451790730543e-07	49449930
449447	3	6.06674266272975e-08	49449930
450851	26	5.25784364103245e-07	49449930
451515	1	2.02224755424325e-08	49449930
451516	3	6.06674266272975e-08	49449930
452471	3	6.06674266272975e-08	49449930
452637	11	2.22447230966758e-07	49449930
452638	10	2.02224755424325e-07	49449930
452652	8	1.6177980433946e-07	49449930
452662	24	4.8533941301838e-07	49449930
452863	4	8.08899021697301e-08	49449930
454169	22	4.44894461933515e-07	49449930
455488	7	1.41557328797028e-07	49449930
455632	13	2.62892182051623e-07	49449930
456442	1	2.02224755424325e-08	49449930
456481	4	8.08899021697301e-08	49449930
457425	6	1.21334853254595e-07	49449930
457570	3	6.06674266272975e-08	49449930
458233	5	1.01112377712163e-07	49449930
458817	3	6.06674266272975e-08	49449930
459349	232	4.69161432584434e-06	49449930
459424	1	2.02224755424325e-08	49449930
460265	15	3.03337133136488e-07	49449930
464988	7	1.41557328797028e-07	49449930
465515	39	7.88676546154868e-07	49449930
465817	3	6.06674266272975e-08	49449930
467705	6	1.21334853254595e-07	49449930
469371	6	1.21334853254595e-07	49449930
469378	1	2.02224755424325e-08	49449930
469382	1	2.02224755424325e-08	49449930
469383	11	2.22447230966758e-07	49449930
469604	3	6.06674266272975e-08	49449930
469607	3	6.06674266272975e-08	49449930
469660	1	2.02224755424325e-08	49449930
470137	1	2.02224755424325e-08	49449930
471223	3	6.06674266272975e-08	49449930
471852	6	1.21334853254595e-07	49449930
471853	12	2.4266970650919e-07	49449930
471854	11	2.22447230966758e-07	49449930
471855	6	1.21334853254595e-07	49449930
471856	6	1.21334853254595e-07	49449930
471857	6	1.21334853254595e-07	49449930
472759	1	2.02224755424325e-08	49449930
477641	12	2.4266970650919e-07	49449930
477974	5	1.01112377712163e-07	49449930
478433	2	4.0444951084865e-08	49449930
478434	3	6.06674266272975e-08	49449930
478801	15	3.03337133136488e-07	49449930
479431	39	7.88676546154868e-07	49449930
479432	13	2.62892182051623e-07	49449930
479433	13	2.62892182051623e-07	49449930
479434	2	4.0444951084865e-08	49449930
479435	17	3.43782084221353e-07	49449930
479436	9	1.82002279881893e-07	49449930
479437	23	4.65116937475948e-07	49449930
480119	34	6.87564168442706e-07	49449930
481448	1	2.02224755424325e-08	49449930
481743	1	2.02224755424325e-08	49449930
481805	130	2.62892182051623e-06	49449930
481877	8	1.6177980433946e-07	49449930
482957	8	1.6177980433946e-07	49449930
483179	3	6.06674266272975e-08	49449930
483219	8	1.6177980433946e-07	49449930
484020	11	2.22447230966758e-07	49449930
484021	45	9.10011399409463e-07	49449930
484022	1	2.02224755424325e-08	49449930
484906	3	6.06674266272975e-08	49449930
485915	1	2.02224755424325e-08	49449930
485917	68	1.37512833688541e-06	49449930
485918	18	3.64004559763785e-07	49449930
486410	2	4.0444951084865e-08	49449930
487213	3	6.06674266272975e-08	49449930
487214	6	1.21334853254595e-07	49449930
487521	7	1.41557328797028e-07	49449930
488223	1	2.02224755424325e-08	49449930
488538	1	2.02224755424325e-08	49449930
489653	4	8.08899021697301e-08	49449930
490759	1	2.02224755424325e-08	49449930
491077	2	4.0444951084865e-08	49449930
491915	4	8.08899021697301e-08	49449930
491916	8	1.6177980433946e-07	49449930
497978	52	1.05156872820649e-06	49449930
498211	13	2.62892182051623e-07	49449930
498216	5	1.01112377712163e-07	49449930
498217	3	6.06674266272975e-08	49449930
502025	5	1.01112377712163e-07	49449930
502558	1	2.02224755424325e-08	49449930
502801	2	4.0444951084865e-08	49449930
504472	9	1.82002279881893e-07	49449930
504474	9	1.82002279881893e-07	49449930
504728	36	7.28009119527571e-07	49449930
504832	79	1.59757556785217e-06	49449930
505711	1	2.02224755424325e-08	49449930
507522	12	2.4266970650919e-07	49449930
508765	6	1.21334853254595e-07	49449930
508767	4	8.08899021697301e-08	49449930
508771	13	2.62892182051623e-07	49449930
509169	53	1.07179120374892e-06	49449930
509170	72	1.45601823905514e-06	49449930
509173	377	7.62387327949706e-06	49449930
509190	36	7.28009119527571e-07	49449930
510516	14	2.83114657594055e-07	49449930
511062	7	1.41557328797028e-07	49449930
511437	5	1.01112377712163e-07	49449930
511691	7	1.41557328797028e-07	49449930
511995	4	8.08899021697301e-08	49449930
512564	1	2.02224755424325e-08	49449930
512565	8	1.6177980433946e-07	49449930
512566	3	6.06674266272975e-08	49449930
515619	1012	2.04651452489417e-05	49449930
515620	177	3.57937817101056e-06	49449930
515622	9	1.82002279881893e-07	49449930
516950	23	4.65116937475948e-07	49449930
517417	3	6.06674266272975e-08	49449930
518766	1	2.02224755424325e-08	49449930
521006	8	1.6177980433946e-07	49449930
521011	2	4.0444951084865e-08	49449930
521095	3	6.06674266272975e-08	49449930
521096	4	8.08899021697301e-08	49449930
521097	33	6.67341692900273e-07	49449930
521098	1	2.02224755424325e-08	49449930
521460	2	4.0444951084865e-08	49449930
521674	5	1.01112377712163e-07	49449930
522306	45	9.10011399409463e-07	49449930
522373	39	7.88676546154868e-07	49449930
522772	4	8.08899021697301e-08	49449930
523791	6	1.21334853254595e-07	49449930
523794	3	6.06674266272975e-08	49449930
525146	7	1.41557328797028e-07	49449930
525284	3	6.06674266272975e-08	49449930
525381	3	6.06674266272975e-08	49449930
525897	4	8.08899021697301e-08	49449930
525898	3	6.06674266272975e-08	49449930
525903	1	2.02224755424325e-08	49449930
525909	4	8.08899021697301e-08	49449930
525919	5	1.01112377712163e-07	49449930
526218	1	2.02224755424325e-08	49449930
526225	15	3.03337133136488e-07	49449930
526226	35	7.07786643985138e-07	49449930
526227	13	2.62892182051623e-07	49449930
529120	1	2.02224755424325e-08	49449930
530564	1	2.02224755424325e-08	49449930
531844	52	1.05156872820649e-06	49449930
535289	288	5.82407295622057e-06	49449930
536019	21	4.24671986391083e-07	49449930
536056	17	3.43782084221353e-07	49449930
536230	6	1.21334853254595e-07	49449930
537021	1	2.02224755424325e-08	49449930
537457	6	1.21334853254595e-07	49449930
543728	364	7.36098109744544e-06	49449930
543734	16	3.2355960867892e-07	49449930
543891	59	1.19312605700352e-06	49449930
543913	71	1.43579576351271e-06	49449930
545693	6	1.21334853254595e-07	49449930
546269	1	2.02224755424325e-08	49449930
546271	4	8.08899021697301e-08	49449930
546342	3	6.06674266272975e-08	49449930
546414	4	8.08899021697301e-08	49449930
547559	1	2.02224755424325e-08	49449930
548473	2	4.0444951084865e-08	49449930
548476	10	2.02224755424325e-07	49449930
548479	10	2.02224755424325e-07	49449930
551115	1	2.02224755424325e-08	49449930
551895	1	2.02224755424325e-08	49449930
552526	5	1.01112377712163e-07	49449930
552811	2	4.0444951084865e-08	49449930
553174	33	6.67341692900273e-07	49449930
553190	3	6.06674266272975e-08	49449930
553199	1455	2.94237019142393e-05	49449930
553482	2	4.0444951084865e-08	49449930
555778	3	6.06674266272975e-08	49449930
556484	16	3.2355960867892e-07	49449930
557433	3	6.06674266272975e-08	49449930
557436	5	1.01112377712163e-07	49449930
557598	24	4.8533941301838e-07	49449930
557599	6	1.21334853254595e-07	49449930
557600	18	3.64004559763785e-07	49449930
557722	34	6.87564168442706e-07	49449930
557723	2	4.0444951084865e-08	49449930
557760	13	2.62892182051623e-07	49449930
559292	100	2.02224755424325e-06	49449930
559295	19	3.84227035306218e-07	49449930
559307	7	1.41557328797028e-07	49449930
561229	4	8.08899021697301e-08	49449930
561230	4	8.08899021697301e-08	49449930
561276	5	1.01112377712163e-07	49449930
562019	2	4.0444951084865e-08	49449930
562970	1	2.02224755424325e-08	49449930
564886	2	4.0444951084865e-08	49449930
565034	2	4.0444951084865e-08	49449930
565040	161	3.25581856233164e-06	49449930
565042	82	1.65824299447947e-06	49449930
565050	22	4.44894461933515e-07	49449930
565575	1	2.02224755424325e-08	49449930
565655	7	1.41557328797028e-07	49449930
566546	4	8.08899021697301e-08	49449930
567106	4	8.08899021697301e-08	49449930
568704	1	2.02224755424325e-08	49449930
568706	4	8.08899021697301e-08	49449930
568707	16	3.2355960867892e-07	49449930
568814	11	2.22447230966758e-07	49449930
568816	30	6.06674266272976e-07	49449930
570417	2	4.0444951084865e-08	49449930
571800	420	8.49343972782166e-06	49449930
572265	1	2.02224755424325e-08	49449930
572477	20	4.0444951084865e-07	49449930
572480	41	8.29121497239733e-07	49449930
572544	6	1.21334853254595e-07	49449930
573059	3	6.06674266272975e-08	49449930
573061	3	6.06674266272975e-08	49449930
573062	5	1.01112377712163e-07	49449930
573065	7	1.41557328797028e-07	49449930
573235	8	1.6177980433946e-07	49449930
573370	1	2.02224755424325e-08	49449930
573729	14	2.83114657594055e-07	49449930
573826	4	8.08899021697301e-08	49449930
574087	1	2.02224755424325e-08	49449930
574093	1	2.02224755424325e-08	49449930
574521	4	8.08899021697301e-08	49449930
575540	2	4.0444951084865e-08	49449930
575614	6	1.21334853254595e-07	49449930
578455	17	3.43782084221353e-07	49449930
578461	1	2.02224755424325e-08	49449930
579138	2	4.0444951084865e-08	49449930
579405	2	4.0444951084865e-08	49449930
580050	4	8.08899021697301e-08	49449930
580327	5	1.01112377712163e-07	49449930
580331	2	4.0444951084865e-08	49449930
580332	21	4.24671986391083e-07	49449930
581103	1	2.02224755424325e-08	49449930
582402	3	6.06674266272975e-08	49449930
582744	10	2.02224755424325e-07	49449930
582899	9	1.82002279881893e-07	49449930
583345	19	3.84227035306218e-07	49449930
583346	4	8.08899021697301e-08	49449930
583355	2	4.0444951084865e-08	49449930
583358	1	2.02224755424325e-08	49449930
584721	1	2.02224755424325e-08	49449930
585034	1	2.02224755424325e-08	49449930
585035	2	4.0444951084865e-08	49449930
585054	14	2.83114657594055e-07	49449930
585055	4	8.08899021697301e-08	49449930
585056	17	3.43782084221353e-07	49449930
585057	18	3.64004559763785e-07	49449930
585394	424	8.57432962999139e-06	49449930
585395	9	1.82002279881893e-07	49449930
585396	23	4.65116937475948e-07	49449930
585397	6	1.21334853254595e-07	49449930
589865	3	6.06674266272975e-08	49449930
590409	2	4.0444951084865e-08	49449930
590739	6	1.21334853254595e-07	49449930
590998	10	2.02224755424325e-07	49449930
591001	9	1.82002279881893e-07	49449930
591020	1	2.02224755424325e-08	49449930
591167	4	8.08899021697301e-08	49449930
591365	1	2.02224755424325e-08	49449930
591946	2	4.0444951084865e-08	49449930
592022	1	2.02224755424325e-08	49449930
592029	6	1.21334853254595e-07	49449930
592316	3	6.06674266272975e-08	49449930
593588	2	4.0444951084865e-08	49449930
593907	2	4.0444951084865e-08	49449930
595494	45	9.10011399409463e-07	49449930
595495	43	8.69566448324598e-07	49449930
595496	6	1.21334853254595e-07	49449930
595499	1	2.02224755424325e-08	49449930
595528	18	3.64004559763785e-07	49449930
595537	248	5.01517393452326e-06	49449930
596153	261	5.27806611657489e-06	49449930
596154	220	4.44894461933515e-06	49449930
598659	3	6.06674266272975e-08	49449930
600809	4	8.08899021697301e-08	49449930
604162	3	6.06674266272975e-08	49449930
608538	2	4.0444951084865e-08	49449930
610130	41	8.29121497239733e-07	49449930
622759	15	3.03337133136488e-07	49449930
626418	22	4.44894461933515e-07	49449930
627192	20	4.0444951084865e-07	49449930
627344	1	2.02224755424325e-08	49449930
630588	3	6.06674266272975e-08	49449930
630626	2	4.0444951084865e-08	49449930
632772	31	6.26896741815408e-07	49449930
633147	11	2.22447230966758e-07	49449930
633149	44	8.89788923867031e-07	49449930
633699	4	8.08899021697301e-08	49449930
634177	4	8.08899021697301e-08	49449930
634498	3	6.06674266272975e-08	49449930
634499	1	2.02224755424325e-08	49449930
634500	28	5.6622931518811e-07	49449930
634503	2	4.0444951084865e-08	49449930
635013	3	6.06674266272975e-08	49449930
637379	40	8.08899021697301e-07	49449930
637887	3	6.06674266272975e-08	49449930
637909	2	4.0444951084865e-08	49449930
637910	1	2.02224755424325e-08	49449930
639282	1	2.02224755424325e-08	49449930
639283	19	3.84227035306218e-07	49449930
640081	49	9.90901301579193e-07	49449930
640131	9	1.82002279881893e-07	49449930
640510	9	1.82002279881893e-07	49449930
640511	12	2.4266970650919e-07	49449930
640512	13	2.62892182051623e-07	49449930
640513	4	8.08899021697301e-08	49449930
641491	3	6.06674266272975e-08	49449930
642492	8	1.6177980433946e-07	49449930
643561	180	3.64004559763785e-06	49449930
643562	2	4.0444951084865e-08	49449930
643867	15	3.03337133136488e-07	49449930
644042	6	1.21334853254595e-07	49449930
644223	1	2.02224755424325e-08	49449930
644282	1	2.02224755424325e-08	49449930
644283	7	1.41557328797028e-07	49449930
644284	1	2.02224755424325e-08	49449930
644651	1	2.02224755424325e-08	49449930
644801	19	3.84227035306218e-07	49449930
644966	2	4.0444951084865e-08	49449930
645127	7	1.41557328797028e-07	49449930
645462	2	4.0444951084865e-08	49449930
645463	57	1.15268110591865e-06	49449930
645464	16	3.2355960867892e-07	49449930
645991	7	1.41557328797028e-07	49449930
646529	12	2.4266970650919e-07	49449930
648757	3	6.06674266272975e-08	49449930
648996	3	6.06674266272975e-08	49449930
648999	6	1.21334853254595e-07	49449930
649349	21	4.24671986391083e-07	49449930
649638	4	8.08899021697301e-08	49449930
649639	2	4.0444951084865e-08	49449930
649831	10	2.02224755424325e-07	49449930
650150	8	1.6177980433946e-07	49449930
651182	3	6.06674266272975e-08	49449930
651822	1	2.02224755424325e-08	49449930
652103	25	5.05561888560813e-07	49449930
653045	15	3.03337133136488e-07	49449930
653733	3	6.06674266272975e-08	49449930
655815	13	2.62892182051623e-07	49449930
655816	1	2.02224755424325e-08	49449930
656024	10	2.02224755424325e-07	49449930
656519	5	1.01112377712163e-07	49449930
657308	23	4.65116937475948e-07	49449930
657309	622	1.2578379787393e-05	49449930
657310	6	1.21334853254595e-07	49449930
657313	545	1.10212491706257e-05	49449930
657314	450	9.10011399409463e-06	49449930
657315	342	6.91608663551192e-06	49449930
657316	95	1.92113517653109e-06	49449930
657317	712	1.4398402586212e-05	49449930
657318	802	1.62184253850309e-05	49449930
657319	123	2.4873644917192e-06	49449930
657321	559	1.13043638282198e-05	49449930
657322	619	1.25177123607657e-05	49449930
657323	616	1.24570449341384e-05	49449930
657324	3	6.06674266272975e-08	49449930
658172	1	2.02224755424325e-08	49449930
661367	9	1.82002279881893e-07	49449930
661410	11	2.22447230966758e-07	49449930
662598	1	2.02224755424325e-08	49449930
662755	8	1.6177980433946e-07	49449930
663278	15	3.03337133136488e-07	49449930
663917	3	6.06674266272975e-08	49449930
665029	4	8.08899021697301e-08	49449930
665571	3	6.06674266272975e-08	49449930
666681	100	2.02224755424325e-06	49449930
666685	17	3.43782084221353e-07	49449930
666686	1	2.02224755424325e-08	49449930
667015	86	1.7391328966492e-06	49449930
668336	2	4.0444951084865e-08	49449930
669502	2	4.0444951084865e-08	49449930
670307	4	8.08899021697301e-08	49449930
670487	1	2.02224755424325e-08	49449930
673862	1	2.02224755424325e-08	49449930
675635	12	2.4266970650919e-07	49449930
679926	1	2.02224755424325e-08	49449930
679935	102	2.06269250532812e-06	49449930
680198	12	2.4266970650919e-07	49449930
680646	3	6.06674266272975e-08	49449930
682634	1	2.02224755424325e-08	49449930
682795	3	6.06674266272975e-08	49449930
684738	20	4.0444951084865e-07	49449930
685727	18	3.64004559763785e-07	49449930
688245	115	2.32558468737974e-06	49449930
688270	7	1.41557328797028e-07	49449930
690566	26	5.25784364103245e-07	49449930
690850	2	4.0444951084865e-08	49449930
693216	1	2.02224755424325e-08	49449930
693746	25	5.05561888560813e-07	49449930
693970	5	1.01112377712163e-07	49449930
693974	5	1.01112377712163e-07	49449930
693977	7	1.41557328797028e-07	49449930
693978	35	7.07786643985138e-07	49449930
693979	53	1.07179120374892e-06	49449930
693982	4	8.08899021697301e-08	49449930
694427	22	4.44894461933515e-07	49449930
695560	2	4.0444951084865e-08	49449930
696127	1	2.02224755424325e-08	49449930
696216	6	1.21334853254595e-07	49449930
696281	3	6.06674266272975e-08	49449930
696406	1	2.02224755424325e-08	49449930
696748	1	2.02224755424325e-08	49449930
696749	9	1.82002279881893e-07	49449930
697281	8	1.6177980433946e-07	49449930
697284	3	6.06674266272975e-08	49449930
697329	25	5.05561888560813e-07	49449930
698737	6	1.21334853254595e-07	49449930
698758	3	6.06674266272975e-08	49449930
698761	13	2.62892182051623e-07	49449930
698948	2	4.0444951084865e-08	49449930
698965	1	2.02224755424325e-08	49449930
698970	1	2.02224755424325e-08	49449930
698973	6	1.21334853254595e-07	49449930
699032	20	4.0444951084865e-07	49449930
699033	15	3.03337133136488e-07	49449930
699037	21	4.24671986391083e-07	49449930
699246	6	1.21334853254595e-07	49449930
700015	1	2.02224755424325e-08	49449930
700508	3	6.06674266272975e-08	49449930
700598	20	4.0444951084865e-07	49449930
701347	1	2.02224755424325e-08	49449930
701521	4	8.08899021697301e-08	49449930
702113	20	4.0444951084865e-07	49449930
702459	20	4.0444951084865e-07	49449930
707241	7	1.41557328797028e-07	49449930
709032	5	1.01112377712163e-07	49449930
709986	1	2.02224755424325e-08	49449930
709991	101	2.04247002978568e-06	49449930
710421	5	1.01112377712163e-07	49449930
710685	13	2.62892182051623e-07	49449930
710686	8	1.6177980433946e-07	49449930
710696	20	4.0444951084865e-07	49449930
712898	7	1.41557328797028e-07	49449930
712938	9	1.82002279881893e-07	49449930
712961	9	1.82002279881893e-07	49449930
713604	7	1.41557328797028e-07	49449930
713887	2	4.0444951084865e-08	49449930
714313	17	3.43782084221353e-07	49449930
714962	1	2.02224755424325e-08	49449930
715451	5	1.01112377712163e-07	49449930
716540	3	6.06674266272975e-08	49449930
716541	30	6.06674266272976e-07	49449930
716544	9	1.82002279881893e-07	49449930
717605	1	2.02224755424325e-08	49449930
717608	92	1.86046774990379e-06	49449930
717774	5	1.01112377712163e-07	49449930
717785	7	1.41557328797028e-07	49449930
717959	105	2.12335993195541e-06	49449930
717960	153	3.09403875799218e-06	49449930
717961	106	2.14358240749785e-06	49449930
717962	320	6.47119217357841e-06	49449930
718251	2	4.0444951084865e-08	49449930
718252	577	1.16683683879836e-05	49449930
718254	1	2.02224755424325e-08	49449930
718255	342	6.91608663551192e-06	49449930
718271	14	2.83114657594055e-07	49449930
718274	6	1.21334853254595e-07	49449930
720554	17	3.43782084221353e-07	49449930
722911	37	7.48231595070003e-07	49449930
741091	18	3.64004559763785e-07	49449930
742013	222	4.48938957042002e-06	49449930
743299	4	8.08899021697301e-08	49449930
743525	491	9.92923549133437e-06	49449930
743718	7	1.41557328797028e-07	49449930
743720	19	3.84227035306218e-07	49449930
743721	25	5.05561888560813e-07	49449930
743722	9	1.82002279881893e-07	49449930
743965	4	8.08899021697301e-08	49449930
743973	1	2.02224755424325e-08	49449930
744533	2	4.0444951084865e-08	49449930
744872	2	4.0444951084865e-08	49449930
744985	2	4.0444951084865e-08	49449930
745277	6	1.21334853254595e-07	49449930
745310	35	7.07786643985138e-07	49449930
745776	2	4.0444951084865e-08	49449930
746361	8	1.6177980433946e-07	49449930
746697	14	2.83114657594055e-07	49449930
748247	21	4.24671986391083e-07	49449930
748280	29	5.86451790730543e-07	49449930
748449	1	2.02224755424325e-08	49449930
748671	5	1.01112377712163e-07	49449930
748727	2	4.0444951084865e-08	49449930
749219	7	1.41557328797028e-07	49449930
749222	3	6.06674266272975e-08	49449930
749414	8	1.6177980433946e-07	49449930
749927	18	3.64004559763785e-07	49449930
751585	159	3.21537361124677e-06	49449930
751945	36	7.28009119527571e-07	49449930
754035	16	3.2355960867892e-07	49449930
754252	15	3.03337133136488e-07	49449930
754476	4	8.08899021697301e-08	49449930
754477	9	1.82002279881893e-07	49449930
754507	1	2.02224755424325e-08	49449930
755731	1	2.02224755424325e-08	49449930
755732	35	7.07786643985138e-07	49449930
756272	8	1.6177980433946e-07	49449930
757424	92	1.86046774990379e-06	49449930
757425	3	6.06674266272975e-08	49449930
758793	12	2.4266970650919e-07	49449930
759350	97	1.96158012761595e-06	49449930
759362	3	6.06674266272975e-08	49449930
759913	1	2.02224755424325e-08	49449930
760192	12	2.4266970650919e-07	49449930
760568	5	1.01112377712163e-07	49449930
760570	13	2.62892182051623e-07	49449930
761193	12	2.4266970650919e-07	49449930
762376	65	1.31446091025811e-06	49449930
762550	2	4.0444951084865e-08	49449930
762570	1	2.02224755424325e-08	49449930
762633	91	1.84024527436136e-06	49449930
762903	29	5.86451790730543e-07	49449930
762948	4	8.08899021697301e-08	49449930
765698	19	3.84227035306218e-07	49449930
765874	3	6.06674266272975e-08	49449930
765911	3	6.06674266272975e-08	49449930
765912	2	4.0444951084865e-08	49449930
765952	13	2.62892182051623e-07	49449930
767029	7	1.41557328797028e-07	49449930
767031	10	2.02224755424325e-07	49449930
767434	3	6.06674266272975e-08	49449930
767453	7	1.41557328797028e-07	49449930
767455	2	4.0444951084865e-08	49449930
767462	5	1.01112377712163e-07	49449930
767463	223	4.50961204596245e-06	49449930
767468	1	2.02224755424325e-08	49449930
767817	5	1.01112377712163e-07	49449930
768066	5	1.01112377712163e-07	49449930
768486	3	6.06674266272975e-08	49449930
768490	1	2.02224755424325e-08	49449930
768704	1	2.02224755424325e-08	49449930
768706	1	2.02224755424325e-08	49449930
797210	1	2.02224755424325e-08	49449930
798128	57	1.15268110591865e-06	49449930
857087	6	1.21334853254595e-07	49449930
858619	10	2.02224755424325e-07	49449930
859653	1	2.02224755424325e-08	49449930
859655	24	4.8533941301838e-07	49449930
859656	34	6.87564168442706e-07	49449930
859657	35	7.07786643985138e-07	49449930
860228	3	6.06674266272975e-08	49449930
861208	11	2.22447230966758e-07	49449930
861360	23	4.65116937475948e-07	49449930
862719	10	2.02224755424325e-07	49449930
862751	5	1.01112377712163e-07	49449930
862908	8	1.6177980433946e-07	49449930
862962	137	2.77047914931325e-06	49449930
862965	3	6.06674266272975e-08	49449930
862966	1	2.02224755424325e-08	49449930
862967	2	4.0444951084865e-08	49449930
862968	1	2.02224755424325e-08	49449930
862969	2	4.0444951084865e-08	49449930
862970	3	6.06674266272975e-08	49449930
862971	4	8.08899021697301e-08	49449930
865938	5	1.01112377712163e-07	49449930
866536	10	2.02224755424325e-07	49449930
866768	73	1.47624071459757e-06	49449930
866775	6	1.21334853254595e-07	49449930
866777	13	2.62892182051623e-07	49449930
866895	1	2.02224755424325e-08	49449930
867900	15	3.03337133136488e-07	49449930
867902	5	1.01112377712163e-07	49449930
867904	1	2.02224755424325e-08	49449930
868131	3	6.06674266272975e-08	49449930
868132	6	1.21334853254595e-07	49449930
868595	6	1.21334853254595e-07	49449930
868597	15	3.03337133136488e-07	49449930
868864	2	4.0444951084865e-08	49449930
869209	13	2.62892182051623e-07	49449930
869210	10	2.02224755424325e-07	49449930
869211	3	6.06674266272975e-08	49449930
869212	3	6.06674266272975e-08	49449930
869309	6	1.21334853254595e-07	49449930
869729	16	3.2355960867892e-07	49449930
871271	1	2.02224755424325e-08	49449930
871585	45	9.10011399409463e-07	49449930
871963	5	1.01112377712163e-07	49449930
872331	1	2.02224755424325e-08	49449930
875328	6	1.21334853254595e-07	49449930
879243	2	4.0444951084865e-08	49449930
880070	5	1.01112377712163e-07	49449930
880071	22	4.44894461933515e-07	49449930
880072	1	2.02224755424325e-08	49449930
880591	5	1.01112377712163e-07	49449930
880633	2	4.0444951084865e-08	49449930
880758	42	8.49343972782166e-07	49449930
882102	8	1.6177980433946e-07	49449930
882378	6	1.21334853254595e-07	49449930
882884	1	2.02224755424325e-08	49449930
883062	20	4.0444951084865e-07	49449930
884204	7	1.41557328797028e-07	49449930
885276	2	4.0444951084865e-08	49449930
886293	10	2.02224755424325e-07	49449930
886377	3	6.06674266272975e-08	49449930
886882	2	4.0444951084865e-08	49449930
887061	6	1.21334853254595e-07	49449930
889738	27	5.46006839645678e-07	49449930
889932	1	2.02224755424325e-08	49449930
890402	133	2.68958924714352e-06	49449930
891391	5	1.01112377712163e-07	49449930
903510	1	2.02224755424325e-08	49449930
903814	11	2.22447230966758e-07	49449930
905079	21	4.24671986391083e-07	49449930
906968	2	4.0444951084865e-08	49449930
907287	1	2.02224755424325e-08	49449930
908937	14	2.83114657594055e-07	49449930
909420	1	2.02224755424325e-08	49449930
909952	105	2.12335993195541e-06	49449930
909954	1	2.02224755424325e-08	49449930
910348	6	1.21334853254595e-07	49449930
911045	9	1.82002279881893e-07	49449930
914127	2	4.0444951084865e-08	49449930
926550	3	6.06674266272975e-08	49449930
926556	2	4.0444951084865e-08	49449930
926562	6	1.21334853254595e-07	49449930
926566	6	1.21334853254595e-07	49449930
926570	5	1.01112377712163e-07	49449930
927666	13	2.62892182051623e-07	49449930
927704	3	6.06674266272975e-08	49449930
929102	11	2.22447230966758e-07	49449930
929439	3	6.06674266272975e-08	49449930
929506	3	6.06674266272975e-08	49449930
929556	18	3.64004559763785e-07	49449930
929562	17	3.43782084221353e-07	49449930
930169	6	1.21334853254595e-07	49449930
930171	6	1.21334853254595e-07	49449930
930944	17	3.43782084221353e-07	49449930
931276	12	2.4266970650919e-07	49449930
931281	10	2.02224755424325e-07	49449930
931626	12	2.4266970650919e-07	49449930
931890	4	8.08899021697301e-08	49449930
935296	3	6.06674266272975e-08	49449930
935589	1	2.02224755424325e-08	49449930
935593	1	2.02224755424325e-08	49449930
935599	1	2.02224755424325e-08	49449930
936139	1	2.02224755424325e-08	49449930
936153	8	1.6177980433946e-07	49449930
936157	1	2.02224755424325e-08	49449930
937773	8	1.6177980433946e-07	49449930
937774	8	1.6177980433946e-07	49449930
940296	2	4.0444951084865e-08	49449930
941193	1	2.02224755424325e-08	49449930
941639	4	8.08899021697301e-08	49449930
944546	60	1.21334853254595e-06	49449930
944547	108	2.18402735858271e-06	49449930
945021	3	6.06674266272975e-08	49449930
945556	11	2.22447230966758e-07	49449930
945704	8	1.6177980433946e-07	49449930
945712	2	4.0444951084865e-08	49449930
946362	8	1.6177980433946e-07	49449930
946483	17	3.43782084221353e-07	49449930
953739	10	2.02224755424325e-07	49449930
956149	1	2.02224755424325e-08	49449930
977880	47	9.50456350494328e-07	49449930
979556	36	7.28009119527571e-07	49449930
980514	6	1.21334853254595e-07	49449930
981222	1	2.02224755424325e-08	49449930
981368	8	1.6177980433946e-07	49449930
981539	1	2.02224755424325e-08	49449930
981540	16	3.2355960867892e-07	49449930
983544	29	5.86451790730543e-07	49449930
983545	3	6.06674266272975e-08	49449930
983548	10	2.02224755424325e-07	49449930
983917	165	3.33670846450137e-06	49449930
984262	11	2.22447230966758e-07	49449930
984892	2	4.0444951084865e-08	49449930
985002	4	8.08899021697301e-08	49449930
990288	1	2.02224755424325e-08	49449930
990315	38	7.68454070612436e-07	49449930
990316	43	8.69566448324598e-07	49449930
990317	9	1.82002279881893e-07	49449930
991791	2	4.0444951084865e-08	49449930
991905	20	4.0444951084865e-07	49449930
992406	7	1.41557328797028e-07	49449930
994476	22	4.44894461933515e-07	49449930
994484	74	1.49646319014001e-06	49449930
996285	17	3.43782084221353e-07	49449930
998088	34	6.87564168442706e-07	49449930
999378	3	6.06674266272975e-08	49449930
999541	32	6.47119217357841e-07	49449930
999552	12	2.4266970650919e-07	49449930
999953	9	1.82002279881893e-07	49449930
1001583	1	2.02224755424325e-08	49449930
1001585	33	6.67341692900273e-07	49449930
1002672	1	2.02224755424325e-08	49449930
1002809	33	6.67341692900273e-07	49449930
1003195	18	3.64004559763785e-07	49449930
1003201	1	2.02224755424325e-08	49449930
1003202	1	2.02224755424325e-08	49449930
1004952	1	2.02224755424325e-08	49449930
1005041	10	2.02224755424325e-07	49449930
1005042	12	2.4266970650919e-07	49449930
1005048	79	1.59757556785217e-06	49449930
1005090	1	2.02224755424325e-08	49449930
1006007	1	2.02224755424325e-08	49449930
1006551	12	2.4266970650919e-07	49449930
1007105	13	2.62892182051623e-07	49449930
1008459	3	6.06674266272975e-08	49449930
1009464	3	6.06674266272975e-08	49449930
1009846	14	2.83114657594055e-07	49449930
1017264	8	1.6177980433946e-07	49449930
1028307	4	8.08899021697301e-08	49449930
1029718	1	2.02224755424325e-08	49449930
1029756	7	1.41557328797028e-07	49449930
1030843	2	4.0444951084865e-08	49449930
1031709	46	9.30233874951896e-07	49449930
1031710	23	4.65116937475948e-07	49449930
1031711	20	4.0444951084865e-07	49449930
1032480	11	2.22447230966758e-07	49449930
1033813	4	8.08899021697301e-08	49449930
1033837	1	2.02224755424325e-08	49449930
1034807	180	3.64004559763785e-06	49449930
1034809	2	4.0444951084865e-08	49449930
1035817	47	9.50456350494328e-07	49449930
1036172	40	8.08899021697301e-07	49449930
1036672	8	1.6177980433946e-07	49449930
1036743	8	1.6177980433946e-07	49449930
1037409	61	1.23357100808838e-06	49449930
1037911	236	4.77250422801407e-06	49449930
1041504	2	4.0444951084865e-08	49449930
1041826	61	1.23357100808838e-06	49449930
1042156	43	8.69566448324598e-07	49449930
1042417	1	2.02224755424325e-08	49449930
1042876	24	4.8533941301838e-07	49449930
1042878	34	6.87564168442706e-07	49449930
1045854	4	8.08899021697301e-08	49449930
1045855	19	3.84227035306218e-07	49449930
1045856	3	6.06674266272975e-08	49449930
1045858	2	4.0444951084865e-08	49449930
1046624	4	8.08899021697301e-08	49449930
1046629	105	2.12335993195541e-06	49449930
1048332	90	1.82002279881893e-06	49449930
1048689	2	4.0444951084865e-08	49449930
1049565	17	3.43782084221353e-07	49449930
1051074	44	8.89788923867031e-07	49449930
1052684	1	2.02224755424325e-08	49449930
1054460	8	1.6177980433946e-07	49449930
1055531	1	2.02224755424325e-08	49449930
1064535	49	9.90901301579193e-07	49449930
1064539	20	4.0444951084865e-07	49449930
1064592	11	2.22447230966758e-07	49449930
1069533	10	2.02224755424325e-07	49449930
1069534	7	1.41557328797028e-07	49449930
1069642	1	2.02224755424325e-08	49449930
1071378	5	1.01112377712163e-07	49449930
1071381	8	1.6177980433946e-07	49449930
1071382	7	1.41557328797028e-07	49449930
1071400	7	1.41557328797028e-07	49449930
1072459	1	2.02224755424325e-08	49449930
1072467	1	2.02224755424325e-08	49449930
1074889	1	2.02224755424325e-08	49449930
1074919	3	6.06674266272975e-08	49449930
1075089	13	2.62892182051623e-07	49449930
1075399	1	2.02224755424325e-08	49449930
1076934	15	3.03337133136488e-07	49449930
1082931	3	6.06674266272975e-08	49449930
1087452	1	2.02224755424325e-08	49449930
1089456	26	5.25784364103245e-07	49449930
1089553	5	1.01112377712163e-07	49449930
1091041	1	2.02224755424325e-08	49449930
1091045	478	9.66634330928274e-06	49449930
1091494	6	1.21334853254595e-07	49449930
1091495	1	2.02224755424325e-08	49449930
1093141	23	4.65116937475948e-07	49449930
1093787	8	1.6177980433946e-07	49449930
1094466	74	1.49646319014001e-06	49449930
1094508	1	2.02224755424325e-08	49449930
1096995	1	2.02224755424325e-08	49449930
1096996	31	6.26896741815408e-07	49449930
1097668	25	5.05561888560813e-07	49449930
1097677	12	2.4266970650919e-07	49449930
1100841	1	2.02224755424325e-08	49449930
1104320	2	4.0444951084865e-08	49449930
1104322	33	6.67341692900273e-07	49449930
1104325	6	1.21334853254595e-07	49449930
1104326	11	2.22447230966758e-07	49449930
1105110	1	2.02224755424325e-08	49449930
1107880	9	1.82002279881893e-07	49449930
1110502	18	3.64004559763785e-07	49449930
1111069	47	9.50456350494328e-07	49449930
1111678	23	4.65116937475948e-07	49449930
1112204	10	2.02224755424325e-07	49449930
1114965	9	1.82002279881893e-07	49449930
1114966	7	1.41557328797028e-07	49449930
1114967	106	2.14358240749785e-06	49449930
1114969	1360	2.75025667377082e-05	49449930
1114970	66	1.33468338580055e-06	49449930
1116231	8	1.6177980433946e-07	49449930
1117647	10	2.02224755424325e-07	49449930
1117943	9	1.82002279881893e-07	49449930
1118959	3	6.06674266272975e-08	49449930
1118963	17	3.43782084221353e-07	49449930
1121335	3	6.06674266272975e-08	49449930
1121353	20	4.0444951084865e-07	49449930
1121362	3	6.06674266272975e-08	49449930
1121448	1	2.02224755424325e-08	49449930
1121451	3	6.06674266272975e-08	49449930
1123519	23	4.65116937475948e-07	49449930
1123523	1	2.02224755424325e-08	49449930
1124936	1	2.02224755424325e-08	49449930
1124983	47	9.50456350494328e-07	49449930
1125630	16	3.2355960867892e-07	49449930
1126211	1	2.02224755424325e-08	49449930
1127134	7	1.41557328797028e-07	49449930
1128398	2	4.0444951084865e-08	49449930
1129369	1	2.02224755424325e-08	49449930
1132496	1	2.02224755424325e-08	49449930
1132507	1	2.02224755424325e-08	49449930
1133568	1	2.02224755424325e-08	49449930
1133592	1	2.02224755424325e-08	49449930
1133849	9	1.82002279881893e-07	49449930
1133850	5	1.01112377712163e-07	49449930
1133852	5	1.01112377712163e-07	49449930
1133853	11	2.22447230966758e-07	49449930
1134454	735	1.48635195236879e-05	49449930
1134782	1	2.02224755424325e-08	49449930
1136179	2458	4.97068448832991e-05	49449930
1137651	8	1.6177980433946e-07	49449930
1138308	3	6.06674266272975e-08	49449930
1138382	4	8.08899021697301e-08	49449930
1138383	5	1.01112377712163e-07	49449930
1138871	2	4.0444951084865e-08	49449930
1142394	5	1.01112377712163e-07	49449930
1144275	10	2.02224755424325e-07	49449930
1146883	18	3.64004559763785e-07	49449930
1150469	3	6.06674266272975e-08	49449930
1151116	10	2.02224755424325e-07	49449930
1155071	3	6.06674266272975e-08	49449930
1155766	9	1.82002279881893e-07	49449930
1155777	1	2.02224755424325e-08	49449930
1156431	4	8.08899021697301e-08	49449930
1156433	7	1.41557328797028e-07	49449930
1156913	12	2.4266970650919e-07	49449930
1157951	1	2.02224755424325e-08	49449930
1161918	1	2.02224755424325e-08	49449930
1163389	1	2.02224755424325e-08	49449930
1163399	40	8.08899021697301e-07	49449930
1163617	20	4.0444951084865e-07	49449930
1163748	4	8.08899021697301e-08	49449930
1166018	5	1.01112377712163e-07	49449930
1166130	1	2.02224755424325e-08	49449930
1167006	4	8.08899021697301e-08	49449930
1167634	44	8.89788923867031e-07	49449930
1168287	2	4.0444951084865e-08	49449930
1170318	41	8.29121497239733e-07	49449930
1170562	2	4.0444951084865e-08	49449930
1171373	11	2.22447230966758e-07	49449930
1171376	7	1.41557328797028e-07	49449930
1171377	1	2.02224755424325e-08	49449930
1173020	37	7.48231595070003e-07	49449930
1173022	6	1.21334853254595e-07	49449930
1173025	1	2.02224755424325e-08	49449930
1173026	7	1.41557328797028e-07	49449930
1173027	2	4.0444951084865e-08	49449930
1173263	3	6.06674266272975e-08	49449930
1173427	1	2.02224755424325e-08	49449930
1174529	1	2.02224755424325e-08	49449930
1179773	11	2.22447230966758e-07	49449930
1183438	1	2.02224755424325e-08	49449930
1184253	1	2.02224755424325e-08	49449930
1184267	6	1.21334853254595e-07	49449930
1185652	10	2.02224755424325e-07	49449930
1187956	54	1.09201367929136e-06	49449930
1191061	26	5.25784364103245e-07	49449930
1192196	1	2.02224755424325e-08	49449930
1193292	29	5.86451790730543e-07	49449930
1193576	3	6.06674266272975e-08	49449930
1193729	1	2.02224755424325e-08	49449930
1193806	1	2.02224755424325e-08	49449930
1194526	11	2.22447230966758e-07	49449930
1196325	18	3.64004559763785e-07	49449930
1196835	23	4.65116937475948e-07	49449930
1198114	2	4.0444951084865e-08	49449930
1198232	3	6.06674266272975e-08	49449930
1198627	4	8.08899021697301e-08	49449930
1198676	3	6.06674266272975e-08	49449930
1199187	4	8.08899021697301e-08	49449930
1200352	4	8.08899021697301e-08	49449930
1201010	3	6.06674266272975e-08	49449930
1201294	2	4.0444951084865e-08	49449930
1202772	1	2.02224755424325e-08	49449930
1203460	3	6.06674266272975e-08	49449930
1204414	48	9.70678826036761e-07	49449930
1205910	15	3.03337133136488e-07	49449930
1206105	2	4.0444951084865e-08	49449930
1207075	61	1.23357100808838e-06	49449930
1208658	9	1.82002279881893e-07	49449930
1208660	7	1.41557328797028e-07	49449930
1208919	2	4.0444951084865e-08	49449930
1208923	3	6.06674266272975e-08	49449930
1209989	4	8.08899021697301e-08	49449930
1211025	3	6.06674266272975e-08	49449930
1211579	22	4.44894461933515e-07	49449930
1214101	6	1.21334853254595e-07	49449930
1214242	7	1.41557328797028e-07	49449930
1215088	38	7.68454070612436e-07	49449930
1216976	42	8.49343972782166e-07	49449930
1218175	1	2.02224755424325e-08	49449930
1218933	1	2.02224755424325e-08	49449930
1219076	1	2.02224755424325e-08	49449930
1219083	1	2.02224755424325e-08	49449930
1224163	2	4.0444951084865e-08	49449930
1224746	2	4.0444951084865e-08	49449930
1228997	4	8.08899021697301e-08	49449930
1229205	7	1.41557328797028e-07	49449930
1229512	1	2.02224755424325e-08	49449930
1229756	2	4.0444951084865e-08	49449930
1229758	6	1.21334853254595e-07	49449930
1229908	2	4.0444951084865e-08	49449930
1229909	2	4.0444951084865e-08	49449930
1230587	2	4.0444951084865e-08	49449930
1231072	2	4.0444951084865e-08	49449930
1231626	1	2.02224755424325e-08	49449930
1232381	7	1.41557328797028e-07	49449930
1232383	2	4.0444951084865e-08	49449930
1234378	1	2.02224755424325e-08	49449930
1234380	7	1.41557328797028e-07	49449930
1234679	50	1.01112377712163e-06	49449930
1236903	5	1.01112377712163e-07	49449930
1236908	1	2.02224755424325e-08	49449930
1240471	1	2.02224755424325e-08	49449930
1241583	1	2.02224755424325e-08	49449930
1244085	2	4.0444951084865e-08	49449930
1244528	1	2.02224755424325e-08	49449930
1245469	40	8.08899021697301e-07	49449930
1245471	80	1.6177980433946e-06	49449930
1246301	196	3.96360520631677e-06	49449930
1246365	3	6.06674266272975e-08	49449930
1246995	14	2.83114657594055e-07	49449930
1249480	4	8.08899021697301e-08	49449930
1249526	1	2.02224755424325e-08	49449930
1249531	3	6.06674266272975e-08	49449930
1249634	3	6.06674266272975e-08	49449930
1249661	3	6.06674266272975e-08	49449930
1254432	7	1.41557328797028e-07	49449930
1254439	6	1.21334853254595e-07	49449930
1255043	3	6.06674266272975e-08	49449930
1257118	2	4.0444951084865e-08	49449930
1260292	1	2.02224755424325e-08	49449930
1261131	1	2.02224755424325e-08	49449930
1261557	2	4.0444951084865e-08	49449930
1262161	3	6.06674266272975e-08	49449930
1262456	24	4.8533941301838e-07	49449930
1265601	3	6.06674266272975e-08	49449930
1266845	33	6.67341692900273e-07	49449930
1267577	3	6.06674266272975e-08	49449930
1267754	5	1.01112377712163e-07	49449930
1271752	3	6.06674266272975e-08	49449930
1271863	4	8.08899021697301e-08	49449930
1273173	4	8.08899021697301e-08	49449930
1276220	1	2.02224755424325e-08	49449930
1276227	1	2.02224755424325e-08	49449930
1276229	1	2.02224755424325e-08	49449930
1276282	5	1.01112377712163e-07	49449930
1278073	2	4.0444951084865e-08	49449930
1280938	1	2.02224755424325e-08	49449930
1282356	133	2.68958924714352e-06	49449930
1283331	9	1.82002279881893e-07	49449930
1286170	16	3.2355960867892e-07	49449930
1288394	42	8.49343972782166e-07	49449930
1292033	1	2.02224755424325e-08	49449930
1294143	20	4.0444951084865e-07	49449930
1295826	3	6.06674266272975e-08	49449930
1298593	3	6.06674266272975e-08	49449930
1298917	1	2.02224755424325e-08	49449930
1300150	2	4.0444951084865e-08	49449930
1300255	1	2.02224755424325e-08	49449930
1300256	1	2.02224755424325e-08	49449930
1300257	1	2.02224755424325e-08	49449930
1302858	1	2.02224755424325e-08	49449930
1302863	5	1.01112377712163e-07	49449930
1303692	3	6.06674266272975e-08	49449930
1304892	3	6.06674266272975e-08	49449930
1305849	12	2.4266970650919e-07	49449930
1310114	1	2.02224755424325e-08	49449930
1310161	13	2.62892182051623e-07	49449930
1311760	1	2.02224755424325e-08	49449930
1313172	19	3.84227035306218e-07	49449930
1314884	2	4.0444951084865e-08	49449930
1316932	1	2.02224755424325e-08	49449930
1318635	3	6.06674266272975e-08	49449930
1321370	3	6.06674266272975e-08	49449930
1322346	2	4.0444951084865e-08	49449930
1328306	11	2.22447230966758e-07	49449930
1331671	23	4.65116937475948e-07	49449930
1332188	12	2.4266970650919e-07	49449930
1334187	2	4.0444951084865e-08	49449930
1335757	1	2.02224755424325e-08	49449930
1340495	1	2.02224755424325e-08	49449930
1340851	3	6.06674266272975e-08	49449930
1341692	2	4.0444951084865e-08	49449930
1343740	8	1.6177980433946e-07	49449930
1345695	14	2.83114657594055e-07	49449930
1346614	9	1.82002279881893e-07	49449930
1348660	2	4.0444951084865e-08	49449930
1348662	6	1.21334853254595e-07	49449930
1355100	1	2.02224755424325e-08	49449930
1367847	6	1.21334853254595e-07	49449930
1379702	22	4.44894461933515e-07	49449930
1380774	13	2.62892182051623e-07	49449930
1380908	28	5.6622931518811e-07	49449930
1383068	1	2.02224755424325e-08	49449930
1384484	8	1.6177980433946e-07	49449930
1385727	1	2.02224755424325e-08	49449930
1389489	10	2.02224755424325e-07	49449930
1394709	3	6.06674266272975e-08	49449930
1394711	6	1.21334853254595e-07	49449930
1394889	1	2.02224755424325e-08	49449930
1399116	4	8.08899021697301e-08	49449930
1400867	11	2.22447230966758e-07	49449930
1401659	11	2.22447230966758e-07	49449930
1406864	1	2.02224755424325e-08	49449930
1408206	2	4.0444951084865e-08	49449930
1408272	2	4.0444951084865e-08	49449930
1415629	2	4.0444951084865e-08	49449930
1415630	309	6.24874494261165e-06	49449930
1416914	14	2.83114657594055e-07	49449930
1423144	6	1.21334853254595e-07	49449930
1427342	14	2.83114657594055e-07	49449930
1430440	5	1.01112377712163e-07	49449930
1435044	11	2.22447230966758e-07	49449930
1435058	4	8.08899021697301e-08	49449930
1435356	22	4.44894461933515e-07	49449930
1436140	58	1.17290358146109e-06	49449930
