Tax.ID	Frequency	Proportion	Total
394	1	9.22785515929013e-09	108367544
883	1	9.22785515929013e-09	108367544
2762	10	9.22785515929013e-08	108367544
2769	1	9.22785515929013e-09	108367544
2771	3	2.76835654778704e-08	108367544
2787	6	5.53671309557408e-08	108367544
2788	1	9.22785515929013e-09	108367544
2829	2	1.84557103185803e-08	108367544
2839	24	2.21468523822963e-07	108367544
2850	31	2.86063509937994e-07	108367544
2872	1	9.22785515929013e-09	108367544
2880	1	9.22785515929013e-09	108367544
2898	1	9.22785515929013e-09	108367544
2903	2	1.84557103185803e-08	108367544
3037	2	1.84557103185803e-08	108367544
4770	3	2.76835654778704e-08	108367544
4950	2	1.84557103185803e-08	108367544
5518	2	1.84557103185803e-08	108367544
5749	1	9.22785515929013e-09	108367544
5762	1	9.22785515929013e-09	108367544
5823	1	9.22785515929013e-09	108367544
5851	5	4.61392757964506e-08	108367544
5932	5	4.61392757964506e-08	108367544
10870	1	9.22785515929013e-09	108367544
13035	1	9.22785515929013e-09	108367544
31964	5	4.61392757964506e-08	108367544
32051	3	2.76835654778704e-08	108367544
32603	2	1.84557103185803e-08	108367544
32604	1	9.22785515929013e-09	108367544
33657	1	9.22785515929013e-09	108367544
33658	1	9.22785515929013e-09	108367544
35128	29	2.67607799619414e-07	108367544
35688	2	1.84557103185803e-08	108367544
36329	1	9.22785515929013e-09	108367544
36809	2	1.84557103185803e-08	108367544
43925	2	1.84557103185803e-08	108367544
43926	2	1.84557103185803e-08	108367544
44056	2	1.84557103185803e-08	108367544
44058	1	9.22785515929013e-09	108367544
45157	1	9.22785515929013e-09	108367544
46234	2	1.84557103185803e-08	108367544
47573	1	9.22785515929013e-09	108367544
52970	4	3.69114206371605e-08	108367544
55529	14	1.29189972230062e-07	108367544
56110	4	3.69114206371605e-08	108367544
56780	1	9.22785515929013e-09	108367544
59922	2	1.84557103185803e-08	108367544
60480	1	9.22785515929013e-09	108367544
60481	4	3.69114206371605e-08	108367544
62928	14	1.29189972230062e-07	108367544
62977	3	2.76835654778704e-08	108367544
64471	3	2.76835654778704e-08	108367544
65071	3	2.76835654778704e-08	108367544
65093	1	9.22785515929013e-09	108367544
66692	1	9.22785515929013e-09	108367544
67593	2	1.84557103185803e-08	108367544
69328	6	5.53671309557408e-08	108367544
71421	1	9.22785515929013e-09	108367544
72520	4	3.69114206371605e-08	108367544
74547	2	1.84557103185803e-08	108367544
75379	20	1.84557103185803e-07	108367544
76114	8	7.3822841274321e-08	108367544
76869	8	7.3822841274321e-08	108367544
78245	18	1.66101392867222e-07	108367544
83406	1	9.22785515929013e-09	108367544
84588	6	5.53671309557408e-08	108367544
85569	2	1.84557103185803e-08	108367544
85643	18	1.66101392867222e-07	108367544
86416	1	9.22785515929013e-09	108367544
94122	3	2.76835654778704e-08	108367544
96563	23	2.12240668663673e-07	108367544
99287	1	9.22785515929013e-09	108367544
100226	2	1.84557103185803e-08	108367544
101510	36	3.32202785734445e-07	108367544
106370	1	9.22785515929013e-09	108367544
110662	1	9.22785515929013e-09	108367544
111780	2	1.84557103185803e-08	108367544
114615	11	1.01506406752191e-07	108367544
120807	7	6.45949861150309e-08	108367544
122587	5	4.61392757964506e-08	108367544
126793	1	9.22785515929013e-09	108367544
134676	6	5.53671309557408e-08	108367544
137722	4	3.69114206371605e-08	108367544
155864	1	9.22785515929013e-09	108367544
158878	5	4.61392757964506e-08	108367544
158879	1	9.22785515929013e-09	108367544
159087	4	3.69114206371605e-08	108367544
160488	4	3.69114206371605e-08	108367544
160491	1	9.22785515929013e-09	108367544
160492	1	9.22785515929013e-09	108367544
160619	22	2.03012813504383e-07	108367544
164037	6	5.53671309557408e-08	108367544
164328	2	1.84557103185803e-08	108367544
164756	7	6.45949861150309e-08	108367544
164757	1	9.22785515929013e-09	108367544
167555	1	9.22785515929013e-09	108367544
167879	2	1.84557103185803e-08	108367544
170187	3	2.76835654778704e-08	108367544
171101	39	3.59886351212315e-07	108367544
172968	1	9.22785515929013e-09	108367544
176279	137	1.26421615682275e-06	108367544
176280	137	1.26421615682275e-06	108367544
176299	2	1.84557103185803e-08	108367544
179408	3	2.76835654778704e-08	108367544
186103	1	9.22785515929013e-09	108367544
187272	6	5.53671309557408e-08	108367544
187303	7	6.45949861150309e-08	108367544
189423	7	6.45949861150309e-08	108367544
189918	6	5.53671309557408e-08	108367544
190304	1	9.22785515929013e-09	108367544
190485	52	4.79848468283087e-07	108367544
190486	5	4.61392757964506e-08	108367544
190650	20	1.84557103185803e-07	108367544
195103	4	3.69114206371605e-08	108367544
196162	1	9.22785515929013e-09	108367544
196164	7	6.45949861150309e-08	108367544
196620	1	9.22785515929013e-09	108367544
197221	1	9.22785515929013e-09	108367544
198628	1	9.22785515929013e-09	108367544
203119	1	9.22785515929013e-09	108367544
203120	4	3.69114206371605e-08	108367544
203123	2	1.84557103185803e-08	108367544
203124	13	1.19962117070772e-07	108367544
203275	1	9.22785515929013e-09	108367544
204669	1	9.22785515929013e-09	108367544
204773	18	1.66101392867222e-07	108367544
205913	1	9.22785515929013e-09	108367544
205918	4	3.69114206371605e-08	108367544
205922	15	1.38417827389352e-07	108367544
206672	1	9.22785515929013e-09	108367544
208963	21	1.93784958345093e-07	108367544
208964	25	2.30696378982253e-07	108367544
211586	1	9.22785515929013e-09	108367544
216591	11	1.01506406752191e-07	108367544
216592	1	9.22785515929013e-09	108367544
216595	46	4.24481337327346e-07	108367544
216596	10	9.22785515929013e-08	108367544
220341	19	1.75329248026512e-07	108367544
220664	8	7.3822841274321e-08	108367544
220668	1	9.22785515929013e-09	108367544
223283	4	3.69114206371605e-08	108367544
224911	25	2.30696378982253e-07	108367544
224914	5	4.61392757964506e-08	108367544
225937	5	4.61392757964506e-08	108367544
226185	1	9.22785515929013e-09	108367544
226186	2	1.84557103185803e-08	108367544
227321	1	9.22785515929013e-09	108367544
227882	5	4.61392757964506e-08	108367544
228405	2	1.84557103185803e-08	108367544
228410	3	2.76835654778704e-08	108367544
229533	3	2.76835654778704e-08	108367544
231023	3	2.76835654778704e-08	108367544
232721	529	4.88153537926448e-06	108367544
234267	3	2.76835654778704e-08	108367544
234621	1229	1.13410339907676e-05	108367544
234831	1	9.22785515929013e-09	108367544
235909	1	9.22785515929013e-09	108367544
240015	1	9.22785515929013e-09	108367544
242231	3	2.76835654778704e-08	108367544
242619	2	1.84557103185803e-08	108367544
243090	1	9.22785515929013e-09	108367544
243159	2	1.84557103185803e-08	108367544
243230	1	9.22785515929013e-09	108367544
243231	1	9.22785515929013e-09	108367544
243233	9	8.30506964336112e-08	108367544
243243	5	4.61392757964506e-08	108367544
243272	1	9.22785515929013e-09	108367544
243365	5	4.61392757964506e-08	108367544
246196	11	1.01506406752191e-07	108367544
246197	6	5.53671309557408e-08	108367544
246198	6	5.53671309557408e-08	108367544
247156	4	3.69114206371605e-08	108367544
251221	1	9.22785515929013e-09	108367544
257310	11	1.01506406752191e-07	108367544
257311	3	2.76835654778704e-08	108367544
257313	9	8.30506964336112e-08	108367544
258594	11	1.01506406752191e-07	108367544
259536	1	9.22785515929013e-09	108367544
261292	2	1.84557103185803e-08	108367544
262316	4	3.69114206371605e-08	108367544
262724	56	5.16759888920247e-07	108367544
262728	2	1.84557103185803e-08	108367544
263358	2	1.84557103185803e-08	108367544
264198	22	2.03012813504383e-07	108367544
264199	3	2.76835654778704e-08	108367544
264203	1	9.22785515929013e-09	108367544
264462	2	1.84557103185803e-08	108367544
264730	6	5.53671309557408e-08	108367544
265072	7	6.45949861150309e-08	108367544
266117	3	2.76835654778704e-08	108367544
266264	50	4.61392757964506e-07	108367544
266265	7	6.45949861150309e-08	108367544
266779	9	8.30506964336112e-08	108367544
266834	4	3.69114206371605e-08	108367544
266835	9	8.30506964336112e-08	108367544
266940	1	9.22785515929013e-09	108367544
267608	18	1.66101392867222e-07	108367544
267747	24	2.21468523822963e-07	108367544
269084	1	9.22785515929013e-09	108367544
269482	20	1.84557103185803e-07	108367544
269797	1	9.22785515929013e-09	108367544
269800	11	1.01506406752191e-07	108367544
271848	1	9.22785515929013e-09	108367544
272564	2	1.84557103185803e-08	108367544
272568	2	1.84557103185803e-08	108367544
272620	21	1.93784958345093e-07	108367544
272621	1	9.22785515929013e-09	108367544
272622	6	5.53671309557408e-08	108367544
272623	8	7.3822841274321e-08	108367544
272626	2	1.84557103185803e-08	108367544
272630	26	2.39924234141543e-07	108367544
272831	16	1.47645682548642e-07	108367544
272942	4	3.69114206371605e-08	108367544
278137	5	4.61392757964506e-08	108367544
278197	2	1.84557103185803e-08	108367544
279010	5	4.61392757964506e-08	108367544
279238	13	1.19962117070772e-07	108367544
279808	20	1.84557103185803e-07	108367544
280463	1	9.22785515929013e-09	108367544
281310	4	3.69114206371605e-08	108367544
282459	1	9.22785515929013e-09	108367544
284591	5	4.61392757964506e-08	108367544
284592	5	4.61392757964506e-08	108367544
284593	2	1.84557103185803e-08	108367544
285951	1	9.22785515929013e-09	108367544
288000	12	1.10734261911482e-07	108367544
290338	2	1.84557103185803e-08	108367544
290339	1	9.22785515929013e-09	108367544
290340	14	1.29189972230062e-07	108367544
290397	1	9.22785515929013e-09	108367544
290398	1	9.22785515929013e-09	108367544
290399	7	6.45949861150309e-08	108367544
290400	1	9.22785515929013e-09	108367544
291331	3	2.76835654778704e-08	108367544
292415	12	1.10734261911482e-07	108367544
292459	13	1.19962117070772e-07	108367544
292563	1	9.22785515929013e-09	108367544
292564	4	3.69114206371605e-08	108367544
293614	1	9.22785515929013e-09	108367544
293826	4	3.69114206371605e-08	108367544
295405	1	9.22785515929013e-09	108367544
296543	23	2.12240668663673e-07	108367544
296591	26	2.39924234141543e-07	108367544
298653	3	2.76835654778704e-08	108367544
298654	3	2.76835654778704e-08	108367544
300267	2	1.84557103185803e-08	108367544
300852	30	2.76835654778704e-07	108367544
306537	4	3.69114206371605e-08	108367544
311402	2	1.84557103185803e-08	108367544
311403	4	3.69114206371605e-08	108367544
312153	3	2.76835654778704e-08	108367544
313596	2	1.84557103185803e-08	108367544
314225	2	1.84557103185803e-08	108367544
314315	1	9.22785515929013e-09	108367544
314565	39	3.59886351212315e-07	108367544
315456	2	1.84557103185803e-08	108367544
315730	9	8.30506964336112e-08	108367544
315749	2	1.84557103185803e-08	108367544
315750	3	2.76835654778704e-08	108367544
316055	12	1.10734261911482e-07	108367544
316056	3	2.76835654778704e-08	108367544
316057	8	7.3822841274321e-08	108367544
316058	13	1.19962117070772e-07	108367544
316067	1	9.22785515929013e-09	108367544
316273	2	1.84557103185803e-08	108367544
316278	3	2.76835654778704e-08	108367544
316385	2	1.84557103185803e-08	108367544
317655	9	8.30506964336112e-08	108367544
318167	1	9.22785515929013e-09	108367544
318586	6	5.53671309557408e-08	108367544
319224	2	1.84557103185803e-08	108367544
319795	7	6.45949861150309e-08	108367544
320372	1	9.22785515929013e-09	108367544
320373	2	1.84557103185803e-08	108367544
320388	9	8.30506964336112e-08	108367544
320483	1	9.22785515929013e-09	108367544
321956	9	8.30506964336112e-08	108367544
321967	6	5.53671309557408e-08	108367544
322159	46	4.24481337327346e-07	108367544
322710	12	1.10734261911482e-07	108367544
323097	4	3.69114206371605e-08	108367544
323098	11	1.01506406752191e-07	108367544
324602	2	1.84557103185803e-08	108367544
324831	8	7.3822841274321e-08	108367544
325240	1	9.22785515929013e-09	108367544
326424	7	6.45949861150309e-08	108367544
326425	3	2.76835654778704e-08	108367544
326426	1	9.22785515929013e-09	108367544
326427	1	9.22785515929013e-09	108367544
326442	1	9.22785515929013e-09	108367544
329726	1	9.22785515929013e-09	108367544
330214	2	1.84557103185803e-08	108367544
330879	3	2.76835654778704e-08	108367544
331104	1	9.22785515929013e-09	108367544
331111	5	4.61392757964506e-08	108367544
331112	3	2.76835654778704e-08	108367544
331271	19	1.75329248026512e-07	108367544
331272	11	1.01506406752191e-07	108367544
334413	6	5.53671309557408e-08	108367544
335283	4	3.69114206371605e-08	108367544
335541	2	1.84557103185803e-08	108367544
335543	1	9.22785515929013e-09	108367544
335659	18	1.66101392867222e-07	108367544
337191	3	2.76835654778704e-08	108367544
338966	1	9.22785515929013e-09	108367544
338969	18	1.66101392867222e-07	108367544
339670	73	6.73633426628179e-07	108367544
340100	35	3.22974930575155e-07	108367544
340322	2	1.84557103185803e-08	108367544
342108	5	4.61392757964506e-08	108367544
342109	2	1.84557103185803e-08	108367544
342451	12	1.10734261911482e-07	108367544
343509	1	9.22785515929013e-09	108367544
347253	9	8.30506964336112e-08	108367544
349101	3	2.76835654778704e-08	108367544
349102	5	4.61392757964506e-08	108367544
349106	3	2.76835654778704e-08	108367544
349124	1	9.22785515929013e-09	108367544
349163	4	3.69114206371605e-08	108367544
349741	1	9.22785515929013e-09	108367544
350054	7	6.45949861150309e-08	108367544
350058	6	5.53671309557408e-08	108367544
351348	10	9.22785515929013e-08	108367544
351607	1	9.22785515929013e-09	108367544
351745	8	7.3822841274321e-08	108367544
351746	6	5.53671309557408e-08	108367544
352914	6	5.53671309557408e-08	108367544
353153	3	2.76835654778704e-08	108367544
353496	1	9.22785515929013e-09	108367544
357348	14	1.29189972230062e-07	108367544
357808	1	9.22785515929013e-09	108367544
358220	416	3.83878774626469e-06	108367544
358681	4	3.69114206371605e-08	108367544
359786	12	1.10734261911482e-07	108367544
359787	1	9.22785515929013e-09	108367544
360094	4	3.69114206371605e-08	108367544
360095	1	9.22785515929013e-09	108367544
360104	1	9.22785515929013e-09	108367544
360910	3	2.76835654778704e-08	108367544
362663	2	1.84557103185803e-08	108367544
362948	1	9.22785515929013e-09	108367544
365044	49	4.52164902805216e-07	108367544
365046	79	7.2900055758392e-07	108367544
365048	1	9.22785515929013e-09	108367544
365659	76	7.0131699210605e-07	108367544
366394	3	2.76835654778704e-08	108367544
366602	14	1.29189972230062e-07	108367544
367775	4	3.69114206371605e-08	108367544
367928	10	9.22785515929013e-08	108367544
369723	3	2.76835654778704e-08	108367544
370354	1	9.22785515929013e-09	108367544
370438	1	9.22785515929013e-09	108367544
370554	2	1.84557103185803e-08	108367544
373153	53	4.89076323442377e-07	108367544
373384	10	9.22785515929013e-08	108367544
374463	2	1.84557103185803e-08	108367544
374833	4	3.69114206371605e-08	108367544
374930	2	1.84557103185803e-08	108367544
374931	2	1.84557103185803e-08	108367544
375286	6	5.53671309557408e-08	108367544
376686	1	9.22785515929013e-09	108367544
376758	2	1.84557103185803e-08	108367544
378753	8	7.3822841274321e-08	108367544
378806	2	1.84557103185803e-08	108367544
379066	2	1.84557103185803e-08	108367544
379731	29	2.67607799619414e-07	108367544
380358	3	2.76835654778704e-08	108367544
380394	2	1.84557103185803e-08	108367544
380703	11	1.01506406752191e-07	108367544
381666	24	2.21468523822963e-07	108367544
381754	15	1.38417827389352e-07	108367544
382245	21	1.93784958345093e-07	108367544
383407	1	9.22785515929013e-09	108367544
383629	1	9.22785515929013e-09	108367544
384676	13	1.19962117070772e-07	108367544
386043	5	4.61392757964506e-08	108367544
386585	2	1.84557103185803e-08	108367544
387344	1	9.22785515929013e-09	108367544
388919	14	1.29189972230062e-07	108367544
390235	7	6.45949861150309e-08	108367544
390333	15	1.38417827389352e-07	108367544
391008	28	2.58379944460124e-07	108367544
391037	1	9.22785515929013e-09	108367544
391038	3	2.76835654778704e-08	108367544
391165	1	9.22785515929013e-09	108367544
391295	4	3.69114206371605e-08	108367544
391296	4	3.69114206371605e-08	108367544
391616	3	2.76835654778704e-08	108367544
391619	1	9.22785515929013e-09	108367544
391626	5	4.61392757964506e-08	108367544
391735	59	5.44443454398118e-07	108367544
391904	3	2.76835654778704e-08	108367544
392499	27	2.49152089300833e-07	108367544
393011	3	2.76835654778704e-08	108367544
393115	1	9.22785515929013e-09	108367544
394221	2	1.84557103185803e-08	108367544
394503	1	9.22785515929013e-09	108367544
395019	58	5.35215599238827e-07	108367544
395491	2	1.84557103185803e-08	108367544
395492	5	4.61392757964506e-08	108367544
395495	76	7.0131699210605e-07	108367544
395960	16	1.47645682548642e-07	108367544
395963	1	9.22785515929013e-09	108367544
395965	5	4.61392757964506e-08	108367544
396588	7	6.45949861150309e-08	108367544
396595	1	9.22785515929013e-09	108367544
397945	90	8.30506964336112e-07	108367544
398527	10	9.22785515929013e-08	108367544
398577	13	1.19962117070772e-07	108367544
398578	361	3.33125571250374e-06	108367544
398580	2	1.84557103185803e-08	108367544
399599	1	9.22785515929013e-09	108367544
399726	2	1.84557103185803e-08	108367544
399739	26	2.39924234141543e-07	108367544
399741	1	9.22785515929013e-09	108367544
399742	2	1.84557103185803e-08	108367544
399804	3	2.76835654778704e-08	108367544
400667	53	4.89076323442377e-07	108367544
400673	1	9.22785515929013e-09	108367544
400756	9	8.30506964336112e-08	108367544
401614	2	1.84557103185803e-08	108367544
402612	1	9.22785515929013e-09	108367544
402626	20	1.84557103185803e-07	108367544
402881	9	8.30506964336112e-08	108367544
402882	1	9.22785515929013e-09	108367544
403677	10	9.22785515929013e-08	108367544
404380	1	9.22785515929013e-09	108367544
404589	2	1.84557103185803e-08	108367544
405416	31	2.86063509937994e-07	108367544
405440	2	1.84557103185803e-08	108367544
405441	1	9.22785515929013e-09	108367544
405531	1	9.22785515929013e-09	108367544
405532	2	1.84557103185803e-08	108367544
405534	1	9.22785515929013e-09	108367544
405535	2	1.84557103185803e-08	108367544
405566	1	9.22785515929013e-09	108367544
405948	1	9.22785515929013e-09	108367544
405955	13	1.19962117070772e-07	108367544
406425	2	1.84557103185803e-08	108367544
407976	1	9.22785515929013e-09	108367544
410289	1	9.22785515929013e-09	108367544
412022	5	4.61392757964506e-08	108367544
412694	2	1.84557103185803e-08	108367544
414684	4	3.69114206371605e-08	108367544
416344	1	9.22785515929013e-09	108367544
416870	7	6.45949861150309e-08	108367544
419610	21	1.93784958345093e-07	108367544
419947	1	9.22785515929013e-09	108367544
420662	62	5.72127019875988e-07	108367544
423211	1	9.22785515929013e-09	108367544
423212	1	9.22785515929013e-09	108367544
423368	16	1.47645682548642e-07	108367544
423536	1	9.22785515929013e-09	108367544
424182	1	9.22785515929013e-09	108367544
425011	16	1.47645682548642e-07	108367544
426114	10	9.22785515929013e-08	108367544
426117	9	8.30506964336112e-08	108367544
426355	46	4.24481337327346e-07	108367544
426430	4	3.69114206371605e-08	108367544
428406	32	2.95291365097284e-07	108367544
431895	4	3.69114206371605e-08	108367544
431943	2	1.84557103185803e-08	108367544
431947	2	1.84557103185803e-08	108367544
435590	7	6.45949861150309e-08	108367544
435591	2	1.84557103185803e-08	108367544
435998	5	4.61392757964506e-08	108367544
436717	11	1.01506406752191e-07	108367544
438753	12	1.10734261911482e-07	108367544
439375	6	5.53671309557408e-08	108367544
439843	17	1.56873537707932e-07	108367544
439855	2	1.84557103185803e-08	108367544
440085	12	1.10734261911482e-07	108367544
441375	2	1.84557103185803e-08	108367544
441620	29	2.67607799619414e-07	108367544
442563	5	4.61392757964506e-08	108367544
443143	1	9.22785515929013e-09	108367544
443144	1	9.22785515929013e-09	108367544
443218	1	9.22785515929013e-09	108367544
443906	8	7.3822841274321e-08	108367544
444177	1	9.22785515929013e-09	108367544
444178	6	5.53671309557408e-08	108367544
446465	4	3.69114206371605e-08	108367544
446466	3	2.76835654778704e-08	108367544
446468	4	3.69114206371605e-08	108367544
446469	1	9.22785515929013e-09	108367544
446470	2	1.84557103185803e-08	108367544
446471	2	1.84557103185803e-08	108367544
447217	7	6.45949861150309e-08	108367544
448385	1	9.22785515929013e-09	108367544
449447	3	2.76835654778704e-08	108367544
450851	6	5.53671309557408e-08	108367544
451516	1	9.22785515929013e-09	108367544
452637	4	3.69114206371605e-08	108367544
452638	1	9.22785515929013e-09	108367544
452652	3	2.76835654778704e-08	108367544
452662	12	1.10734261911482e-07	108367544
452863	4	3.69114206371605e-08	108367544
454169	16	1.47645682548642e-07	108367544
455488	2	1.84557103185803e-08	108367544
457425	3	2.76835654778704e-08	108367544
460265	13	1.19962117070772e-07	108367544
465515	66	6.09038440513148e-07	108367544
465817	1	9.22785515929013e-09	108367544
467705	15	1.38417827389352e-07	108367544
469371	2	1.84557103185803e-08	108367544
469383	2	1.84557103185803e-08	108367544
469604	2	1.84557103185803e-08	108367544
469607	2	1.84557103185803e-08	108367544
471223	4	3.69114206371605e-08	108367544
471852	2	1.84557103185803e-08	108367544
471853	3	2.76835654778704e-08	108367544
471856	1	9.22785515929013e-09	108367544
471857	3	2.76835654778704e-08	108367544
477641	9	8.30506964336112e-08	108367544
478433	1	9.22785515929013e-09	108367544
478434	1	9.22785515929013e-09	108367544
478801	10	9.22785515929013e-08	108367544
479431	4	3.69114206371605e-08	108367544
479432	2	1.84557103185803e-08	108367544
479433	4	3.69114206371605e-08	108367544
479434	1	9.22785515929013e-09	108367544
479436	9	8.30506964336112e-08	108367544
480119	14	1.29189972230062e-07	108367544
481448	1	9.22785515929013e-09	108367544
481805	7	6.45949861150309e-08	108367544
481877	1	9.22785515929013e-09	108367544
482957	19	1.75329248026512e-07	108367544
483179	3	2.76835654778704e-08	108367544
483219	4	3.69114206371605e-08	108367544
484020	1	9.22785515929013e-09	108367544
484021	8	7.3822841274321e-08	108367544
484906	3	2.76835654778704e-08	108367544
485915	1	9.22785515929013e-09	108367544
486410	1	9.22785515929013e-09	108367544
487213	23	2.12240668663673e-07	108367544
487214	13	1.19962117070772e-07	108367544
487521	1	9.22785515929013e-09	108367544
488221	2	1.84557103185803e-08	108367544
488222	3	2.76835654778704e-08	108367544
488223	2	1.84557103185803e-08	108367544
489653	13	1.19962117070772e-07	108367544
490759	1	9.22785515929013e-09	108367544
491915	8	7.3822841274321e-08	108367544
491916	4	3.69114206371605e-08	108367544
497978	9	8.30506964336112e-08	108367544
498211	2	1.84557103185803e-08	108367544
498761	3	2.76835654778704e-08	108367544
502025	5	4.61392757964506e-08	108367544
502800	1	9.22785515929013e-09	108367544
504474	2	1.84557103185803e-08	108367544
504728	83	7.65911978221081e-07	108367544
504832	22	2.03012813504383e-07	108367544
507522	13	1.19962117070772e-07	108367544
508771	2	1.84557103185803e-08	108367544
509169	59	5.44443454398118e-07	108367544
509170	26	2.39924234141543e-07	108367544
509173	55	5.07532033760957e-07	108367544
509190	9	8.30506964336112e-08	108367544
510516	6	5.53671309557408e-08	108367544
511062	2	1.84557103185803e-08	108367544
512565	5	4.61392757964506e-08	108367544
512566	3	2.76835654778704e-08	108367544
515619	1	9.22785515929013e-09	108367544
516950	22	2.03012813504383e-07	108367544
518766	2	1.84557103185803e-08	108367544
521006	3	2.76835654778704e-08	108367544
521096	2	1.84557103185803e-08	108367544
521097	10	9.22785515929013e-08	108367544
521098	1	9.22785515929013e-09	108367544
521674	2	1.84557103185803e-08	108367544
522306	5	4.61392757964506e-08	108367544
522373	26	2.39924234141543e-07	108367544
523794	1	9.22785515929013e-09	108367544
523796	1	9.22785515929013e-09	108367544
525284	13	1.19962117070772e-07	108367544
525381	19	1.75329248026512e-07	108367544
525903	1	9.22785515929013e-09	108367544
525909	1	9.22785515929013e-09	108367544
525919	1	9.22785515929013e-09	108367544
526225	5	4.61392757964506e-08	108367544
526226	18	1.66101392867222e-07	108367544
526227	37	3.41430640893735e-07	108367544
530564	1	9.22785515929013e-09	108367544
535289	296	2.73144512714988e-06	108367544
536019	7	6.45949861150309e-08	108367544
536056	2	1.84557103185803e-08	108367544
536230	1	9.22785515929013e-09	108367544
543728	124	1.14425403975198e-06	108367544
543734	1	9.22785515929013e-09	108367544
543891	36	3.32202785734445e-07	108367544
543913	8	7.3822841274321e-08	108367544
544556	3	2.76835654778704e-08	108367544
545693	6	5.53671309557408e-08	108367544
546342	3	2.76835654778704e-08	108367544
548473	1	9.22785515929013e-09	108367544
548476	5	4.61392757964506e-08	108367544
550540	1	9.22785515929013e-09	108367544
550542	3	2.76835654778704e-08	108367544
551895	1	9.22785515929013e-09	108367544
552811	1	9.22785515929013e-09	108367544
553174	7	6.45949861150309e-08	108367544
553190	35	3.22974930575155e-07	108367544
553199	4920	4.54010473837074e-05	108367544
556484	1	9.22785515929013e-09	108367544
557433	1	9.22785515929013e-09	108367544
557436	2	1.84557103185803e-08	108367544
557598	3	2.76835654778704e-08	108367544
557599	4	3.69114206371605e-08	108367544
557600	15	1.38417827389352e-07	108367544
557722	31	2.86063509937994e-07	108367544
557723	1	9.22785515929013e-09	108367544
557760	3	2.76835654778704e-08	108367544
559292	18	1.66101392867222e-07	108367544
559295	5	4.61392757964506e-08	108367544
559307	2	1.84557103185803e-08	108367544
561229	2	1.84557103185803e-08	108367544
561276	5	4.61392757964506e-08	108367544
565040	1	9.22785515929013e-09	108367544
565050	19	1.75329248026512e-07	108367544
565655	2	1.84557103185803e-08	108367544
568206	1	9.22785515929013e-09	108367544
568704	2	1.84557103185803e-08	108367544
568706	6	5.53671309557408e-08	108367544
568707	9	8.30506964336112e-08	108367544
570417	1	9.22785515929013e-09	108367544
571800	3	2.76835654778704e-08	108367544
572477	5	4.61392757964506e-08	108367544
573062	2	1.84557103185803e-08	108367544
573065	2	1.84557103185803e-08	108367544
573729	6	5.53671309557408e-08	108367544
574093	1	9.22785515929013e-09	108367544
574556	1	9.22785515929013e-09	108367544
575540	2	1.84557103185803e-08	108367544
575614	1	9.22785515929013e-09	108367544
577650	1	9.22785515929013e-09	108367544
578455	4	3.69114206371605e-08	108367544
580050	5	4.61392757964506e-08	108367544
580327	1	9.22785515929013e-09	108367544
580332	4	3.69114206371605e-08	108367544
582899	1	9.22785515929013e-09	108367544
583345	3	2.76835654778704e-08	108367544
583346	2	1.84557103185803e-08	108367544
585396	17	1.56873537707932e-07	108367544
590409	1	9.22785515929013e-09	108367544
590998	2	1.84557103185803e-08	108367544
591167	2	1.84557103185803e-08	108367544
592316	1	9.22785515929013e-09	108367544
593907	1	9.22785515929013e-09	108367544
595495	2	1.84557103185803e-08	108367544
595496	1	9.22785515929013e-09	108367544
595528	4	3.69114206371605e-08	108367544
595537	93	8.58190529813982e-07	108367544
596153	143	1.31958328777849e-06	108367544
596154	122	1.1257983294334e-06	108367544
600809	1	9.22785515929013e-09	108367544
604162	6	5.53671309557408e-08	108367544
626418	9	8.30506964336112e-08	108367544
627192	8	7.3822841274321e-08	108367544
630588	2	1.84557103185803e-08	108367544
632348	1	9.22785515929013e-09	108367544
632772	10	9.22785515929013e-08	108367544
633149	6	5.53671309557408e-08	108367544
633699	1	9.22785515929013e-09	108367544
634176	1	9.22785515929013e-09	108367544
634500	2	1.84557103185803e-08	108367544
634503	1	9.22785515929013e-09	108367544
637379	26	2.39924234141543e-07	108367544
637909	1	9.22785515929013e-09	108367544
637910	2	1.84557103185803e-08	108367544
639283	7	6.45949861150309e-08	108367544
640081	15	1.38417827389352e-07	108367544
640131	7	6.45949861150309e-08	108367544
640132	1	9.22785515929013e-09	108367544
640510	7	6.45949861150309e-08	108367544
640511	8	7.3822841274321e-08	108367544
640512	4	3.69114206371605e-08	108367544
642492	1	9.22785515929013e-09	108367544
643561	64	5.90582730194568e-07	108367544
644042	2	1.84557103185803e-08	108367544
644282	4	3.69114206371605e-08	108367544
644283	6	5.53671309557408e-08	108367544
644801	9	8.30506964336112e-08	108367544
645127	5	4.61392757964506e-08	108367544
645463	1	9.22785515929013e-09	108367544
645991	1	9.22785515929013e-09	108367544
648757	2	1.84557103185803e-08	108367544
648999	3	2.76835654778704e-08	108367544
649831	2	1.84557103185803e-08	108367544
652103	10	9.22785515929013e-08	108367544
653045	1	9.22785515929013e-09	108367544
656024	3	2.76835654778704e-08	108367544
657309	1	9.22785515929013e-09	108367544
657313	1	9.22785515929013e-09	108367544
657314	3	2.76835654778704e-08	108367544
657315	3	2.76835654778704e-08	108367544
657317	2	1.84557103185803e-08	108367544
657318	1	9.22785515929013e-09	108367544
657319	2	1.84557103185803e-08	108367544
657323	1	9.22785515929013e-09	108367544
661410	13	1.19962117070772e-07	108367544
662598	4	3.69114206371605e-08	108367544
662755	2	1.84557103185803e-08	108367544
663917	1	9.22785515929013e-09	108367544
663954	1	9.22785515929013e-09	108367544
666681	1	9.22785515929013e-09	108367544
666685	3	2.76835654778704e-08	108367544
666686	1	9.22785515929013e-09	108367544
670307	3	2.76835654778704e-08	108367544
670487	3	2.76835654778704e-08	108367544
675635	5	4.61392757964506e-08	108367544
680198	5	4.61392757964506e-08	108367544
680646	21	1.93784958345093e-07	108367544
682795	2	1.84557103185803e-08	108367544
684738	8	7.3822841274321e-08	108367544
685727	5	4.61392757964506e-08	108367544
688245	41	3.78342061530895e-07	108367544
690566	8	7.3822841274321e-08	108367544
691437	4	3.69114206371605e-08	108367544
693216	1	9.22785515929013e-09	108367544
693444	3	2.76835654778704e-08	108367544
693974	1	9.22785515929013e-09	108367544
693978	8	7.3822841274321e-08	108367544
693982	2	1.84557103185803e-08	108367544
694427	1	9.22785515929013e-09	108367544
695560	3	2.76835654778704e-08	108367544
695562	2	1.84557103185803e-08	108367544
696216	2	1.84557103185803e-08	108367544
696281	4	3.69114206371605e-08	108367544
696406	1	9.22785515929013e-09	108367544
696749	1	9.22785515929013e-09	108367544
698737	1	9.22785515929013e-09	108367544
698761	2	1.84557103185803e-08	108367544
698936	1	9.22785515929013e-09	108367544
698962	1	9.22785515929013e-09	108367544
698964	1	9.22785515929013e-09	108367544
698973	1	9.22785515929013e-09	108367544
699246	4	3.69114206371605e-08	108367544
700508	4	3.69114206371605e-08	108367544
702113	14	1.29189972230062e-07	108367544
702459	1	9.22785515929013e-09	108367544
706191	2	1.84557103185803e-08	108367544
706587	1	9.22785515929013e-09	108367544
707241	2	1.84557103185803e-08	108367544
707757	1	9.22785515929013e-09	108367544
710421	3	2.76835654778704e-08	108367544
710685	4	3.69114206371605e-08	108367544
710686	7	6.45949861150309e-08	108367544
710696	2	1.84557103185803e-08	108367544
712898	1	9.22785515929013e-09	108367544
712961	1	9.22785515929013e-09	108367544
713604	1	9.22785515929013e-09	108367544
716541	48	4.42937047645926e-07	108367544
716544	1	9.22785515929013e-09	108367544
717605	5	4.61392757964506e-08	108367544
717608	2	1.84557103185803e-08	108367544
717785	3	2.76835654778704e-08	108367544
717960	1	9.22785515929013e-09	108367544
717961	1	9.22785515929013e-09	108367544
718254	9	8.30506964336112e-08	108367544
718255	3	2.76835654778704e-08	108367544
718274	2	1.84557103185803e-08	108367544
741091	3	2.76835654778704e-08	108367544
742013	305	2.81449582358349e-06	108367544
743299	1	9.22785515929013e-09	108367544
743525	774	7.14235989329056e-06	108367544
743718	2	1.84557103185803e-08	108367544
743720	5	4.61392757964506e-08	108367544
743721	6	5.53671309557408e-08	108367544
743722	2	1.84557103185803e-08	108367544
744533	5	4.61392757964506e-08	108367544
745310	16	1.47645682548642e-07	108367544
745776	2	1.84557103185803e-08	108367544
746361	1	9.22785515929013e-09	108367544
746697	1	9.22785515929013e-09	108367544
748247	8	7.3822841274321e-08	108367544
748280	11	1.01506406752191e-07	108367544
748671	6	5.53671309557408e-08	108367544
748727	4	3.69114206371605e-08	108367544
749414	1	9.22785515929013e-09	108367544
749927	2	1.84557103185803e-08	108367544
751945	56	5.16759888920247e-07	108367544
754035	5	4.61392757964506e-08	108367544
754252	5	4.61392757964506e-08	108367544
754477	2	1.84557103185803e-08	108367544
755178	2	1.84557103185803e-08	108367544
757424	26	2.39924234141543e-07	108367544
758793	3	2.76835654778704e-08	108367544
759350	2	1.84557103185803e-08	108367544
759362	1	9.22785515929013e-09	108367544
760192	1	9.22785515929013e-09	108367544
760570	5	4.61392757964506e-08	108367544
761659	1	9.22785515929013e-09	108367544
762051	2	1.84557103185803e-08	108367544
762376	36	3.32202785734445e-07	108367544
762570	1	9.22785515929013e-09	108367544
762633	129	1.19039331554843e-06	108367544
762903	6	5.53671309557408e-08	108367544
762948	11	1.01506406752191e-07	108367544
765698	4	3.69114206371605e-08	108367544
765912	5	4.61392757964506e-08	108367544
766760	1	9.22785515929013e-09	108367544
767029	5	4.61392757964506e-08	108367544
767031	3	2.76835654778704e-08	108367544
767462	2	1.84557103185803e-08	108367544
767463	44	4.06025627008766e-07	108367544
798128	96	8.85874095291852e-07	108367544
858619	3	2.76835654778704e-08	108367544
859655	11	1.01506406752191e-07	108367544
859656	18	1.66101392867222e-07	108367544
859657	18	1.66101392867222e-07	108367544
861208	1	9.22785515929013e-09	108367544
861360	2	1.84557103185803e-08	108367544
862719	4	3.69114206371605e-08	108367544
862751	2	1.84557103185803e-08	108367544
862964	2	1.84557103185803e-08	108367544
862965	17	1.56873537707932e-07	108367544
862966	2	1.84557103185803e-08	108367544
862969	2	1.84557103185803e-08	108367544
862970	1	9.22785515929013e-09	108367544
865938	1	9.22785515929013e-09	108367544
866630	1	9.22785515929013e-09	108367544
866768	7	6.45949861150309e-08	108367544
866775	4	3.69114206371605e-08	108367544
868595	1	9.22785515929013e-09	108367544
868597	23	2.12240668663673e-07	108367544
869210	2	1.84557103185803e-08	108367544
869215	1	9.22785515929013e-09	108367544
869216	2	1.84557103185803e-08	108367544
869269	1	9.22785515929013e-09	108367544
869309	42	3.87569916690185e-07	108367544
871585	14	1.29189972230062e-07	108367544
875328	1	9.22785515929013e-09	108367544
880591	1	9.22785515929013e-09	108367544
880633	3	2.76835654778704e-08	108367544
880758	27	2.49152089300833e-07	108367544
882378	5	4.61392757964506e-08	108367544
882884	2	1.84557103185803e-08	108367544
883062	1	9.22785515929013e-09	108367544
884204	2	1.84557103185803e-08	108367544
886293	1	9.22785515929013e-09	108367544
887061	2	1.84557103185803e-08	108367544
889738	9	8.30506964336112e-08	108367544
889932	2	1.84557103185803e-08	108367544
890402	1	9.22785515929013e-09	108367544
908937	1	9.22785515929013e-09	108367544
909952	89	8.21279109176821e-07	108367544
909954	1	9.22785515929013e-09	108367544
910348	3	2.76835654778704e-08	108367544
926550	1	9.22785515929013e-09	108367544
926566	2	1.84557103185803e-08	108367544
926570	1	9.22785515929013e-09	108367544
927666	43	3.96797771849476e-07	108367544
929102	1	9.22785515929013e-09	108367544
930169	4	3.69114206371605e-08	108367544
930171	3	2.76835654778704e-08	108367544
931281	6	5.53671309557408e-08	108367544
931890	2	1.84557103185803e-08	108367544
932677	1	9.22785515929013e-09	108367544
935296	2	1.84557103185803e-08	108367544
935588	1	9.22785515929013e-09	108367544
935589	3	2.76835654778704e-08	108367544
935591	6	5.53671309557408e-08	108367544
935593	2	1.84557103185803e-08	108367544
935599	1	9.22785515929013e-09	108367544
935897	1	9.22785515929013e-09	108367544
937774	1	9.22785515929013e-09	108367544
937777	1	9.22785515929013e-09	108367544
941193	1	9.22785515929013e-09	108367544
941639	1	9.22785515929013e-09	108367544
942513	3	2.76835654778704e-08	108367544
945021	1	9.22785515929013e-09	108367544
945556	4	3.69114206371605e-08	108367544
946362	4	3.69114206371605e-08	108367544
946483	6	5.53671309557408e-08	108367544
953739	1	9.22785515929013e-09	108367544
956149	1	9.22785515929013e-09	108367544
977880	17	1.56873537707932e-07	108367544
979556	7	6.45949861150309e-08	108367544
980514	1	9.22785515929013e-09	108367544
981222	1	9.22785515929013e-09	108367544
981368	4	3.69114206371605e-08	108367544
981540	1	9.22785515929013e-09	108367544
983544	2	1.84557103185803e-08	108367544
983917	47	4.33709192486636e-07	108367544
985002	3	2.76835654778704e-08	108367544
985665	2	1.84557103185803e-08	108367544
990315	31	2.86063509937994e-07	108367544
991905	8	7.3822841274321e-08	108367544
992406	2	1.84557103185803e-08	108367544
993615	2	1.84557103185803e-08	108367544
994484	12	1.10734261911482e-07	108367544
996285	15	1.38417827389352e-07	108367544
998088	4	3.69114206371605e-08	108367544
999378	1	9.22785515929013e-09	108367544
999541	14	1.29189972230062e-07	108367544
999552	1	9.22785515929013e-09	108367544
999953	2	1.84557103185803e-08	108367544
1001585	23	2.12240668663673e-07	108367544
1003195	7	6.45949861150309e-08	108367544
1005048	26	2.39924234141543e-07	108367544
1006551	12	1.10734261911482e-07	108367544
1007064	1	9.22785515929013e-09	108367544
1007105	6	5.53671309557408e-08	108367544
1008459	2	1.84557103185803e-08	108367544
1009464	9	8.30506964336112e-08	108367544
1009846	15	1.38417827389352e-07	108367544
1016998	1	9.22785515929013e-09	108367544
1017264	1	9.22785515929013e-09	108367544
1028307	2	1.84557103185803e-08	108367544
1029756	3	2.76835654778704e-08	108367544
1030843	2	1.84557103185803e-08	108367544
1031709	52	4.79848468283087e-07	108367544
1031710	7	6.45949861150309e-08	108367544
1031711	9	8.30506964336112e-08	108367544
1032480	2	1.84557103185803e-08	108367544
1033837	1	9.22785515929013e-09	108367544
1034807	5	4.61392757964506e-08	108367544
1034809	1	9.22785515929013e-09	108367544
1035817	1	9.22785515929013e-09	108367544
1036672	1	9.22785515929013e-09	108367544
1037409	21	1.93784958345093e-07	108367544
1037911	62	5.72127019875988e-07	108367544
1042156	1	9.22785515929013e-09	108367544
1042876	15	1.38417827389352e-07	108367544
1042878	6	5.53671309557408e-08	108367544
1045854	7	6.45949861150309e-08	108367544
1045855	14	1.29189972230062e-07	108367544
1045856	4	3.69114206371605e-08	108367544
1046624	1	9.22785515929013e-09	108367544
1046629	12	1.10734261911482e-07	108367544
1048332	13	1.19962117070772e-07	108367544
1051072	1	9.22785515929013e-09	108367544
1051074	14	1.29189972230062e-07	108367544
1054460	39	3.59886351212315e-07	108367544
1064539	10	9.22785515929013e-08	108367544
1064592	4	3.69114206371605e-08	108367544
1069533	2	1.84557103185803e-08	108367544
1069534	5	4.61392757964506e-08	108367544
1072467	1	9.22785515929013e-09	108367544
1074919	4	3.69114206371605e-08	108367544
1082931	3	2.76835654778704e-08	108367544
1087448	1	9.22785515929013e-09	108367544
1089456	11	1.01506406752191e-07	108367544
1089553	2	1.84557103185803e-08	108367544
1091045	1742	1.60749236874834e-05	108367544
1091495	1	9.22785515929013e-09	108367544
1093141	2	1.84557103185803e-08	108367544
1093787	4	3.69114206371605e-08	108367544
1094466	1	9.22785515929013e-09	108367544
1095774	2	1.84557103185803e-08	108367544
1096995	2	1.84557103185803e-08	108367544
1096996	5	4.61392757964506e-08	108367544
1097668	7	6.45949861150309e-08	108367544
1097677	4	3.69114206371605e-08	108367544
1104320	3	2.76835654778704e-08	108367544
1104322	2	1.84557103185803e-08	108367544
1104325	1	9.22785515929013e-09	108367544
1104326	21	1.93784958345093e-07	108367544
1105104	1	9.22785515929013e-09	108367544
1105111	2	1.84557103185803e-08	108367544
1110502	11	1.01506406752191e-07	108367544
1111068	2	1.84557103185803e-08	108367544
1111069	63	5.81354875035278e-07	108367544
1111678	3	2.76835654778704e-08	108367544
1112204	3	2.76835654778704e-08	108367544
1114965	7	6.45949861150309e-08	108367544
1114966	138	1.27344401198204e-06	108367544
1114967	754	6.95780279010476e-06	108367544
1114969	5420	5.00149749633525e-05	108367544
1114970	7	6.45949861150309e-08	108367544
1116231	2	1.84557103185803e-08	108367544
1117943	1	9.22785515929013e-09	108367544
1118959	1	9.22785515929013e-09	108367544
1118963	9	8.30506964336112e-08	108367544
1120755	1	9.22785515929013e-09	108367544
1121335	4	3.69114206371605e-08	108367544
1121353	2	1.84557103185803e-08	108367544
1121362	3	2.76835654778704e-08	108367544
1123519	4	3.69114206371605e-08	108367544
1123523	2	1.84557103185803e-08	108367544
1123863	2	1.84557103185803e-08	108367544
1124983	9	8.30506964336112e-08	108367544
1125630	1	9.22785515929013e-09	108367544
1127134	5	4.61392757964506e-08	108367544
1130804	3	2.76835654778704e-08	108367544
1133849	2	1.84557103185803e-08	108367544
1133850	1	9.22785515929013e-09	108367544
1134454	2618	2.41585248070216e-05	108367544
1136179	1187	1.09534640740774e-05	108367544
1137651	8	7.3822841274321e-08	108367544
1138308	1	9.22785515929013e-09	108367544
1138382	2	1.84557103185803e-08	108367544
1138383	3	2.76835654778704e-08	108367544
1144275	3	2.76835654778704e-08	108367544
1146883	6	5.53671309557408e-08	108367544
1150469	4	3.69114206371605e-08	108367544
1151116	3	2.76835654778704e-08	108367544
1156431	10	9.22785515929013e-08	108367544
1156433	12	1.10734261911482e-07	108367544
1156913	2	1.84557103185803e-08	108367544
1163399	37	3.41430640893735e-07	108367544
1163748	2	1.84557103185803e-08	108367544
1166130	1	9.22785515929013e-09	108367544
1167634	26	2.39924234141543e-07	108367544
1170318	170	1.56873537707932e-06	108367544
1170562	1	9.22785515929013e-09	108367544
1171373	2	1.84557103185803e-08	108367544
1171377	1	9.22785515929013e-09	108367544
1173020	5	4.61392757964506e-08	108367544
1173026	1	9.22785515929013e-09	108367544
1173427	1	9.22785515929013e-09	108367544
1179773	5	4.61392757964506e-08	108367544
1184253	1	9.22785515929013e-09	108367544
1185652	2	1.84557103185803e-08	108367544
1187956	5	4.61392757964506e-08	108367544
1191061	18	1.66101392867222e-07	108367544
1193292	7	6.45949861150309e-08	108367544
1194526	12	1.10734261911482e-07	108367544
1196325	4	3.69114206371605e-08	108367544
1196835	14	1.29189972230062e-07	108367544
1198627	1	9.22785515929013e-09	108367544
1199187	5	4.61392757964506e-08	108367544
1200352	1	9.22785515929013e-09	108367544
1202772	2	1.84557103185803e-08	108367544
1203460	1	9.22785515929013e-09	108367544
1204414	3	2.76835654778704e-08	108367544
1205910	5	4.61392757964506e-08	108367544
1207075	7	6.45949861150309e-08	108367544
1208658	6	5.53671309557408e-08	108367544
1208660	6	5.53671309557408e-08	108367544
1211025	4	3.69114206371605e-08	108367544
1211579	8	7.3822841274321e-08	108367544
1214101	1	9.22785515929013e-09	108367544
1214242	1	9.22785515929013e-09	108367544
1215088	18	1.66101392867222e-07	108367544
1216976	18	1.66101392867222e-07	108367544
1217984	4	3.69114206371605e-08	108367544
1218175	3	2.76835654778704e-08	108367544
1224163	3	2.76835654778704e-08	108367544
1229205	5	4.61392757964506e-08	108367544
1229758	1	9.22785515929013e-09	108367544
1229785	1	9.22785515929013e-09	108367544
1232724	1	9.22785515929013e-09	108367544
1233873	1	9.22785515929013e-09	108367544
1234380	7	6.45949861150309e-08	108367544
1234679	3	2.76835654778704e-08	108367544
1244085	1	9.22785515929013e-09	108367544
1245469	12	1.10734261911482e-07	108367544
1245471	13	1.19962117070772e-07	108367544
1246301	76	7.0131699210605e-07	108367544
1246995	1	9.22785515929013e-09	108367544
1249661	4	3.69114206371605e-08	108367544
1254432	8	7.3822841274321e-08	108367544
1254439	1	9.22785515929013e-09	108367544
1255043	1	9.22785515929013e-09	108367544
1257118	2	1.84557103185803e-08	108367544
1260251	1	9.22785515929013e-09	108367544
1260292	1	9.22785515929013e-09	108367544
1262456	10	9.22785515929013e-08	108367544
1265601	1	9.22785515929013e-09	108367544
1267753	1	9.22785515929013e-09	108367544
1267754	3	2.76835654778704e-08	108367544
1271752	2	1.84557103185803e-08	108367544
1271862	1	9.22785515929013e-09	108367544
1271863	1	9.22785515929013e-09	108367544
1276282	4	3.69114206371605e-08	108367544
1278073	2	1.84557103185803e-08	108367544
1282356	15	1.38417827389352e-07	108367544
1283331	8	7.3822841274321e-08	108367544
1286170	5	4.61392757964506e-08	108367544
1288394	8	7.3822841274321e-08	108367544
1294143	7	6.45949861150309e-08	108367544
1298593	3	2.76835654778704e-08	108367544
1302863	8	7.3822841274321e-08	108367544
1303024	2	1.84557103185803e-08	108367544
1304892	4	3.69114206371605e-08	108367544
1310161	1	9.22785515929013e-09	108367544
1313172	2	1.84557103185803e-08	108367544
1318615	2	1.84557103185803e-08	108367544
1322346	1	9.22785515929013e-09	108367544
1328306	3	2.76835654778704e-08	108367544
1331671	7	6.45949861150309e-08	108367544
1332188	6	5.53671309557408e-08	108367544
1334187	1	9.22785515929013e-09	108367544
1335307	2	1.84557103185803e-08	108367544
1335757	1	9.22785515929013e-09	108367544
1340495	1	9.22785515929013e-09	108367544
1340851	2	1.84557103185803e-08	108367544
1343740	1	9.22785515929013e-09	108367544
1345695	1	9.22785515929013e-09	108367544
1345697	1	9.22785515929013e-09	108367544
1346614	2	1.84557103185803e-08	108367544
1367477	3	2.76835654778704e-08	108367544
1367847	3	2.76835654778704e-08	108367544
1380774	9	8.30506964336112e-08	108367544
1380908	4	3.69114206371605e-08	108367544
1382700	1	9.22785515929013e-09	108367544
1389489	2	1.84557103185803e-08	108367544
1399115	2	1.84557103185803e-08	108367544
1399116	1	9.22785515929013e-09	108367544
1400867	4	3.69114206371605e-08	108367544
1401659	3	2.76835654778704e-08	108367544
1408272	5	4.61392757964506e-08	108367544
1415630	32	2.95291365097284e-07	108367544
1415784	2	1.84557103185803e-08	108367544
1416914	6	5.53671309557408e-08	108367544
1423144	1	9.22785515929013e-09	108367544
1427342	5	4.61392757964506e-08	108367544
1430440	5	4.61392757964506e-08	108367544
1435044	6	5.53671309557408e-08	108367544
1435058	2	1.84557103185803e-08	108367544
1435356	7	6.45949861150309e-08	108367544
1436140	10	9.22785515929013e-08	108367544
