Tax.ID	Frequency	Proportion	Total
394	5	7.94898418261844e-08	62901119
882	1	1.58979683652369e-08	62901119
883	2	3.17959367304737e-08	62901119
1148	1	1.58979683652369e-08	62901119
2762	7	1.11285778556658e-07	62901119
2769	4	6.35918734609475e-08	62901119
2771	4	6.35918734609475e-08	62901119
2787	5	7.94898418261844e-08	62901119
2788	1	1.58979683652369e-08	62901119
2839	34	5.40530924418054e-07	62901119
2850	40	6.35918734609475e-07	62901119
2898	3	4.76939050957106e-08	62901119
2903	1	1.58979683652369e-08	62901119
3039	1	1.58979683652369e-08	62901119
3040	1	1.58979683652369e-08	62901119
4770	4	6.35918734609475e-08	62901119
4950	2	3.17959367304737e-08	62901119
4959	1	1.58979683652369e-08	62901119
5061	1	1.58979683652369e-08	62901119
5145	1	1.58979683652369e-08	62901119
5518	8	1.27183746921895e-07	62901119
5661	3	4.76939050957106e-08	62901119
5762	1	1.58979683652369e-08	62901119
5786	4	6.35918734609475e-08	62901119
5823	2	3.17959367304737e-08	62901119
5851	2	3.17959367304737e-08	62901119
5872	2	3.17959367304737e-08	62901119
5885	1	1.58979683652369e-08	62901119
5889	1	1.58979683652369e-08	62901119
5901	2	3.17959367304737e-08	62901119
5905	2	3.17959367304737e-08	62901119
5911	2	3.17959367304737e-08	62901119
5932	2	3.17959367304737e-08	62901119
12353	1	1.58979683652369e-08	62901119
31532	1	1.58979683652369e-08	62901119
31964	8	1.27183746921895e-07	62901119
32051	2	3.17959367304737e-08	62901119
35128	54	8.58490291722791e-07	62901119
35688	2	3.17959367304737e-08	62901119
36809	5	7.94898418261844e-08	62901119
39717	1	1.58979683652369e-08	62901119
40041	1	1.58979683652369e-08	62901119
43925	1	1.58979683652369e-08	62901119
44056	4	6.35918734609475e-08	62901119
44058	1	1.58979683652369e-08	62901119
48483	1	1.58979683652369e-08	62901119
49266	1	1.58979683652369e-08	62901119
52970	6	9.53878101914212e-08	62901119
55529	9	1.43081715287132e-07	62901119
56107	1	1.58979683652369e-08	62901119
59374	2	3.17959367304737e-08	62901119
60480	1	1.58979683652369e-08	62901119
60481	11	1.74877652017606e-07	62901119
62928	23	3.65653272400448e-07	62901119
62977	13	2.06673588748079e-07	62901119
63186	1	1.58979683652369e-08	62901119
63737	2	3.17959367304737e-08	62901119
65071	5	7.94898418261844e-08	62901119
67593	1	1.58979683652369e-08	62901119
69328	13	2.06673588748079e-07	62901119
73025	1	1.58979683652369e-08	62901119
74557	3	4.76939050957106e-08	62901119
75379	22	3.49755304035211e-07	62901119
76114	9	1.43081715287132e-07	62901119
76869	22	3.49755304035211e-07	62901119
78245	25	3.97449209130922e-07	62901119
82654	1	1.58979683652369e-08	62901119
83406	2	3.17959367304737e-08	62901119
85643	22	3.49755304035211e-07	62901119
85962	1	1.58979683652369e-08	62901119
94122	11	1.74877652017606e-07	62901119
96561	3	4.76939050957106e-08	62901119
96563	15	2.38469525478553e-07	62901119
99287	2	3.17959367304737e-08	62901119
100226	8	1.27183746921895e-07	62901119
101510	39	6.20020766244238e-07	62901119
103690	2	3.17959367304737e-08	62901119
106370	3	4.76939050957106e-08	62901119
110662	4	6.35918734609475e-08	62901119
111780	2	3.17959367304737e-08	62901119
114615	33	5.24632956052817e-07	62901119
120807	1	1.58979683652369e-08	62901119
122587	2	3.17959367304737e-08	62901119
126793	3	4.76939050957106e-08	62901119
129356	2	3.17959367304737e-08	62901119
129358	1	1.58979683652369e-08	62901119
134676	3	4.76939050957106e-08	62901119
137722	15	2.38469525478553e-07	62901119
146891	1	1.58979683652369e-08	62901119
153948	1	1.58979683652369e-08	62901119
155864	124	1.97134807728937e-06	62901119
156889	1	1.58979683652369e-08	62901119
158189	1	1.58979683652369e-08	62901119
158190	1	1.58979683652369e-08	62901119
158878	1	1.58979683652369e-08	62901119
158879	1	1.58979683652369e-08	62901119
159087	17	2.70265462209027e-07	62901119
160488	10	1.58979683652369e-07	62901119
160492	3	4.76939050957106e-08	62901119
160619	27	4.29245145861396e-07	62901119
164328	2	3.17959367304737e-08	62901119
164756	23	3.65653272400448e-07	62901119
164757	1	1.58979683652369e-08	62901119
167542	1	1.58979683652369e-08	62901119
167879	3	4.76939050957106e-08	62901119
171101	6	9.53878101914212e-08	62901119
172968	1	1.58979683652369e-08	62901119
176279	19	3.02061398939501e-07	62901119
176280	21	3.33857335669974e-07	62901119
176299	6	9.53878101914212e-08	62901119
177437	3	4.76939050957106e-08	62901119
179408	14	2.22571557113316e-07	62901119
187272	3	4.76939050957106e-08	62901119
187303	6	9.53878101914212e-08	62901119
187420	1	1.58979683652369e-08	62901119
189918	11	1.74877652017606e-07	62901119
190304	1	1.58979683652369e-08	62901119
190485	19	3.02061398939501e-07	62901119
190486	8	1.27183746921895e-07	62901119
190650	6	9.53878101914212e-08	62901119
192952	2	3.17959367304737e-08	62901119
194439	2	3.17959367304737e-08	62901119
195102	1	1.58979683652369e-08	62901119
195103	17	2.70265462209027e-07	62901119
195253	2	3.17959367304737e-08	62901119
196162	17	2.70265462209027e-07	62901119
196164	11	1.74877652017606e-07	62901119
198214	7	1.11285778556658e-07	62901119
198215	44	6.99510608070422e-07	62901119
198628	1	1.58979683652369e-08	62901119
203119	2	3.17959367304737e-08	62901119
203120	3	4.76939050957106e-08	62901119
203122	2	3.17959367304737e-08	62901119
203123	1	1.58979683652369e-08	62901119
203267	2	3.17959367304737e-08	62901119
204536	3	4.76939050957106e-08	62901119
204669	4	6.35918734609475e-08	62901119
204773	65	1.0333679437404e-06	62901119
205913	13	2.06673588748079e-07	62901119
205914	2	3.17959367304737e-08	62901119
205918	14	2.22571557113316e-07	62901119
205920	1	1.58979683652369e-08	62901119
205922	60	9.53878101914212e-07	62901119
207559	7	1.11285778556658e-07	62901119
208435	2	3.17959367304737e-08	62901119
208596	1	1.58979683652369e-08	62901119
208963	32	5.0873498768758e-07	62901119
208964	28	4.45143114226632e-07	62901119
211110	1	1.58979683652369e-08	62901119
211586	3	4.76939050957106e-08	62901119
213775	1	1.58979683652369e-08	62901119
216591	25	3.97449209130922e-07	62901119
216592	2	3.17959367304737e-08	62901119
216594	4	6.35918734609475e-08	62901119
216595	219	3.48165507198688e-06	62901119
216596	9	1.43081715287132e-07	62901119
216599	23	3.65653272400448e-07	62901119
218496	2	3.17959367304737e-08	62901119
220341	131	2.08263385584603e-06	62901119
220664	26	4.13347177496159e-07	62901119
220668	6	9.53878101914212e-08	62901119
223283	13	2.06673588748079e-07	62901119
223926	1	1.58979683652369e-08	62901119
224308	2	3.17959367304737e-08	62901119
224911	35	5.56428892783291e-07	62901119
224914	1	1.58979683652369e-08	62901119
225849	1	1.58979683652369e-08	62901119
226185	1	1.58979683652369e-08	62901119
226186	8	1.27183746921895e-07	62901119
227086	4	6.35918734609475e-08	62901119
227321	1	1.58979683652369e-08	62901119
227882	9	1.43081715287132e-07	62901119
228405	4	6.35918734609475e-08	62901119
228410	2	3.17959367304737e-08	62901119
229533	6	9.53878101914212e-08	62901119
231023	17	2.70265462209027e-07	62901119
232721	384	6.10481985225096e-06	62901119
234267	13	2.06673588748079e-07	62901119
234621	1523	2.42126058202558e-05	62901119
235909	12	1.90775620382842e-07	62901119
240015	6	9.53878101914212e-08	62901119
242507	1	1.58979683652369e-08	62901119
243090	2	3.17959367304737e-08	62901119
243159	1	1.58979683652369e-08	62901119
243230	1	1.58979683652369e-08	62901119
243233	3	4.76939050957106e-08	62901119
243243	9	1.43081715287132e-07	62901119
243277	1	1.58979683652369e-08	62901119
243365	15	2.38469525478553e-07	62901119
245014	4	6.35918734609475e-08	62901119
245018	6	9.53878101914212e-08	62901119
246194	2	3.17959367304737e-08	62901119
246195	2	3.17959367304737e-08	62901119
246196	28	4.45143114226632e-07	62901119
246197	9	1.43081715287132e-07	62901119
246198	1	1.58979683652369e-08	62901119
246200	3	4.76939050957106e-08	62901119
247156	8	1.27183746921895e-07	62901119
251221	1	1.58979683652369e-08	62901119
254945	1	1.58979683652369e-08	62901119
257310	23	3.65653272400448e-07	62901119
257311	11	1.74877652017606e-07	62901119
257313	12	1.90775620382842e-07	62901119
258594	11	1.74877652017606e-07	62901119
259536	2	3.17959367304737e-08	62901119
261292	16	2.5436749384379e-07	62901119
262316	4	6.35918734609475e-08	62901119
262543	3	4.76939050957106e-08	62901119
262724	10	1.58979683652369e-07	62901119
263358	6	9.53878101914212e-08	62901119
264198	39	6.20020766244238e-07	62901119
264201	1	1.58979683652369e-08	62901119
264203	3	4.76939050957106e-08	62901119
264462	1	1.58979683652369e-08	62901119
264730	10	1.58979683652369e-07	62901119
264731	3	4.76939050957106e-08	62901119
265072	4	6.35918734609475e-08	62901119
266117	1	1.58979683652369e-08	62901119
266264	107	1.70108261508035e-06	62901119
266265	16	2.5436749384379e-07	62901119
266779	9	1.43081715287132e-07	62901119
266834	3	4.76939050957106e-08	62901119
266835	11	1.74877652017606e-07	62901119
266940	8	1.27183746921895e-07	62901119
267608	35	5.56428892783291e-07	62901119
267747	27	4.29245145861396e-07	62901119
269482	26	4.13347177496159e-07	62901119
269796	1	1.58979683652369e-08	62901119
269797	2	3.17959367304737e-08	62901119
269798	4	6.35918734609475e-08	62901119
269799	1	1.58979683652369e-08	62901119
269800	4	6.35918734609475e-08	62901119
271848	4	6.35918734609475e-08	62901119
272559	2	3.17959367304737e-08	62901119
272563	6	9.53878101914212e-08	62901119
272568	5	7.94898418261844e-08	62901119
272620	39	6.20020766244238e-07	62901119
272622	9	1.43081715287132e-07	62901119
272623	9	1.43081715287132e-07	62901119
272624	2	3.17959367304737e-08	62901119
272626	2	3.17959367304737e-08	62901119
272630	14	2.22571557113316e-07	62901119
272631	1	1.58979683652369e-08	62901119
272632	4	6.35918734609475e-08	62901119
272831	7	1.11285778556658e-07	62901119
272843	1	1.58979683652369e-08	62901119
272942	6	9.53878101914212e-08	62901119
272944	1	1.58979683652369e-08	62901119
278137	6	9.53878101914212e-08	62901119
278197	3	4.76939050957106e-08	62901119
279010	1	1.58979683652369e-08	62901119
279238	21	3.33857335669974e-07	62901119
279808	2	3.17959367304737e-08	62901119
280463	4	6.35918734609475e-08	62901119
280699	4	6.35918734609475e-08	62901119
281090	3	4.76939050957106e-08	62901119
281310	1	1.58979683652369e-08	62901119
284590	2	3.17959367304737e-08	62901119
284591	1	1.58979683652369e-08	62901119
284592	13	2.06673588748079e-07	62901119
284593	1	1.58979683652369e-08	62901119
284811	1	1.58979683652369e-08	62901119
284812	11	1.74877652017606e-07	62901119
288000	26	4.13347177496159e-07	62901119
288705	10	1.58979683652369e-07	62901119
290338	12	1.90775620382842e-07	62901119
290339	7	1.11285778556658e-07	62901119
290340	98	1.55800089979321e-06	62901119
290397	3	4.76939050957106e-08	62901119
290398	2	3.17959367304737e-08	62901119
290399	15	2.38469525478553e-07	62901119
290400	2	3.17959367304737e-08	62901119
290402	1	1.58979683652369e-08	62901119
290633	6	9.53878101914212e-08	62901119
291112	1	1.58979683652369e-08	62901119
291331	7	1.11285778556658e-07	62901119
292414	3	4.76939050957106e-08	62901119
292415	7	1.11285778556658e-07	62901119
292564	7	1.11285778556658e-07	62901119
293613	2	3.17959367304737e-08	62901119
293614	1	1.58979683652369e-08	62901119
293826	1	1.58979683652369e-08	62901119
295405	4	6.35918734609475e-08	62901119
296543	44	6.99510608070422e-07	62901119
296591	72	1.14465372229705e-06	62901119
298653	5	7.94898418261844e-08	62901119
298654	2	3.17959367304737e-08	62901119
300267	12	1.90775620382842e-07	62901119
300268	1	1.58979683652369e-08	62901119
300269	1	1.58979683652369e-08	62901119
300852	9	1.43081715287132e-07	62901119
306537	1	1.58979683652369e-08	62901119
309799	2	3.17959367304737e-08	62901119
311402	2	3.17959367304737e-08	62901119
311403	7	1.11285778556658e-07	62901119
312153	27	4.29245145861396e-07	62901119
313598	1	1.58979683652369e-08	62901119
313603	2	3.17959367304737e-08	62901119
314225	8	1.27183746921895e-07	62901119
314260	2	3.17959367304737e-08	62901119
314315	1	1.58979683652369e-08	62901119
314565	13	2.06673588748079e-07	62901119
315456	3	4.76939050957106e-08	62901119
316055	27	4.29245145861396e-07	62901119
316056	11	1.74877652017606e-07	62901119
316057	10	1.58979683652369e-07	62901119
316058	16	2.5436749384379e-07	62901119
316273	6	9.53878101914212e-08	62901119
316274	2	3.17959367304737e-08	62901119
316278	1	1.58979683652369e-08	62901119
316385	1187	1.88708884495362e-05	62901119
316401	4	6.35918734609475e-08	62901119
316407	69	1.09695981720134e-06	62901119
317025	2	3.17959367304737e-08	62901119
317655	16	2.5436749384379e-07	62901119
318167	5	7.94898418261844e-08	62901119
318586	13	2.06673588748079e-07	62901119
319795	1	1.58979683652369e-08	62901119
320373	4	6.35918734609475e-08	62901119
320388	8	1.27183746921895e-07	62901119
320389	2	3.17959367304737e-08	62901119
321956	3	4.76939050957106e-08	62901119
322159	15	2.38469525478553e-07	62901119
322710	13	2.06673588748079e-07	62901119
323097	14	2.22571557113316e-07	62901119
323098	8	1.27183746921895e-07	62901119
323848	1	1.58979683652369e-08	62901119
323850	5	7.94898418261844e-08	62901119
324057	5	7.94898418261844e-08	62901119
324602	1	1.58979683652369e-08	62901119
325240	1	1.58979683652369e-08	62901119
326297	4	6.35918734609475e-08	62901119
326423	1	1.58979683652369e-08	62901119
326424	8	1.27183746921895e-07	62901119
326425	1	1.58979683652369e-08	62901119
326426	3	4.76939050957106e-08	62901119
329726	2	3.17959367304737e-08	62901119
330214	2	3.17959367304737e-08	62901119
331104	2	3.17959367304737e-08	62901119
331111	1040	1.65338870998463e-05	62901119
331112	993	1.57866825866802e-05	62901119
331271	32	5.0873498768758e-07	62901119
331272	21	3.33857335669974e-07	62901119
333849	1	1.58979683652369e-08	62901119
334380	1	1.58979683652369e-08	62901119
334390	3	4.76939050957106e-08	62901119
334413	9	1.43081715287132e-07	62901119
335283	9	1.43081715287132e-07	62901119
335541	4	6.35918734609475e-08	62901119
335543	2	3.17959367304737e-08	62901119
335659	26	4.13347177496159e-07	62901119
337191	5	7.94898418261844e-08	62901119
338187	24	3.81551240765685e-07	62901119
338963	3	4.76939050957106e-08	62901119
338966	18	2.86163430574264e-07	62901119
338969	33	5.24632956052817e-07	62901119
339670	119	1.89185823546319e-06	62901119
339860	2	3.17959367304737e-08	62901119
340099	2	3.17959367304737e-08	62901119
340100	64	1.01746997537516e-06	62901119
340322	1	1.58979683652369e-08	62901119
342108	11	1.74877652017606e-07	62901119
342109	2	3.17959367304737e-08	62901119
342451	8	1.27183746921895e-07	62901119
342610	1	1.58979683652369e-08	62901119
344609	378	6.00943204205954e-06	62901119
345073	1	1.58979683652369e-08	62901119
345219	5	7.94898418261844e-08	62901119
347253	4	6.35918734609475e-08	62901119
347257	2	3.17959367304737e-08	62901119
347515	7	1.11285778556658e-07	62901119
347834	1	1.58979683652369e-08	62901119
349101	9	1.43081715287132e-07	62901119
349102	8	1.27183746921895e-07	62901119
349106	4	6.35918734609475e-08	62901119
349124	2	3.17959367304737e-08	62901119
349163	5	7.94898418261844e-08	62901119
349215	3	4.76939050957106e-08	62901119
349519	7	1.11285778556658e-07	62901119
349521	2	3.17959367304737e-08	62901119
349741	3	4.76939050957106e-08	62901119
350054	10	1.58979683652369e-07	62901119
350058	11	1.74877652017606e-07	62901119
351348	9	1.43081715287132e-07	62901119
351605	5	7.94898418261844e-08	62901119
351745	1	1.58979683652369e-08	62901119
351746	15	2.38469525478553e-07	62901119
352914	1	1.58979683652369e-08	62901119
353151	2	3.17959367304737e-08	62901119
353152	2	3.17959367304737e-08	62901119
353153	5	7.94898418261844e-08	62901119
353154	1	1.58979683652369e-08	62901119
355278	1	1.58979683652369e-08	62901119
357348	9	1.43081715287132e-07	62901119
357804	1	1.58979683652369e-08	62901119
357808	2	3.17959367304737e-08	62901119
357809	2	3.17959367304737e-08	62901119
358220	609	9.68186273442926e-06	62901119
358681	5	7.94898418261844e-08	62901119
359786	1	1.58979683652369e-08	62901119
359787	1	1.58979683652369e-08	62901119
360094	10	1.58979683652369e-07	62901119
360095	2	3.17959367304737e-08	62901119
360102	5	7.94898418261844e-08	62901119
360115	1	1.58979683652369e-08	62901119
360910	10	1.58979683652369e-07	62901119
360911	2	3.17959367304737e-08	62901119
361100	1	1.58979683652369e-08	62901119
362242	3	4.76939050957106e-08	62901119
362663	808	1.28455584391114e-05	62901119
362948	1	1.58979683652369e-08	62901119
365044	135	2.14622572930698e-06	62901119
365046	92	1.46261308960179e-06	62901119
365659	8	1.27183746921895e-07	62901119
366394	12	1.90775620382842e-07	62901119
366602	13	2.06673588748079e-07	62901119
367737	4	6.35918734609475e-08	62901119
367775	8	1.27183746921895e-07	62901119
367928	15	2.38469525478553e-07	62901119
369723	4	6.35918734609475e-08	62901119
370354	11	1.74877652017606e-07	62901119
373153	11	1.74877652017606e-07	62901119
373384	1433	2.27817886673844e-05	62901119
374930	1	1.58979683652369e-08	62901119
374931	1	1.58979683652369e-08	62901119
375286	32	5.0873498768758e-07	62901119
376686	33	5.24632956052817e-07	62901119
376758	1	1.58979683652369e-08	62901119
377628	1	1.58979683652369e-08	62901119
377629	5	7.94898418261844e-08	62901119
378753	15	2.38469525478553e-07	62901119
378806	4	6.35918734609475e-08	62901119
379066	3	4.76939050957106e-08	62901119
379731	29	4.61041082591869e-07	62901119
380358	5	7.94898418261844e-08	62901119
380394	1	1.58979683652369e-08	62901119
380703	20	3.17959367304737e-07	62901119
381666	38	6.04122797879001e-07	62901119
381754	23	3.65653272400448e-07	62901119
382245	23	3.65653272400448e-07	62901119
382640	1	1.58979683652369e-08	62901119
383372	3	4.76939050957106e-08	62901119
383407	6	9.53878101914212e-08	62901119
383629	1	1.58979683652369e-08	62901119
384676	31	4.92837019322343e-07	62901119
385025	1	1.58979683652369e-08	62901119
386585	248	3.94269615457874e-06	62901119
387344	167	2.65496071699456e-06	62901119
387909	1	1.58979683652369e-08	62901119
388919	2	3.17959367304737e-08	62901119
390235	13	2.06673588748079e-07	62901119
390333	9	1.43081715287132e-07	62901119
391008	34	5.40530924418054e-07	62901119
391037	2	3.17959367304737e-08	62901119
391038	4	6.35918734609475e-08	62901119
391165	4	6.35918734609475e-08	62901119
391295	2	3.17959367304737e-08	62901119
391296	2	3.17959367304737e-08	62901119
391619	1	1.58979683652369e-08	62901119
391735	84	1.3354293426799e-06	62901119
391774	2	3.17959367304737e-08	62901119
391904	10	1.58979683652369e-07	62901119
392021	1	1.58979683652369e-08	62901119
392499	28	4.45143114226632e-07	62901119
393011	2	3.17959367304737e-08	62901119
393115	1	1.58979683652369e-08	62901119
393305	1	1.58979683652369e-08	62901119
393595	2	3.17959367304737e-08	62901119
394221	4	6.35918734609475e-08	62901119
394503	5	7.94898418261844e-08	62901119
395019	88	1.39902121614084e-06	62901119
395491	6	9.53878101914212e-08	62901119
395492	7	1.11285778556658e-07	62901119
395494	5	7.94898418261844e-08	62901119
395495	139	2.20981760276793e-06	62901119
395960	16	2.5436749384379e-07	62901119
395961	2	3.17959367304737e-08	62901119
395962	1	1.58979683652369e-08	62901119
395963	4	6.35918734609475e-08	62901119
395965	10	1.58979683652369e-07	62901119
396588	12	1.90775620382842e-07	62901119
396595	6	9.53878101914212e-08	62901119
397945	136	2.16212369767221e-06	62901119
398527	21	3.33857335669974e-07	62901119
398577	19	3.02061398939501e-07	62901119
398578	283	4.49912504736204e-06	62901119
398580	5	7.94898418261844e-08	62901119
398767	1	1.58979683652369e-08	62901119
399726	3	4.76939050957106e-08	62901119
399739	36	5.72326861148527e-07	62901119
399741	3	4.76939050957106e-08	62901119
399742	7	1.11285778556658e-07	62901119
399781	2	3.17959367304737e-08	62901119
399804	2	3.17959367304737e-08	62901119
400667	26	4.13347177496159e-07	62901119
400673	5	7.94898418261844e-08	62901119
400756	20	3.17959367304737e-07	62901119
401053	2	3.17959367304737e-08	62901119
401473	2	3.17959367304737e-08	62901119
402612	21	3.33857335669974e-07	62901119
402626	33	5.24632956052817e-07	62901119
402881	14	2.22571557113316e-07	62901119
402882	1	1.58979683652369e-08	62901119
403677	13	2.06673588748079e-07	62901119
404380	5	7.94898418261844e-08	62901119
404589	7	1.11285778556658e-07	62901119
405416	19	3.02061398939501e-07	62901119
405534	1	1.58979683652369e-08	62901119
405566	2	3.17959367304737e-08	62901119
405948	5	7.94898418261844e-08	62901119
405955	471	7.48794310002657e-06	62901119
406425	13	2.06673588748079e-07	62901119
407976	1	1.58979683652369e-08	62901119
409438	34	5.40530924418054e-07	62901119
410289	1	1.58979683652369e-08	62901119
411154	4	6.35918734609475e-08	62901119
412022	7	1.11285778556658e-07	62901119
412694	7	1.11285778556658e-07	62901119
413997	4	6.35918734609475e-08	62901119
414684	10	1.58979683652369e-07	62901119
416276	2	3.17959367304737e-08	62901119
416344	5	7.94898418261844e-08	62901119
416870	8	1.27183746921895e-07	62901119
419610	34	5.40530924418054e-07	62901119
419947	1	1.58979683652369e-08	62901119
420245	3	4.76939050957106e-08	62901119
420246	22	3.49755304035211e-07	62901119
420247	3	4.76939050957106e-08	62901119
420662	129	2.05083791911556e-06	62901119
423212	1	1.58979683652369e-08	62901119
423368	8	1.27183746921895e-07	62901119
423536	3	4.76939050957106e-08	62901119
424182	15	2.38469525478553e-07	62901119
425011	20	3.17959367304737e-07	62901119
426114	16	2.5436749384379e-07	62901119
426117	26	4.13347177496159e-07	62901119
426355	34	5.40530924418054e-07	62901119
426430	9	1.43081715287132e-07	62901119
428406	28	4.45143114226632e-07	62901119
431895	1	1.58979683652369e-08	62901119
431943	1	1.58979683652369e-08	62901119
431946	1	1.58979683652369e-08	62901119
434922	1	1.58979683652369e-08	62901119
434923	1	1.58979683652369e-08	62901119
434924	1	1.58979683652369e-08	62901119
435258	4	6.35918734609475e-08	62901119
435590	83	1.31953137431466e-06	62901119
435591	14	2.22571557113316e-07	62901119
435998	2	3.17959367304737e-08	62901119
436308	2	3.17959367304737e-08	62901119
436717	10	1.58979683652369e-07	62901119
438753	16	2.5436749384379e-07	62901119
439292	1	1.58979683652369e-08	62901119
439375	3	4.76939050957106e-08	62901119
439843	126	2.00314401401985e-06	62901119
439855	186	2.95702211593406e-06	62901119
440085	22	3.49755304035211e-07	62901119
441375	4	6.35918734609475e-08	62901119
441620	34	5.40530924418054e-07	62901119
442563	2	3.17959367304737e-08	62901119
443143	4	6.35918734609475e-08	62901119
443254	1	1.58979683652369e-08	62901119
443906	14	2.22571557113316e-07	62901119
444177	2	3.17959367304737e-08	62901119
444178	1	1.58979683652369e-08	62901119
444450	2	3.17959367304737e-08	62901119
445932	1	1.58979683652369e-08	62901119
446462	1	1.58979683652369e-08	62901119
446465	5	7.94898418261844e-08	62901119
446466	5	7.94898418261844e-08	62901119
446468	3	4.76939050957106e-08	62901119
446469	5	7.94898418261844e-08	62901119
446470	3	4.76939050957106e-08	62901119
446471	4	6.35918734609475e-08	62901119
447217	6	9.53878101914212e-08	62901119
448385	30	4.76939050957106e-07	62901119
449447	2	3.17959367304737e-08	62901119
450851	21	3.33857335669974e-07	62901119
452637	5	7.94898418261844e-08	62901119
452638	16	2.5436749384379e-07	62901119
452652	10	1.58979683652369e-07	62901119
452662	14	2.22571557113316e-07	62901119
452863	12	1.90775620382842e-07	62901119
454169	123	1.95545010892414e-06	62901119
455488	6	9.53878101914212e-08	62901119
455632	8	1.27183746921895e-07	62901119
456481	1	1.58979683652369e-08	62901119
457425	4	6.35918734609475e-08	62901119
457570	3	4.76939050957106e-08	62901119
458233	3	4.76939050957106e-08	62901119
459349	5	7.94898418261844e-08	62901119
459424	1	1.58979683652369e-08	62901119
460265	12	1.90775620382842e-07	62901119
464988	7	1.11285778556658e-07	62901119
465515	39	6.20020766244238e-07	62901119
465817	3	4.76939050957106e-08	62901119
467705	2	3.17959367304737e-08	62901119
469371	2	3.17959367304737e-08	62901119
469378	1	1.58979683652369e-08	62901119
469383	5	7.94898418261844e-08	62901119
469607	1	1.58979683652369e-08	62901119
471223	59	9.37980133548975e-07	62901119
471852	13	2.06673588748079e-07	62901119
471853	8	1.27183746921895e-07	62901119
471854	3	4.76939050957106e-08	62901119
471856	6	9.53878101914212e-08	62901119
471857	2	3.17959367304737e-08	62901119
477641	5	7.94898418261844e-08	62901119
477974	4	6.35918734609475e-08	62901119
478433	1	1.58979683652369e-08	62901119
478434	1	1.58979683652369e-08	62901119
478801	8	1.27183746921895e-07	62901119
479431	9	1.43081715287132e-07	62901119
479432	9	1.43081715287132e-07	62901119
479433	6	9.53878101914212e-08	62901119
479435	3	4.76939050957106e-08	62901119
479436	6	9.53878101914212e-08	62901119
479437	1	1.58979683652369e-08	62901119
480119	9	1.43081715287132e-07	62901119
481448	1	1.58979683652369e-08	62901119
481743	3	4.76939050957106e-08	62901119
481805	2348	3.73284297215762e-05	62901119
481877	4	6.35918734609475e-08	62901119
482957	29	4.61041082591869e-07	62901119
483219	7	1.11285778556658e-07	62901119
484020	1	1.58979683652369e-08	62901119
484021	24	3.81551240765685e-07	62901119
484022	1	1.58979683652369e-08	62901119
485916	4	6.35918734609475e-08	62901119
485917	6	9.53878101914212e-08	62901119
485918	8	1.27183746921895e-07	62901119
487214	1	1.58979683652369e-08	62901119
487521	5	7.94898418261844e-08	62901119
488223	1	1.58979683652369e-08	62901119
489653	5	7.94898418261844e-08	62901119
491077	2	3.17959367304737e-08	62901119
491915	95	1.5103069946975e-06	62901119
491916	4	6.35918734609475e-08	62901119
497965	2	3.17959367304737e-08	62901119
497978	13	2.06673588748079e-07	62901119
498211	5	7.94898418261844e-08	62901119
498216	2	3.17959367304737e-08	62901119
502025	5	7.94898418261844e-08	62901119
502558	1	1.58979683652369e-08	62901119
504472	3	4.76939050957106e-08	62901119
504474	6	9.53878101914212e-08	62901119
504728	4	6.35918734609475e-08	62901119
504832	20	3.17959367304737e-07	62901119
507522	14	2.22571557113316e-07	62901119
508771	5	7.94898418261844e-08	62901119
509169	22	3.49755304035211e-07	62901119
509170	17	2.70265462209027e-07	62901119
509173	40	6.35918734609475e-07	62901119
509190	14	2.22571557113316e-07	62901119
509193	2	3.17959367304737e-08	62901119
510516	5	7.94898418261844e-08	62901119
511062	3	4.76939050957106e-08	62901119
511437	4	6.35918734609475e-08	62901119
512564	1	1.58979683652369e-08	62901119
512565	6	9.53878101914212e-08	62901119
512566	3	4.76939050957106e-08	62901119
515619	25	3.97449209130922e-07	62901119
515620	9	1.43081715287132e-07	62901119
515622	2	3.17959367304737e-08	62901119
516950	4	6.35918734609475e-08	62901119
517417	1	1.58979683652369e-08	62901119
521006	1	1.58979683652369e-08	62901119
521095	1	1.58979683652369e-08	62901119
521096	8	1.27183746921895e-07	62901119
521097	6	9.53878101914212e-08	62901119
521674	5	7.94898418261844e-08	62901119
522306	11	1.74877652017606e-07	62901119
522373	32	5.0873498768758e-07	62901119
523791	1	1.58979683652369e-08	62901119
523841	1	1.58979683652369e-08	62901119
525284	6	9.53878101914212e-08	62901119
525897	1	1.58979683652369e-08	62901119
525903	1	1.58979683652369e-08	62901119
525919	2	3.17959367304737e-08	62901119
526225	12	1.90775620382842e-07	62901119
526226	15	2.38469525478553e-07	62901119
526227	4	6.35918734609475e-08	62901119
531844	11	1.74877652017606e-07	62901119
535289	116	1.84416433036748e-06	62901119
536019	13	2.06673588748079e-07	62901119
536056	886	1.40855999715999e-05	62901119
536230	3	4.76939050957106e-08	62901119
543728	244	3.8791042811178e-06	62901119
543891	55	8.74388260088028e-07	62901119
543913	45	7.15408576435659e-07	62901119
544404	1	1.58979683652369e-08	62901119
544556	45	7.15408576435659e-07	62901119
545693	1	1.58979683652369e-08	62901119
546414	2	3.17959367304737e-08	62901119
548473	1	1.58979683652369e-08	62901119
548476	9	1.43081715287132e-07	62901119
550542	20	3.17959367304737e-07	62901119
551895	1	1.58979683652369e-08	62901119
552526	1	1.58979683652369e-08	62901119
553174	5	7.94898418261844e-08	62901119
553190	19	3.02061398939501e-07	62901119
553199	704	1.11921697291268e-05	62901119
553482	1	1.58979683652369e-08	62901119
556484	14	2.22571557113316e-07	62901119
557598	6	9.53878101914212e-08	62901119
557599	2	3.17959367304737e-08	62901119
557600	10	1.58979683652369e-07	62901119
557722	26	4.13347177496159e-07	62901119
557760	3	4.76939050957106e-08	62901119
559292	45	7.15408576435659e-07	62901119
559295	7	1.11285778556658e-07	62901119
559307	1	1.58979683652369e-08	62901119
561229	4	6.35918734609475e-08	62901119
561304	1	1.58979683652369e-08	62901119
565040	10	1.58979683652369e-07	62901119
565042	4	6.35918734609475e-08	62901119
565050	6	9.53878101914212e-08	62901119
568704	1	1.58979683652369e-08	62901119
568706	4	6.35918734609475e-08	62901119
568707	11	1.74877652017606e-07	62901119
571800	4	6.35918734609475e-08	62901119
572263	1	1.58979683652369e-08	62901119
572477	7	1.11285778556658e-07	62901119
572479	1	1.58979683652369e-08	62901119
572547	1	1.58979683652369e-08	62901119
573059	1	1.58979683652369e-08	62901119
573065	1	1.58979683652369e-08	62901119
573235	21	3.33857335669974e-07	62901119
573370	3	4.76939050957106e-08	62901119
573729	2	3.17959367304737e-08	62901119
573826	1	1.58979683652369e-08	62901119
574093	1	1.58979683652369e-08	62901119
574521	4	6.35918734609475e-08	62901119
574556	1	1.58979683652369e-08	62901119
575540	3	4.76939050957106e-08	62901119
577650	1	1.58979683652369e-08	62901119
578455	3	4.76939050957106e-08	62901119
578461	1	1.58979683652369e-08	62901119
580327	9	1.43081715287132e-07	62901119
580331	2	3.17959367304737e-08	62901119
580332	4	6.35918734609475e-08	62901119
581103	7	1.11285778556658e-07	62901119
582402	3	4.76939050957106e-08	62901119
582744	3	4.76939050957106e-08	62901119
582899	10	1.58979683652369e-07	62901119
583345	8	1.27183746921895e-07	62901119
583346	1	1.58979683652369e-08	62901119
584721	1	1.58979683652369e-08	62901119
585034	14	2.22571557113316e-07	62901119
585035	9	1.43081715287132e-07	62901119
585054	79	1.25593950085371e-06	62901119
585055	24	3.81551240765685e-07	62901119
585056	42	6.67714671339949e-07	62901119
585057	126	2.00314401401985e-06	62901119
585394	6	9.53878101914212e-08	62901119
585395	43	6.83612639705186e-07	62901119
585396	140	2.22571557113316e-06	62901119
585397	4	6.35918734609475e-08	62901119
588858	2	3.17959367304737e-08	62901119
590409	1	1.58979683652369e-08	62901119
590998	8	1.27183746921895e-07	62901119
591001	3	4.76939050957106e-08	62901119
591167	4	6.35918734609475e-08	62901119
592022	1	1.58979683652369e-08	62901119
592029	3	4.76939050957106e-08	62901119
592316	3	4.76939050957106e-08	62901119
593907	6	9.53878101914212e-08	62901119
595494	2	3.17959367304737e-08	62901119
595495	254	4.03808396477017e-06	62901119
595496	452	7.18588170108707e-06	62901119
595499	1	1.58979683652369e-08	62901119
595537	214	3.40216523016069e-06	62901119
596153	139	2.20981760276793e-06	62901119
596154	114	1.812368393637e-06	62901119
600809	3	4.76939050957106e-08	62901119
608538	2	3.17959367304737e-08	62901119
610130	4	6.35918734609475e-08	62901119
622759	4	6.35918734609475e-08	62901119
626418	10	1.58979683652369e-07	62901119
627192	16	2.5436749384379e-07	62901119
630626	1	1.58979683652369e-08	62901119
632292	1	1.58979683652369e-08	62901119
632518	1	1.58979683652369e-08	62901119
632772	20	3.17959367304737e-07	62901119
633147	2	3.17959367304737e-08	62901119
633149	7	1.11285778556658e-07	62901119
634177	2	3.17959367304737e-08	62901119
634452	4	6.35918734609475e-08	62901119
634456	4	6.35918734609475e-08	62901119
634499	1	1.58979683652369e-08	62901119
634500	10	1.58979683652369e-07	62901119
634956	6	9.53878101914212e-08	62901119
637379	23	3.65653272400448e-07	62901119
637905	2	3.17959367304737e-08	62901119
637909	1	1.58979683652369e-08	62901119
637910	1	1.58979683652369e-08	62901119
639282	1	1.58979683652369e-08	62901119
639283	13	2.06673588748079e-07	62901119
640081	37	5.88224829513764e-07	62901119
640131	11	1.74877652017606e-07	62901119
640132	2	3.17959367304737e-08	62901119
640510	8	1.27183746921895e-07	62901119
640511	11	1.74877652017606e-07	62901119
640512	5	7.94898418261844e-08	62901119
641491	3	4.76939050957106e-08	62901119
643561	100	1.58979683652369e-06	62901119
643562	2	3.17959367304737e-08	62901119
643867	4	6.35918734609475e-08	62901119
644042	5	7.94898418261844e-08	62901119
644282	4	6.35918734609475e-08	62901119
644283	8	1.27183746921895e-07	62901119
644801	13	2.06673588748079e-07	62901119
645127	18	2.86163430574264e-07	62901119
645463	1	1.58979683652369e-08	62901119
648757	4	6.35918734609475e-08	62901119
648999	7	1.11285778556658e-07	62901119
649349	8	1.27183746921895e-07	62901119
649831	5	7.94898418261844e-08	62901119
651822	1	1.58979683652369e-08	62901119
652103	19	3.02061398939501e-07	62901119
653045	1	1.58979683652369e-08	62901119
655815	4	6.35918734609475e-08	62901119
656024	5	7.94898418261844e-08	62901119
657308	1	1.58979683652369e-08	62901119
657309	19	3.02061398939501e-07	62901119
657310	2	3.17959367304737e-08	62901119
657313	16	2.5436749384379e-07	62901119
657314	13	2.06673588748079e-07	62901119
657315	5	7.94898418261844e-08	62901119
657316	8	1.27183746921895e-07	62901119
657317	26	4.13347177496159e-07	62901119
657318	20	3.17959367304737e-07	62901119
657319	1	1.58979683652369e-08	62901119
657321	14	2.22571557113316e-07	62901119
657322	10	1.58979683652369e-07	62901119
657323	12	1.90775620382842e-07	62901119
661367	1	1.58979683652369e-08	62901119
661410	13	2.06673588748079e-07	62901119
662755	2	3.17959367304737e-08	62901119
663917	2	3.17959367304737e-08	62901119
665029	2	3.17959367304737e-08	62901119
665571	1	1.58979683652369e-08	62901119
666681	4	6.35918734609475e-08	62901119
666685	2	3.17959367304737e-08	62901119
666686	1	1.58979683652369e-08	62901119
667015	3	4.76939050957106e-08	62901119
670307	5	7.94898418261844e-08	62901119
670487	6	9.53878101914212e-08	62901119
673862	1	1.58979683652369e-08	62901119
675635	7	1.11285778556658e-07	62901119
679935	5	7.94898418261844e-08	62901119
679936	1	1.58979683652369e-08	62901119
680198	10	1.58979683652369e-07	62901119
680646	10	1.58979683652369e-07	62901119
682634	1	1.58979683652369e-08	62901119
684738	7	1.11285778556658e-07	62901119
685727	19	3.02061398939501e-07	62901119
688245	79	1.25593950085371e-06	62901119
688270	3	4.76939050957106e-08	62901119
690566	14	2.22571557113316e-07	62901119
691437	45	7.15408576435659e-07	62901119
693216	2	3.17959367304737e-08	62901119
693444	9	1.43081715287132e-07	62901119
693974	1	1.58979683652369e-08	62901119
693977	1	1.58979683652369e-08	62901119
693978	7	1.11285778556658e-07	62901119
693979	6	9.53878101914212e-08	62901119
693982	3	4.76939050957106e-08	62901119
694427	1	1.58979683652369e-08	62901119
696281	1	1.58979683652369e-08	62901119
696406	3	4.76939050957106e-08	62901119
696749	1	1.58979683652369e-08	62901119
697281	4	6.35918734609475e-08	62901119
697329	1	1.58979683652369e-08	62901119
698737	2	3.17959367304737e-08	62901119
698761	2	3.17959367304737e-08	62901119
698936	1	1.58979683652369e-08	62901119
698948	6	9.53878101914212e-08	62901119
698962	1	1.58979683652369e-08	62901119
698965	1	1.58979683652369e-08	62901119
698968	1	1.58979683652369e-08	62901119
698972	2	3.17959367304737e-08	62901119
700015	1	1.58979683652369e-08	62901119
700508	8	1.27183746921895e-07	62901119
700598	6	9.53878101914212e-08	62901119
701177	2	3.17959367304737e-08	62901119
701347	2	3.17959367304737e-08	62901119
701521	2	3.17959367304737e-08	62901119
702113	13	2.06673588748079e-07	62901119
702459	4	6.35918734609475e-08	62901119
706191	1	1.58979683652369e-08	62901119
706194	1	1.58979683652369e-08	62901119
707241	1	1.58979683652369e-08	62901119
709032	3	4.76939050957106e-08	62901119
709986	1	1.58979683652369e-08	62901119
709991	2	3.17959367304737e-08	62901119
710421	9	1.43081715287132e-07	62901119
710685	3	4.76939050957106e-08	62901119
710686	1	1.58979683652369e-08	62901119
710696	13	2.06673588748079e-07	62901119
712898	7	1.11285778556658e-07	62901119
712938	1	1.58979683652369e-08	62901119
712961	1	1.58979683652369e-08	62901119
713604	6	9.53878101914212e-08	62901119
714313	3	4.76939050957106e-08	62901119
714962	1	1.58979683652369e-08	62901119
716540	2	3.17959367304737e-08	62901119
716541	11	1.74877652017606e-07	62901119
716544	2	3.17959367304737e-08	62901119
717605	2	3.17959367304737e-08	62901119
717608	1	1.58979683652369e-08	62901119
717785	7	1.11285778556658e-07	62901119
717959	4	6.35918734609475e-08	62901119
717960	8	1.27183746921895e-07	62901119
717961	3	4.76939050957106e-08	62901119
717962	10	1.58979683652369e-07	62901119
718252	15	2.38469525478553e-07	62901119
718254	5	7.94898418261844e-08	62901119
718255	3	4.76939050957106e-08	62901119
718274	1	1.58979683652369e-08	62901119
720554	3	4.76939050957106e-08	62901119
722911	1	1.58979683652369e-08	62901119
741091	2	3.17959367304737e-08	62901119
742013	178	2.82983836901216e-06	62901119
743525	207	3.29087945160403e-06	62901119
743718	8	1.27183746921895e-07	62901119
743720	13	2.06673588748079e-07	62901119
743721	9	1.43081715287132e-07	62901119
743722	1	1.58979683652369e-08	62901119
744533	2	3.17959367304737e-08	62901119
745277	1	1.58979683652369e-08	62901119
745310	21	3.33857335669974e-07	62901119
745776	5	7.94898418261844e-08	62901119
746361	4	6.35918734609475e-08	62901119
746697	1	1.58979683652369e-08	62901119
748247	6	9.53878101914212e-08	62901119
748280	11	1.74877652017606e-07	62901119
748671	7	1.11285778556658e-07	62901119
749219	1	1.58979683652369e-08	62901119
749414	3	4.76939050957106e-08	62901119
749927	8	1.27183746921895e-07	62901119
751585	7	1.11285778556658e-07	62901119
751945	14	2.22571557113316e-07	62901119
754035	4	6.35918734609475e-08	62901119
754252	2	3.17959367304737e-08	62901119
754477	5	7.94898418261844e-08	62901119
755732	8	1.27183746921895e-07	62901119
756272	1	1.58979683652369e-08	62901119
757424	59	9.37980133548975e-07	62901119
758793	6	9.53878101914212e-08	62901119
759350	9	1.43081715287132e-07	62901119
759362	1	1.58979683652369e-08	62901119
759914	1	1.58979683652369e-08	62901119
760192	4	6.35918734609475e-08	62901119
760570	2	3.17959367304737e-08	62901119
762051	2	3.17959367304737e-08	62901119
762376	56	8.90286228453265e-07	62901119
762550	1	1.58979683652369e-08	62901119
762570	1	1.58979683652369e-08	62901119
762633	27	4.29245145861396e-07	62901119
762903	1	1.58979683652369e-08	62901119
762948	5	7.94898418261844e-08	62901119
765698	10	1.58979683652369e-07	62901119
765911	6	9.53878101914212e-08	62901119
765912	5	7.94898418261844e-08	62901119
765952	6	9.53878101914212e-08	62901119
767029	5	7.94898418261844e-08	62901119
767434	2	3.17959367304737e-08	62901119
767453	6	9.53878101914212e-08	62901119
767462	2	3.17959367304737e-08	62901119
767463	13	2.06673588748079e-07	62901119
767468	6	9.53878101914212e-08	62901119
767817	1	1.58979683652369e-08	62901119
768066	3	4.76939050957106e-08	62901119
768486	1	1.58979683652369e-08	62901119
768670	1	1.58979683652369e-08	62901119
798128	20	3.17959367304737e-07	62901119
856793	2	3.17959367304737e-08	62901119
857087	1	1.58979683652369e-08	62901119
858215	1	1.58979683652369e-08	62901119
858619	4	6.35918734609475e-08	62901119
859655	12	1.90775620382842e-07	62901119
859656	21	3.33857335669974e-07	62901119
859657	16	2.5436749384379e-07	62901119
860228	1	1.58979683652369e-08	62901119
861208	4	6.35918734609475e-08	62901119
861360	16	2.5436749384379e-07	62901119
862719	4	6.35918734609475e-08	62901119
862751	4	6.35918734609475e-08	62901119
862962	2	3.17959367304737e-08	62901119
862965	1	1.58979683652369e-08	62901119
862970	1	1.58979683652369e-08	62901119
865938	6	9.53878101914212e-08	62901119
866768	1471	2.33859114652634e-05	62901119
866775	1	1.58979683652369e-08	62901119
866777	2	3.17959367304737e-08	62901119
866895	1	1.58979683652369e-08	62901119
867900	2	3.17959367304737e-08	62901119
867902	1	1.58979683652369e-08	62901119
868132	2	3.17959367304737e-08	62901119
868597	36	5.72326861148527e-07	62901119
869209	4	6.35918734609475e-08	62901119
869210	3	4.76939050957106e-08	62901119
869211	1	1.58979683652369e-08	62901119
869212	5	7.94898418261844e-08	62901119
869215	1	1.58979683652369e-08	62901119
869309	7	1.11285778556658e-07	62901119
869729	23	3.65653272400448e-07	62901119
871585	8	1.27183746921895e-07	62901119
872331	1	1.58979683652369e-08	62901119
875328	5	7.94898418261844e-08	62901119
879243	1	1.58979683652369e-08	62901119
880070	2	3.17959367304737e-08	62901119
880447	2	3.17959367304737e-08	62901119
880591	1	1.58979683652369e-08	62901119
880758	22	3.49755304035211e-07	62901119
882378	3	4.76939050957106e-08	62901119
882884	16	2.5436749384379e-07	62901119
883062	3	4.76939050957106e-08	62901119
884204	2	3.17959367304737e-08	62901119
886293	12	1.90775620382842e-07	62901119
886377	1	1.58979683652369e-08	62901119
887061	1	1.58979683652369e-08	62901119
889738	5	7.94898418261844e-08	62901119
889932	8	1.27183746921895e-07	62901119
890402	8	1.27183746921895e-07	62901119
905079	8	1.27183746921895e-07	62901119
909420	1	1.58979683652369e-08	62901119
909952	36	5.72326861148527e-07	62901119
910348	44	6.99510608070422e-07	62901119
914127	1	1.58979683652369e-08	62901119
926550	2	3.17959367304737e-08	62901119
926562	2	3.17959367304737e-08	62901119
926566	2	3.17959367304737e-08	62901119
926569	1	1.58979683652369e-08	62901119
926570	4	6.35918734609475e-08	62901119
927666	6	9.53878101914212e-08	62901119
929102	15	2.38469525478553e-07	62901119
929439	8	1.27183746921895e-07	62901119
929556	1	1.58979683652369e-08	62901119
929562	7	1.11285778556658e-07	62901119
930169	4	6.35918734609475e-08	62901119
930171	8	1.27183746921895e-07	62901119
931281	4	6.35918734609475e-08	62901119
931626	1	1.58979683652369e-08	62901119
935296	1	1.58979683652369e-08	62901119
935591	1	1.58979683652369e-08	62901119
935593	1	1.58979683652369e-08	62901119
936139	1	1.58979683652369e-08	62901119
936153	2	3.17959367304737e-08	62901119
936156	2	3.17959367304737e-08	62901119
937773	1	1.58979683652369e-08	62901119
937777	1	1.58979683652369e-08	62901119
940296	1	1.58979683652369e-08	62901119
941639	5	7.94898418261844e-08	62901119
944546	2	3.17959367304737e-08	62901119
944547	4	6.35918734609475e-08	62901119
945021	1	1.58979683652369e-08	62901119
945556	1	1.58979683652369e-08	62901119
945713	2	3.17959367304737e-08	62901119
946362	2	3.17959367304737e-08	62901119
946483	2	3.17959367304737e-08	62901119
953739	7	1.11285778556658e-07	62901119
956149	1	1.58979683652369e-08	62901119
977880	35	5.56428892783291e-07	62901119
979556	31	4.92837019322343e-07	62901119
979982	1	1.58979683652369e-08	62901119
980514	6	9.53878101914212e-08	62901119
981368	3	4.76939050957106e-08	62901119
983544	4	6.35918734609475e-08	62901119
983545	1	1.58979683652369e-08	62901119
983548	2	3.17959367304737e-08	62901119
983917	88	1.39902121614084e-06	62901119
984892	1	1.58979683652369e-08	62901119
985006	1	1.58979683652369e-08	62901119
990315	13	2.06673588748079e-07	62901119
990316	1	1.58979683652369e-08	62901119
990317	2	3.17959367304737e-08	62901119
991905	5	7.94898418261844e-08	62901119
994484	45	7.15408576435659e-07	62901119
996285	11	1.74877652017606e-07	62901119
998088	17	2.70265462209027e-07	62901119
999541	21	3.33857335669974e-07	62901119
999552	2	3.17959367304737e-08	62901119
1001583	177	2.81394040064693e-06	62901119
1001585	17	2.70265462209027e-07	62901119
1002809	2	3.17959367304737e-08	62901119
1003195	6	9.53878101914212e-08	62901119
1003201	1	1.58979683652369e-08	62901119
1004951	1	1.58979683652369e-08	62901119
1004952	2	3.17959367304737e-08	62901119
1005041	1	1.58979683652369e-08	62901119
1005048	142	2.25751150786364e-06	62901119
1006007	2	3.17959367304737e-08	62901119
1006551	6	9.53878101914212e-08	62901119
1007064	1	1.58979683652369e-08	62901119
1007105	14	2.22571557113316e-07	62901119
1008459	1	1.58979683652369e-08	62901119
1009464	6	9.53878101914212e-08	62901119
1009846	20	3.17959367304737e-07	62901119
1016998	2	3.17959367304737e-08	62901119
1017264	4	6.35918734609475e-08	62901119
1028307	1	1.58979683652369e-08	62901119
1029718	4	6.35918734609475e-08	62901119
1029756	5	7.94898418261844e-08	62901119
1031709	37	5.88224829513764e-07	62901119
1031710	6	9.53878101914212e-08	62901119
1031711	20	3.17959367304737e-07	62901119
1032480	3	4.76939050957106e-08	62901119
1032845	1	1.58979683652369e-08	62901119
1033813	5	7.94898418261844e-08	62901119
1033837	2	3.17959367304737e-08	62901119
1034807	14	2.22571557113316e-07	62901119
1034809	1	1.58979683652369e-08	62901119
1035817	1	1.58979683652369e-08	62901119
1036172	3	4.76939050957106e-08	62901119
1036672	2	3.17959367304737e-08	62901119
1036673	2	3.17959367304737e-08	62901119
1036743	6	9.53878101914212e-08	62901119
1037409	24	3.81551240765685e-07	62901119
1037911	158	2.51187900170743e-06	62901119
1041826	14	2.22571557113316e-07	62901119
1042156	2	3.17959367304737e-08	62901119
1042417	1	1.58979683652369e-08	62901119
1042876	22	3.49755304035211e-07	62901119
1042878	12	1.90775620382842e-07	62901119
1045855	5	7.94898418261844e-08	62901119
1045856	2	3.17959367304737e-08	62901119
1046624	2	3.17959367304737e-08	62901119
1046629	7	1.11285778556658e-07	62901119
1048332	2	3.17959367304737e-08	62901119
1048834	7	1.11285778556658e-07	62901119
1049565	8	1.27183746921895e-07	62901119
1051074	2	3.17959367304737e-08	62901119
1051632	1	1.58979683652369e-08	62901119
1054460	5	7.94898418261844e-08	62901119
1064539	13	2.06673588748079e-07	62901119
1064592	2	3.17959367304737e-08	62901119
1069533	2	3.17959367304737e-08	62901119
1069642	1	1.58979683652369e-08	62901119
1071378	1	1.58979683652369e-08	62901119
1071381	2	3.17959367304737e-08	62901119
1071382	3	4.76939050957106e-08	62901119
1071400	2	3.17959367304737e-08	62901119
1072459	1	1.58979683652369e-08	62901119
1072467	2	3.17959367304737e-08	62901119
1074889	1	1.58979683652369e-08	62901119
1075089	1	1.58979683652369e-08	62901119
1076934	1	1.58979683652369e-08	62901119
1080228	1	1.58979683652369e-08	62901119
1082931	4	6.35918734609475e-08	62901119
1089456	14	2.22571557113316e-07	62901119
1089553	1	1.58979683652369e-08	62901119
1091041	1	1.58979683652369e-08	62901119
1091045	267	4.24475755351825e-06	62901119
1091495	1	1.58979683652369e-08	62901119
1093141	15	2.38469525478553e-07	62901119
1093787	2	3.17959367304737e-08	62901119
1094466	13	2.06673588748079e-07	62901119
1094508	1	1.58979683652369e-08	62901119
1095774	1	1.58979683652369e-08	62901119
1096996	7	1.11285778556658e-07	62901119
1097668	9	1.43081715287132e-07	62901119
1097677	4	6.35918734609475e-08	62901119
1104320	1	1.58979683652369e-08	62901119
1104322	5	7.94898418261844e-08	62901119
1104326	6	9.53878101914212e-08	62901119
1105104	1	1.58979683652369e-08	62901119
1105107	2	3.17959367304737e-08	62901119
1105108	1	1.58979683652369e-08	62901119
1105110	1	1.58979683652369e-08	62901119
1105112	1	1.58979683652369e-08	62901119
1105113	1	1.58979683652369e-08	62901119
1107880	3	4.76939050957106e-08	62901119
1110502	10	1.58979683652369e-07	62901119
1111068	34	5.40530924418054e-07	62901119
1111069	32	5.0873498768758e-07	62901119
1111678	2	3.17959367304737e-08	62901119
1112204	2	3.17959367304737e-08	62901119
1114958	1	1.58979683652369e-08	62901119
1114965	1	1.58979683652369e-08	62901119
1114966	12	1.90775620382842e-07	62901119
1114967	75	1.19234762739277e-06	62901119
1114969	705	1.1208067697492e-05	62901119
1114970	35	5.56428892783291e-07	62901119
1116391	2	3.17959367304737e-08	62901119
1117647	4	6.35918734609475e-08	62901119
1117943	4	6.35918734609475e-08	62901119
1118963	68	1.08106184883611e-06	62901119
1121353	2	3.17959367304737e-08	62901119
1121362	4	6.35918734609475e-08	62901119
1121448	1	1.58979683652369e-08	62901119
1123519	5	7.94898418261844e-08	62901119
1123863	1	1.58979683652369e-08	62901119
1124983	36	5.72326861148527e-07	62901119
1125630	2	3.17959367304737e-08	62901119
1127134	7	1.11285778556658e-07	62901119
1133568	1	1.58979683652369e-08	62901119
1133849	2	3.17959367304737e-08	62901119
1133850	7	1.11285778556658e-07	62901119
1133852	1	1.58979683652369e-08	62901119
1133853	26	4.13347177496159e-07	62901119
1134454	363	5.77096251658098e-06	62901119
1136179	1476	2.34654013070896e-05	62901119
1137651	6	9.53878101914212e-08	62901119
1138382	4	6.35918734609475e-08	62901119
1138383	5	7.94898418261844e-08	62901119
1138871	2	3.17959367304737e-08	62901119
1142394	3	4.76939050957106e-08	62901119
1144275	5	7.94898418261844e-08	62901119
1146883	8	1.27183746921895e-07	62901119
1147128	2	3.17959367304737e-08	62901119
1150469	1	1.58979683652369e-08	62901119
1151116	1	1.58979683652369e-08	62901119
1156431	1	1.58979683652369e-08	62901119
1156433	2	3.17959367304737e-08	62901119
1156913	2	3.17959367304737e-08	62901119
1160717	1	1.58979683652369e-08	62901119
1161918	1	1.58979683652369e-08	62901119
1163399	34	5.40530924418054e-07	62901119
1163617	5	7.94898418261844e-08	62901119
1163748	1	1.58979683652369e-08	62901119
1166130	1	1.58979683652369e-08	62901119
1167634	56	8.90286228453265e-07	62901119
1170318	19	3.02061398939501e-07	62901119
1170562	2	3.17959367304737e-08	62901119
1171373	5	7.94898418261844e-08	62901119
1171376	1	1.58979683652369e-08	62901119
1173020	14	2.22571557113316e-07	62901119
1179773	3	4.76939050957106e-08	62901119
1185652	3	4.76939050957106e-08	62901119
1186051	1	1.58979683652369e-08	62901119
1187956	3	4.76939050957106e-08	62901119
1191061	9	1.43081715287132e-07	62901119
1191523	1	1.58979683652369e-08	62901119
1192196	3	4.76939050957106e-08	62901119
1193292	15	2.38469525478553e-07	62901119
1194526	2	3.17959367304737e-08	62901119
1196325	14	2.22571557113316e-07	62901119
1196835	13	2.06673588748079e-07	62901119
1198114	3	4.76939050957106e-08	62901119
1198232	1	1.58979683652369e-08	62901119
1198627	2	3.17959367304737e-08	62901119
1199187	6	9.53878101914212e-08	62901119
1200352	2	3.17959367304737e-08	62901119
1201294	2	3.17959367304737e-08	62901119
1202772	1	1.58979683652369e-08	62901119
1203460	4	6.35918734609475e-08	62901119
1204414	3	4.76939050957106e-08	62901119
1205674	1	1.58979683652369e-08	62901119
1205675	1	1.58979683652369e-08	62901119
1205677	1	1.58979683652369e-08	62901119
1205910	6	9.53878101914212e-08	62901119
1207075	40	6.35918734609475e-07	62901119
1208658	8	1.27183746921895e-07	62901119
1208660	8	1.27183746921895e-07	62901119
1211025	4	6.35918734609475e-08	62901119
1211579	16	2.5436749384379e-07	62901119
1214101	8	1.27183746921895e-07	62901119
1214242	5	7.94898418261844e-08	62901119
1215088	22	3.49755304035211e-07	62901119
1215343	3	4.76939050957106e-08	62901119
1216976	31	4.92837019322343e-07	62901119
1217984	1	1.58979683652369e-08	62901119
1218933	1	1.58979683652369e-08	62901119
1224163	4	6.35918734609475e-08	62901119
1224746	1	1.58979683652369e-08	62901119
1225179	1	1.58979683652369e-08	62901119
1229205	4	6.35918734609475e-08	62901119
1229756	1	1.58979683652369e-08	62901119
1229785	1	1.58979683652369e-08	62901119
1229908	1	1.58979683652369e-08	62901119
1229909	3	4.76939050957106e-08	62901119
1230587	1	1.58979683652369e-08	62901119
1231626	1	1.58979683652369e-08	62901119
1232724	1	1.58979683652369e-08	62901119
1233873	26	4.13347177496159e-07	62901119
1234380	1	1.58979683652369e-08	62901119
1234679	20	3.17959367304737e-07	62901119
1235990	2	3.17959367304737e-08	62901119
1236903	2	3.17959367304737e-08	62901119
1241583	1	1.58979683652369e-08	62901119
1244085	2	3.17959367304737e-08	62901119
1245469	21	3.33857335669974e-07	62901119
1245471	39	6.20020766244238e-07	62901119
1246301	170	2.70265462209027e-06	62901119
1246995	10	1.58979683652369e-07	62901119
1249480	1	1.58979683652369e-08	62901119
1249634	4	6.35918734609475e-08	62901119
1249661	1	1.58979683652369e-08	62901119
1254432	11	1.74877652017606e-07	62901119
1254439	4	6.35918734609475e-08	62901119
1255043	2	3.17959367304737e-08	62901119
1260251	1	1.58979683652369e-08	62901119
1261557	1	1.58979683652369e-08	62901119
1262456	15	2.38469525478553e-07	62901119
1265601	4	6.35918734609475e-08	62901119
1266844	1	1.58979683652369e-08	62901119
1266845	2	3.17959367304737e-08	62901119
1267753	1	1.58979683652369e-08	62901119
1267754	4	6.35918734609475e-08	62901119
1271862	1	1.58979683652369e-08	62901119
1274814	2	3.17959367304737e-08	62901119
1276282	1	1.58979683652369e-08	62901119
1276647	1	1.58979683652369e-08	62901119
1278073	4	6.35918734609475e-08	62901119
1279008	1	1.58979683652369e-08	62901119
1282356	91	1.44671512123656e-06	62901119
1283331	5	7.94898418261844e-08	62901119
1286170	5	7.94898418261844e-08	62901119
1288394	8	1.27183746921895e-07	62901119
1294143	22	3.49755304035211e-07	62901119
1302863	1	1.58979683652369e-08	62901119
1303024	1	1.58979683652369e-08	62901119
1303692	4	6.35918734609475e-08	62901119
1304892	3	4.76939050957106e-08	62901119
1305849	3	4.76939050957106e-08	62901119
1313172	14	2.22571557113316e-07	62901119
1318615	1	1.58979683652369e-08	62901119
1327988	5	7.94898418261844e-08	62901119
1328306	4	6.35918734609475e-08	62901119
1331671	21	3.33857335669974e-07	62901119
1332188	14	2.22571557113316e-07	62901119
1334187	1	1.58979683652369e-08	62901119
1335757	1	1.58979683652369e-08	62901119
1338032	1	1.58979683652369e-08	62901119
1340851	1	1.58979683652369e-08	62901119
1343076	1	1.58979683652369e-08	62901119
1343740	2	3.17959367304737e-08	62901119
1345697	8	1.27183746921895e-07	62901119
1346614	2	3.17959367304737e-08	62901119
1348660	2	3.17959367304737e-08	62901119
1367847	2	3.17959367304737e-08	62901119
1380774	8	1.27183746921895e-07	62901119
1380908	20	3.17959367304737e-07	62901119
1384484	1	1.58979683652369e-08	62901119
1389489	5	7.94898418261844e-08	62901119
1394710	1	1.58979683652369e-08	62901119
1394711	1	1.58979683652369e-08	62901119
1399115	2	3.17959367304737e-08	62901119
1399116	2	3.17959367304737e-08	62901119
1401659	3	4.76939050957106e-08	62901119
1408206	3	4.76939050957106e-08	62901119
1415629	1	1.58979683652369e-08	62901119
1415630	210	3.33857335669974e-06	62901119
1416914	4	6.35918734609475e-08	62901119
1423144	2	3.17959367304737e-08	62901119
1423892	1	1.58979683652369e-08	62901119
1427342	14	2.22571557113316e-07	62901119
1430440	6	9.53878101914212e-08	62901119
1435044	6	9.53878101914212e-08	62901119
1435058	2	3.17959367304737e-08	62901119
1435356	8	1.27183746921895e-07	62901119
1436140	20	3.17959367304737e-07	62901119
