Tax.ID	Frequency	Proportion	Total
394	18	2.49791268171534e-07	72060165
882	3	4.1631878028589e-08	72060165
883	7	9.71410487333744e-08	72060165
1140	4	5.55091707047854e-08	72060165
1148	1	1.38772926761963e-08	72060165
2762	2	2.77545853523927e-08	72060165
2769	7	9.71410487333744e-08	72060165
2771	2	2.77545853523927e-08	72060165
2787	8	1.11018341409571e-07	72060165
2829	13	1.80404804790552e-07	72060165
2832	5	6.93864633809817e-08	72060165
2839	38	5.27337121695461e-07	72060165
2850	27	3.74686902257301e-07	72060165
2880	5	6.93864633809817e-08	72060165
2898	7	9.71410487333744e-08	72060165
2903	4	5.55091707047854e-08	72060165
2986	2	2.77545853523927e-08	72060165
4770	17	2.35913975495338e-07	72060165
4950	10	1.38772926761963e-07	72060165
5061	10	1.38772926761963e-07	72060165
5145	1	1.38772926761963e-08	72060165
5518	18	2.49791268171534e-07	72060165
5661	14	1.94282097466749e-07	72060165
5749	2	2.77545853523927e-08	72060165
5755	2	2.77545853523927e-08	72060165
5786	11	1.5265021943816e-07	72060165
5823	5	6.93864633809817e-08	72060165
5851	29	4.02441487609694e-07	72060165
5872	2	2.77545853523927e-08	72060165
5901	1	1.38772926761963e-08	72060165
5907	2	2.77545853523927e-08	72060165
5908	1	1.38772926761963e-08	72060165
5911	12	1.66527512114356e-07	72060165
5932	18	2.49791268171534e-07	72060165
10359	2	2.77545853523927e-08	72060165
10870	2	2.77545853523927e-08	72060165
13035	1	1.38772926761963e-08	72060165
28072	6	8.32637560571781e-08	72060165
28173	2	2.77545853523927e-08	72060165
31271	4	5.55091707047854e-08	72060165
31964	34	4.71827950990676e-07	72060165
32049	4	5.55091707047854e-08	72060165
32051	3	4.1631878028589e-08	72060165
33653	1	1.38772926761963e-08	72060165
35128	62	8.60392145924173e-07	72060165
35688	4	5.55091707047854e-08	72060165
36329	2	2.77545853523927e-08	72060165
36809	14	1.94282097466749e-07	72060165
38271	2	2.77545853523927e-08	72060165
43685	2	2.77545853523927e-08	72060165
43925	4	5.55091707047854e-08	72060165
43926	2	2.77545853523927e-08	72060165
44056	4	5.55091707047854e-08	72060165
44058	1	1.38772926761963e-08	72060165
47573	1	1.38772926761963e-08	72060165
48483	4	5.55091707047854e-08	72060165
52970	22	3.0530043887632e-07	72060165
55529	39	5.41214414371657e-07	72060165
56107	1	1.38772926761963e-08	72060165
56110	6	8.32637560571781e-08	72060165
59374	3	4.1631878028589e-08	72060165
59922	7	9.71410487333744e-08	72060165
60481	17	2.35913975495338e-07	72060165
62928	90	1.24895634085767e-06	72060165
62977	11	1.5265021943816e-07	72060165
63186	3	4.1631878028589e-08	72060165
63737	5	6.93864633809817e-08	72060165
64091	1	1.38772926761963e-08	72060165
64471	5	6.93864633809817e-08	72060165
65071	24	3.33055024228712e-07	72060165
67593	11	1.5265021943816e-07	72060165
69328	39	5.41214414371657e-07	72060165
72359	1	1.38772926761963e-08	72060165
73025	2	2.77545853523927e-08	72060165
74547	2	2.77545853523927e-08	72060165
74557	4	5.55091707047854e-08	72060165
75379	57	7.91005682543192e-07	72060165
76114	23	3.19177731552516e-07	72060165
76869	45	6.24478170428835e-07	72060165
78245	80	1.11018341409571e-06	72060165
82654	2	2.77545853523927e-08	72060165
83406	3	4.1631878028589e-08	72060165
84588	2	2.77545853523927e-08	72060165
85643	83	1.1518152921243e-06	72060165
85962	2	2.77545853523927e-08	72060165
85963	2	2.77545853523927e-08	72060165
86416	1	1.38772926761963e-08	72060165
88149	1	1.38772926761963e-08	72060165
94122	16	2.22036682819141e-07	72060165
96561	2	2.77545853523927e-08	72060165
96563	45	6.24478170428835e-07	72060165
99598	3	4.1631878028589e-08	72060165
100226	23	3.19177731552516e-07	72060165
101510	133	1.84567992593411e-06	72060165
103690	8	1.11018341409571e-07	72060165
106370	7	9.71410487333744e-08	72060165
109269	5	6.93864633809817e-08	72060165
111781	1	1.38772926761963e-08	72060165
114416	1	1.38772926761963e-08	72060165
114615	66	9.15901316628959e-07	72060165
115713	2	2.77545853523927e-08	72060165
120807	2	2.77545853523927e-08	72060165
122587	4	5.55091707047854e-08	72060165
126793	10	1.38772926761963e-07	72060165
129356	3	4.1631878028589e-08	72060165
134676	9	1.24895634085767e-07	72060165
137722	35	4.85705243666872e-07	72060165
138119	2	2.77545853523927e-08	72060165
143017	2	2.77545853523927e-08	72060165
145522	1	1.38772926761963e-08	72060165
146891	2	2.77545853523927e-08	72060165
150340	27	3.74686902257301e-07	72060165
151536	1	1.38772926761963e-08	72060165
153948	8	1.11018341409571e-07	72060165
155864	9	1.24895634085767e-07	72060165
156889	6	8.32637560571781e-08	72060165
158189	1	1.38772926761963e-08	72060165
158190	2	2.77545853523927e-08	72060165
158879	1	1.38772926761963e-08	72060165
159087	76	1.05467424339092e-06	72060165
160488	36	4.99582536343068e-07	72060165
160492	3	4.1631878028589e-08	72060165
160619	16	2.22036682819141e-07	72060165
164037	1	1.38772926761963e-08	72060165
164328	12	1.66527512114356e-07	72060165
164756	37	5.13459829019265e-07	72060165
164757	1	1.38772926761963e-08	72060165
167542	1	1.38772926761963e-08	72060165
167546	1	1.38772926761963e-08	72060165
167879	1	1.38772926761963e-08	72060165
170187	2	2.77545853523927e-08	72060165
171101	15	2.08159390142945e-07	72060165
172968	1	1.38772926761963e-08	72060165
176279	183	2.53954455974393e-06	72060165
176280	206	2.85872229129645e-06	72060165
176299	13	1.80404804790552e-07	72060165
177437	1	1.38772926761963e-08	72060165
177439	5	6.93864633809817e-08	72060165
179408	106	1.47099302367681e-06	72060165
186103	1	1.38772926761963e-08	72060165
187272	12	1.66527512114356e-07	72060165
187303	8	1.11018341409571e-07	72060165
188937	8	1.11018341409571e-07	72060165
189423	9	1.24895634085767e-07	72060165
189918	14	1.94282097466749e-07	72060165
190304	2	2.77545853523927e-08	72060165
190485	41	5.6896899972405e-07	72060165
190486	13	1.80404804790552e-07	72060165
190650	40	5.55091707047854e-07	72060165
192952	11	1.5265021943816e-07	72060165
195103	11	1.5265021943816e-07	72060165
196162	48	6.66110048457424e-07	72060165
196164	12	1.66527512114356e-07	72060165
196600	1	1.38772926761963e-08	72060165
198214	2	2.77545853523927e-08	72060165
198215	4	5.55091707047854e-08	72060165
199310	1	1.38772926761963e-08	72060165
203119	2	2.77545853523927e-08	72060165
203120	5	6.93864633809817e-08	72060165
203123	1	1.38772926761963e-08	72060165
203124	1	1.38772926761963e-08	72060165
203267	2	2.77545853523927e-08	72060165
203275	8	1.11018341409571e-07	72060165
204536	2	2.77545853523927e-08	72060165
204669	7	9.71410487333744e-08	72060165
204773	102	1.41548385297203e-06	72060165
205913	19	2.63668560847731e-07	72060165
205918	24	3.33055024228712e-07	72060165
205922	133	1.84567992593411e-06	72060165
207559	3	4.1631878028589e-08	72060165
208435	1	1.38772926761963e-08	72060165
208596	9	1.24895634085767e-07	72060165
208963	78	1.08242882874331e-06	72060165
208964	66	9.15901316628959e-07	72060165
210007	4	5.55091707047854e-08	72060165
211586	1	1.38772926761963e-08	72060165
212717	4	5.55091707047854e-08	72060165
213769	1	1.38772926761963e-08	72060165
213810	1	1.38772926761963e-08	72060165
214684	1	1.38772926761963e-08	72060165
215689	1	1.38772926761963e-08	72060165
216389	2	2.77545853523927e-08	72060165
216432	3	4.1631878028589e-08	72060165
216591	55	7.63251097190799e-07	72060165
216592	2	2.77545853523927e-08	72060165
216594	2	2.77545853523927e-08	72060165
216595	611	8.47902582515596e-06	72060165
216596	37	5.13459829019265e-07	72060165
216599	3	4.1631878028589e-08	72060165
216895	1	1.38772926761963e-08	72060165
218491	2	2.77545853523927e-08	72060165
218496	4	5.55091707047854e-08	72060165
220341	3006	4.17151417846462e-05	72060165
220664	61	8.46514853247977e-07	72060165
221029	3	4.1631878028589e-08	72060165
221109	3	4.1631878028589e-08	72060165
222891	1	1.38772926761963e-08	72060165
223283	30	4.1631878028589e-07	72060165
223926	19	2.63668560847731e-07	72060165
224308	2	2.77545853523927e-08	72060165
224911	98	1.35997468226724e-06	72060165
224914	11	1.5265021943816e-07	72060165
225937	2	2.77545853523927e-08	72060165
226186	31	4.30196072962087e-07	72060165
227086	11	1.5265021943816e-07	72060165
227321	2	2.77545853523927e-08	72060165
227882	26	3.60809609581105e-07	72060165
227941	5	6.93864633809817e-08	72060165
228400	1	1.38772926761963e-08	72060165
228405	12	1.66527512114356e-07	72060165
228410	5	6.93864633809817e-08	72060165
229533	12	1.66527512114356e-07	72060165
231023	28	3.88564194933498e-07	72060165
232721	933	1.29475140668912e-05	72060165
234267	26	3.60809609581105e-07	72060165
234621	4301	5.96862358003205e-05	72060165
235909	1	1.38772926761963e-08	72060165
240015	3	4.1631878028589e-08	72060165
242507	6	8.32637560571781e-08	72060165
243090	8	1.11018341409571e-07	72060165
243159	8	1.11018341409571e-07	72060165
243230	11	1.5265021943816e-07	72060165
243231	1	1.38772926761963e-08	72060165
243233	12	1.66527512114356e-07	72060165
243243	16	2.22036682819141e-07	72060165
243265	1	1.38772926761963e-08	72060165
243272	1	1.38772926761963e-08	72060165
243275	1	1.38772926761963e-08	72060165
243365	21	2.91423146200123e-07	72060165
245014	12	1.66527512114356e-07	72060165
245018	18	2.49791268171534e-07	72060165
246194	2	2.77545853523927e-08	72060165
246196	37	5.13459829019265e-07	72060165
246197	9	1.24895634085767e-07	72060165
246198	7	9.71410487333744e-08	72060165
246200	9	1.24895634085767e-07	72060165
247156	9	1.24895634085767e-07	72060165
251221	1	1.38772926761963e-08	72060165
251229	1	1.38772926761963e-08	72060165
257309	5	6.93864633809817e-08	72060165
257310	46	6.38355463105032e-07	72060165
257311	20	2.77545853523927e-07	72060165
257313	29	4.02441487609694e-07	72060165
258594	43	5.96723585076443e-07	72060165
259536	9	1.24895634085767e-07	72060165
261292	46	6.38355463105032e-07	72060165
262316	21	2.91423146200123e-07	72060165
262543	5	6.93864633809817e-08	72060165
262724	36	4.99582536343068e-07	72060165
263358	10	1.38772926761963e-07	72060165
264198	95	1.31834280423865e-06	72060165
264199	2	2.77545853523927e-08	72060165
264201	5	6.93864633809817e-08	72060165
264203	3	4.1631878028589e-08	72060165
264462	6	8.32637560571781e-08	72060165
264730	29	4.02441487609694e-07	72060165
264731	6	8.32637560571781e-08	72060165
265072	15	2.08159390142945e-07	72060165
266117	5	6.93864633809817e-08	72060165
266264	215	2.98361792538221e-06	72060165
266265	72	9.99165072686137e-07	72060165
266779	24	3.33055024228712e-07	72060165
266834	22	3.0530043887632e-07	72060165
266835	30	4.1631878028589e-07	72060165
266940	18	2.49791268171534e-07	72060165
267608	78	1.08242882874331e-06	72060165
267747	59	8.18760267895584e-07	72060165
269084	3	4.1631878028589e-08	72060165
269482	74	1.02691965803853e-06	72060165
269484	1	1.38772926761963e-08	72060165
269796	8	1.11018341409571e-07	72060165
269797	7	9.71410487333744e-08	72060165
269798	19	2.63668560847731e-07	72060165
269799	1	1.38772926761963e-08	72060165
269800	5	6.93864633809817e-08	72060165
271848	16	2.22036682819141e-07	72060165
272559	5	6.93864633809817e-08	72060165
272561	5	6.93864633809817e-08	72060165
272562	1	1.38772926761963e-08	72060165
272563	8	1.11018341409571e-07	72060165
272564	2	2.77545853523927e-08	72060165
272568	16	2.22036682819141e-07	72060165
272620	52	7.2161921916221e-07	72060165
272621	2	2.77545853523927e-08	72060165
272622	32	4.44073365638283e-07	72060165
272623	47	6.52232755781228e-07	72060165
272624	3	4.1631878028589e-08	72060165
272630	35	4.85705243666872e-07	72060165
272631	3	4.1631878028589e-08	72060165
272831	28	3.88564194933498e-07	72060165
272942	15	2.08159390142945e-07	72060165
272943	3	4.1631878028589e-08	72060165
273119	4	5.55091707047854e-08	72060165
273123	1	1.38772926761963e-08	72060165
278137	18	2.49791268171534e-07	72060165
279238	42	5.82846292400246e-07	72060165
279808	9	1.24895634085767e-07	72060165
280463	35	4.85705243666872e-07	72060165
280699	10	1.38772926761963e-07	72060165
281090	19	2.63668560847731e-07	72060165
281310	1	1.38772926761963e-08	72060165
284590	6	8.32637560571781e-08	72060165
284591	29	4.02441487609694e-07	72060165
284593	14	1.94282097466749e-07	72060165
284811	4	5.55091707047854e-08	72060165
284812	23	3.19177731552516e-07	72060165
284813	1	1.38772926761963e-08	72060165
285951	2	2.77545853523927e-08	72060165
288000	77	1.06855153606712e-06	72060165
288705	20	2.77545853523927e-07	72060165
289376	2	2.77545853523927e-08	72060165
289380	3	4.1631878028589e-08	72060165
289397	1	1.38772926761963e-08	72060165
290317	2	2.77545853523927e-08	72060165
290338	5	6.93864633809817e-08	72060165
290339	9	1.24895634085767e-07	72060165
290340	171	2.37301704762957e-06	72060165
290397	12	1.66527512114356e-07	72060165
290398	2	2.77545853523927e-08	72060165
290399	80	1.11018341409571e-06	72060165
290402	6	8.32637560571781e-08	72060165
291112	5	6.93864633809817e-08	72060165
291331	10	1.38772926761963e-07	72060165
292414	5	6.93864633809817e-08	72060165
292415	26	3.60809609581105e-07	72060165
292459	4	5.55091707047854e-08	72060165
292564	8	1.11018341409571e-07	72060165
293613	4	5.55091707047854e-08	72060165
293614	2	2.77545853523927e-08	72060165
293826	7	9.71410487333744e-08	72060165
294381	1	1.38772926761963e-08	72060165
295405	27	3.74686902257301e-07	72060165
296543	62	8.60392145924173e-07	72060165
296591	179	2.48403538903915e-06	72060165
298386	4	5.55091707047854e-08	72060165
298653	15	2.08159390142945e-07	72060165
298654	15	2.08159390142945e-07	72060165
299768	1	1.38772926761963e-08	72060165
300269	6	8.32637560571781e-08	72060165
300852	18	2.49791268171534e-07	72060165
304371	2	2.77545853523927e-08	72060165
306263	2	2.77545853523927e-08	72060165
306537	10	1.38772926761963e-07	72060165
309800	2	2.77545853523927e-08	72060165
309801	8	1.11018341409571e-07	72060165
309807	3	4.1631878028589e-08	72060165
311402	9	1.24895634085767e-07	72060165
311403	10	1.38772926761963e-07	72060165
311424	1	1.38772926761963e-08	72060165
312153	47	6.52232755781228e-07	72060165
313595	2	2.77545853523927e-08	72060165
313596	1	1.38772926761963e-08	72060165
313598	4	5.55091707047854e-08	72060165
313603	1	1.38772926761963e-08	72060165
314225	30	4.1631878028589e-07	72060165
314260	1	1.38772926761963e-08	72060165
314315	3	4.1631878028589e-08	72060165
314565	34	4.71827950990676e-07	72060165
315750	1	1.38772926761963e-08	72060165
316055	66	9.15901316628959e-07	72060165
316056	45	6.24478170428835e-07	72060165
316057	49	6.79987341133621e-07	72060165
316058	41	5.6896899972405e-07	72060165
316067	3	4.1631878028589e-08	72060165
316273	10	1.38772926761963e-07	72060165
316274	2	2.77545853523927e-08	72060165
316278	3	4.1631878028589e-08	72060165
316385	37	5.13459829019265e-07	72060165
317655	80	1.11018341409571e-06	72060165
318167	4	5.55091707047854e-08	72060165
318586	28	3.88564194933498e-07	72060165
319224	1	1.38772926761963e-08	72060165
319701	1	1.38772926761963e-08	72060165
319795	1	1.38772926761963e-08	72060165
320373	11	1.5265021943816e-07	72060165
320388	39	5.41214414371657e-07	72060165
320389	2	2.77545853523927e-08	72060165
321314	1	1.38772926761963e-08	72060165
321327	1	1.38772926761963e-08	72060165
321956	8	1.11018341409571e-07	72060165
321967	3	4.1631878028589e-08	72060165
322104	2	2.77545853523927e-08	72060165
322159	46	6.38355463105032e-07	72060165
322710	26	3.60809609581105e-07	72060165
323097	31	4.30196072962087e-07	72060165
323098	14	1.94282097466749e-07	72060165
323848	5	6.93864633809817e-08	72060165
323850	5	6.93864633809817e-08	72060165
324057	2	2.77545853523927e-08	72060165
324602	3	4.1631878028589e-08	72060165
324831	1	1.38772926761963e-08	72060165
324925	1	1.38772926761963e-08	72060165
326297	1	1.38772926761963e-08	72060165
326298	2	2.77545853523927e-08	72060165
326423	1	1.38772926761963e-08	72060165
326424	33	4.57950658314479e-07	72060165
326426	4	5.55091707047854e-08	72060165
326442	2	2.77545853523927e-08	72060165
329726	2	2.77545853523927e-08	72060165
330214	13	1.80404804790552e-07	72060165
330879	4	5.55091707047854e-08	72060165
331111	69	9.57533194657548e-07	72060165
331112	54	7.49373804514603e-07	72060165
331271	138	1.9150663893151e-06	72060165
331272	53	7.35496511838406e-07	72060165
331635	1	1.38772926761963e-08	72060165
331678	2	2.77545853523927e-08	72060165
334380	2	2.77545853523927e-08	72060165
334390	5	6.93864633809817e-08	72060165
334413	53	7.35496511838406e-07	72060165
335283	19	2.63668560847731e-07	72060165
335284	8	1.11018341409571e-07	72060165
335541	1	1.38772926761963e-08	72060165
335543	7	9.71410487333744e-08	72060165
335659	78	1.08242882874331e-06	72060165
336407	2	2.77545853523927e-08	72060165
337191	15	2.08159390142945e-07	72060165
338187	784	1.08797974581379e-05	72060165
338966	7	9.71410487333744e-08	72060165
338969	78	1.08242882874331e-06	72060165
339670	241	3.34442753496332e-06	72060165
340099	6	8.32637560571781e-08	72060165
340100	155	2.15098036481043e-06	72060165
340177	2	2.77545853523927e-08	72060165
340322	13	1.80404804790552e-07	72060165
342108	18	2.49791268171534e-07	72060165
342109	3	4.1631878028589e-08	72060165
342451	14	1.94282097466749e-07	72060165
343509	1	1.38772926761963e-08	72060165
344609	23	3.19177731552516e-07	72060165
345073	10	1.38772926761963e-07	72060165
345219	3	4.1631878028589e-08	72060165
347253	16	2.22036682819141e-07	72060165
347257	2	2.77545853523927e-08	72060165
347328	9	1.24895634085767e-07	72060165
347515	19	2.63668560847731e-07	72060165
347834	11	1.5265021943816e-07	72060165
348058	2	2.77545853523927e-08	72060165
349101	15	2.08159390142945e-07	72060165
349102	18	2.49791268171534e-07	72060165
349106	10	1.38772926761963e-07	72060165
349124	2	2.77545853523927e-08	72060165
349163	19	2.63668560847731e-07	72060165
349519	1	1.38772926761963e-08	72060165
349521	5	6.93864633809817e-08	72060165
349741	7	9.71410487333744e-08	72060165
349746	1	1.38772926761963e-08	72060165
350054	35	4.85705243666872e-07	72060165
350058	18	2.49791268171534e-07	72060165
350688	2	2.77545853523927e-08	72060165
351348	10	1.38772926761963e-07	72060165
351605	6	8.32637560571781e-08	72060165
351607	6	8.32637560571781e-08	72060165
351745	1	1.38772926761963e-08	72060165
351746	52	7.2161921916221e-07	72060165
352914	21	2.91423146200123e-07	72060165
353151	3	4.1631878028589e-08	72060165
353152	4	5.55091707047854e-08	72060165
353153	20	2.77545853523927e-07	72060165
354242	4	5.55091707047854e-08	72060165
355246	1	1.38772926761963e-08	72060165
355276	4	5.55091707047854e-08	72060165
355277	3	4.1631878028589e-08	72060165
355278	1	1.38772926761963e-08	72060165
357244	2	2.77545853523927e-08	72060165
357348	31	4.30196072962087e-07	72060165
357544	3	4.1631878028589e-08	72060165
358220	1565	2.17179630382473e-05	72060165
358681	5	6.93864633809817e-08	72060165
359786	4	5.55091707047854e-08	72060165
359787	2	2.77545853523927e-08	72060165
360094	8	1.11018341409571e-07	72060165
360095	3	4.1631878028589e-08	72060165
360102	9	1.24895634085767e-07	72060165
360104	2	2.77545853523927e-08	72060165
360106	1	1.38772926761963e-08	72060165
360107	2	2.77545853523927e-08	72060165
360109	2	2.77545853523927e-08	72060165
360115	2	2.77545853523927e-08	72060165
360910	23	3.19177731552516e-07	72060165
360911	1	1.38772926761963e-08	72060165
361100	1	1.38772926761963e-08	72060165
362242	2	2.77545853523927e-08	72060165
362663	104	1.44323843832442e-06	72060165
362948	2	2.77545853523927e-08	72060165
365044	258	3.58034151045866e-06	72060165
365046	245	3.3999367056681e-06	72060165
365659	30	4.1631878028589e-07	72060165
366394	10	1.38772926761963e-07	72060165
366602	38	5.27337121695461e-07	72060165
367737	8	1.11018341409571e-07	72060165
367775	22	3.0530043887632e-07	72060165
367928	46	6.38355463105032e-07	72060165
368407	1	1.38772926761963e-08	72060165
369723	12	1.66527512114356e-07	72060165
370438	7	9.71410487333744e-08	72060165
370554	1	1.38772926761963e-08	72060165
372461	1	1.38772926761963e-08	72060165
373153	20	2.77545853523927e-07	72060165
373384	136	1.8873118039627e-06	72060165
373903	1	1.38772926761963e-08	72060165
374833	2	2.77545853523927e-08	72060165
374930	1	1.38772926761963e-08	72060165
374931	1	1.38772926761963e-08	72060165
375286	34	4.71827950990676e-07	72060165
376686	92	1.27671092621006e-06	72060165
376758	12	1.66527512114356e-07	72060165
377628	4	5.55091707047854e-08	72060165
378753	23	3.19177731552516e-07	72060165
378806	6	8.32637560571781e-08	72060165
379066	13	1.80404804790552e-07	72060165
379731	67	9.29778609305155e-07	72060165
380358	12	1.66527512114356e-07	72060165
380394	8	1.11018341409571e-07	72060165
380703	33	4.57950658314479e-07	72060165
381666	136	1.8873118039627e-06	72060165
381754	65	9.02024023952762e-07	72060165
381764	1	1.38772926761963e-08	72060165
382245	52	7.2161921916221e-07	72060165
382638	5	6.93864633809817e-08	72060165
382640	2	2.77545853523927e-08	72060165
383372	1	1.38772926761963e-08	72060165
383407	10	1.38772926761963e-07	72060165
383629	1	1.38772926761963e-08	72060165
384676	71	9.8528778000994e-07	72060165
386043	2	2.77545853523927e-08	72060165
386415	1	1.38772926761963e-08	72060165
386585	13	1.80404804790552e-07	72060165
386656	4	5.55091707047854e-08	72060165
387344	13	1.80404804790552e-07	72060165
388919	6	8.32637560571781e-08	72060165
390235	55	7.63251097190799e-07	72060165
390333	18	2.49791268171534e-07	72060165
391008	62	8.60392145924173e-07	72060165
391037	10	1.38772926761963e-07	72060165
391038	21	2.91423146200123e-07	72060165
391165	13	1.80404804790552e-07	72060165
391295	1	1.38772926761963e-08	72060165
391296	1	1.38772926761963e-08	72060165
391595	2	2.77545853523927e-08	72060165
391616	1	1.38772926761963e-08	72060165
391619	1	1.38772926761963e-08	72060165
391626	2	2.77545853523927e-08	72060165
391735	200	2.77545853523927e-06	72060165
391774	2	2.77545853523927e-08	72060165
391896	4	5.55091707047854e-08	72060165
391904	15	2.08159390142945e-07	72060165
392021	2	2.77545853523927e-08	72060165
392499	77	1.06855153606712e-06	72060165
393011	7	9.71410487333744e-08	72060165
393115	2	2.77545853523927e-08	72060165
393305	14	1.94282097466749e-07	72060165
393595	10	1.38772926761963e-07	72060165
394221	3	4.1631878028589e-08	72060165
394503	4	5.55091707047854e-08	72060165
395019	160	2.22036682819141e-06	72060165
395491	10	1.38772926761963e-07	72060165
395492	24	3.33055024228712e-07	72060165
395494	7	9.71410487333744e-08	72060165
395495	299	4.14931051018271e-06	72060165
395960	62	8.60392145924173e-07	72060165
395963	9	1.24895634085767e-07	72060165
395965	15	2.08159390142945e-07	72060165
396513	1	1.38772926761963e-08	72060165
396588	40	5.55091707047854e-07	72060165
396595	4	5.55091707047854e-08	72060165
397945	359	4.98194807075449e-06	72060165
398527	78	1.08242882874331e-06	72060165
398577	40	5.55091707047854e-07	72060165
398578	938	1.30169005302722e-05	72060165
398580	8	1.11018341409571e-07	72060165
398767	7	9.71410487333744e-08	72060165
399739	96	1.33222009691485e-06	72060165
399741	10	1.38772926761963e-07	72060165
399742	12	1.66527512114356e-07	72060165
399781	8	1.11018341409571e-07	72060165
399804	3	4.1631878028589e-08	72060165
400667	59	8.18760267895584e-07	72060165
400668	2	2.77545853523927e-08	72060165
400673	9	1.24895634085767e-07	72060165
400756	10	1.38772926761963e-07	72060165
401053	2	2.77545853523927e-08	72060165
401473	6	8.32637560571781e-08	72060165
402612	39	5.41214414371657e-07	72060165
402626	137	1.9011890966389e-06	72060165
402881	31	4.30196072962087e-07	72060165
403677	58	8.04882975219388e-07	72060165
403833	2	2.77545853523927e-08	72060165
404380	16	2.22036682819141e-07	72060165
404589	14	1.94282097466749e-07	72060165
405416	56	7.77128389866995e-07	72060165
405535	4	5.55091707047854e-08	72060165
405566	3	4.1631878028589e-08	72060165
405948	21	2.91423146200123e-07	72060165
405955	61	8.46514853247977e-07	72060165
406425	36	4.99582536343068e-07	72060165
406817	1	1.38772926761963e-08	72060165
409438	4	5.55091707047854e-08	72060165
410289	25	3.46932316904909e-07	72060165
411154	12	1.66527512114356e-07	72060165
412022	18	2.49791268171534e-07	72060165
412133	4	5.55091707047854e-08	72060165
412694	16	2.22036682819141e-07	72060165
413404	2	2.77545853523927e-08	72060165
413949	4	5.55091707047854e-08	72060165
413997	15	2.08159390142945e-07	72060165
414004	2	2.77545853523927e-08	72060165
414684	23	3.19177731552516e-07	72060165
416276	2	2.77545853523927e-08	72060165
416344	29	4.02441487609694e-07	72060165
416870	16	2.22036682819141e-07	72060165
419610	61	8.46514853247977e-07	72060165
419947	26	3.60809609581105e-07	72060165
420245	11	1.5265021943816e-07	72060165
420246	1	1.38772926761963e-08	72060165
420247	2	2.77545853523927e-08	72060165
420662	251	3.48320046172528e-06	72060165
423211	1	1.38772926761963e-08	72060165
423212	2	2.77545853523927e-08	72060165
423368	32	4.44073365638283e-07	72060165
423536	38	5.27337121695461e-07	72060165
424182	5	6.93864633809817e-08	72060165
425011	59	8.18760267895584e-07	72060165
425104	1	1.38772926761963e-08	72060165
426114	36	4.99582536343068e-07	72060165
426117	52	7.2161921916221e-07	72060165
426355	160	2.22036682819141e-06	72060165
426430	5	6.93864633809817e-08	72060165
428406	96	1.33222009691485e-06	72060165
429009	5	6.93864633809817e-08	72060165
431895	16	2.22036682819141e-07	72060165
431943	8	1.11018341409571e-07	72060165
431947	7	9.71410487333744e-08	72060165
434131	2	2.77545853523927e-08	72060165
434922	5	6.93864633809817e-08	72060165
434923	4	5.55091707047854e-08	72060165
434924	2	2.77545853523927e-08	72060165
435258	11	1.5265021943816e-07	72060165
435590	178	2.47015809636295e-06	72060165
435591	43	5.96723585076443e-07	72060165
435998	4	5.55091707047854e-08	72060165
436308	4	5.55091707047854e-08	72060165
436717	26	3.60809609581105e-07	72060165
438753	34	4.71827950990676e-07	72060165
439235	4	5.55091707047854e-08	72060165
439375	18	2.49791268171534e-07	72060165
439843	3040	4.21869697356369e-05	72060165
439855	29	4.02441487609694e-07	72060165
440085	39	5.41214414371657e-07	72060165
441375	8	1.11018341409571e-07	72060165
441620	50	6.93864633809817e-07	72060165
442563	1	1.38772926761963e-08	72060165
443143	4	5.55091707047854e-08	72060165
443144	6	8.32637560571781e-08	72060165
443218	7	9.71410487333744e-08	72060165
443254	1	1.38772926761963e-08	72060165
443906	44	6.10600877752639e-07	72060165
444177	4	5.55091707047854e-08	72060165
444178	15	2.08159390142945e-07	72060165
446462	22	3.0530043887632e-07	72060165
446465	25	3.46932316904909e-07	72060165
446466	12	1.66527512114356e-07	72060165
446468	28	3.88564194933498e-07	72060165
446469	14	1.94282097466749e-07	72060165
446470	7	9.71410487333744e-08	72060165
446471	13	1.80404804790552e-07	72060165
446529	1	1.38772926761963e-08	72060165
447217	20	2.77545853523927e-07	72060165
448385	29	4.02441487609694e-07	72060165
449447	3	4.1631878028589e-08	72060165
450851	27	3.74686902257301e-07	72060165
451516	11	1.5265021943816e-07	72060165
452471	3	4.1631878028589e-08	72060165
452637	17	2.35913975495338e-07	72060165
452638	31	4.30196072962087e-07	72060165
452652	20	2.77545853523927e-07	72060165
452662	69	9.57533194657548e-07	72060165
452863	20	2.77545853523927e-07	72060165
454169	2997	4.15902461505604e-05	72060165
455488	11	1.5265021943816e-07	72060165
455632	16	2.22036682819141e-07	72060165
456481	1	1.38772926761963e-08	72060165
457425	8	1.11018341409571e-07	72060165
458233	3	4.1631878028589e-08	72060165
459424	1	1.38772926761963e-08	72060165
460265	33	4.57950658314479e-07	72060165
462590	8	1.11018341409571e-07	72060165
464988	3	4.1631878028589e-08	72060165
465515	84	1.16569258480049e-06	72060165
465817	6	8.32637560571781e-08	72060165
467705	13	1.80404804790552e-07	72060165
469008	6	8.32637560571781e-08	72060165
469371	15	2.08159390142945e-07	72060165
469378	3	4.1631878028589e-08	72060165
469383	8	1.11018341409571e-07	72060165
469604	1	1.38772926761963e-08	72060165
471223	3	4.1631878028589e-08	72060165
471821	1	1.38772926761963e-08	72060165
471852	12	1.66527512114356e-07	72060165
471853	14	1.94282097466749e-07	72060165
471854	7	9.71410487333744e-08	72060165
471856	4	5.55091707047854e-08	72060165
471857	17	2.35913975495338e-07	72060165
476213	1	1.38772926761963e-08	72060165
477641	29	4.02441487609694e-07	72060165
477974	3	4.1631878028589e-08	72060165
478009	1	1.38772926761963e-08	72060165
478433	9	1.24895634085767e-07	72060165
478434	11	1.5265021943816e-07	72060165
478801	34	4.71827950990676e-07	72060165
479431	30	4.1631878028589e-07	72060165
479432	7	9.71410487333744e-08	72060165
479433	13	1.80404804790552e-07	72060165
479434	8	1.11018341409571e-07	72060165
479435	24	3.33055024228712e-07	72060165
479436	57	7.91005682543192e-07	72060165
479437	17	2.35913975495338e-07	72060165
480119	33	4.57950658314479e-07	72060165
480224	3	4.1631878028589e-08	72060165
481009	2	2.77545853523927e-08	72060165
481448	3	4.1631878028589e-08	72060165
481743	1	1.38772926761963e-08	72060165
481805	163	2.26199870622e-06	72060165
481877	3	4.1631878028589e-08	72060165
482957	51	7.07741926486013e-07	72060165
483179	10	1.38772926761963e-07	72060165
483219	10	1.38772926761963e-07	72060165
484020	1	1.38772926761963e-08	72060165
484021	19	2.63668560847731e-07	72060165
484022	2	2.77545853523927e-08	72060165
485916	4	5.55091707047854e-08	72060165
485917	10	1.38772926761963e-07	72060165
485918	11	1.5265021943816e-07	72060165
487213	5	6.93864633809817e-08	72060165
487214	12	1.66527512114356e-07	72060165
487521	3	4.1631878028589e-08	72060165
488221	2	2.77545853523927e-08	72060165
488222	1	1.38772926761963e-08	72060165
488223	2	2.77545853523927e-08	72060165
489653	3	4.1631878028589e-08	72060165
490759	2	2.77545853523927e-08	72060165
491077	1	1.38772926761963e-08	72060165
491915	12	1.66527512114356e-07	72060165
491916	7	9.71410487333744e-08	72060165
491952	2	2.77545853523927e-08	72060165
497978	30	4.1631878028589e-07	72060165
498211	3	4.1631878028589e-08	72060165
498213	4	5.55091707047854e-08	72060165
498216	1	1.38772926761963e-08	72060165
502025	21	2.91423146200123e-07	72060165
502558	2	2.77545853523927e-08	72060165
502800	1	1.38772926761963e-08	72060165
502801	4	5.55091707047854e-08	72060165
504472	13	1.80404804790552e-07	72060165
504474	17	2.35913975495338e-07	72060165
504728	12	1.66527512114356e-07	72060165
504832	63	8.7426943860037e-07	72060165
505682	3	4.1631878028589e-08	72060165
505693	1	1.38772926761963e-08	72060165
507522	17	2.35913975495338e-07	72060165
508767	4	5.55091707047854e-08	72060165
508771	6	8.32637560571781e-08	72060165
509169	45	6.24478170428835e-07	72060165
509170	26	3.60809609581105e-07	72060165
509173	84	1.16569258480049e-06	72060165
509190	21	2.91423146200123e-07	72060165
510516	22	3.0530043887632e-07	72060165
511062	3	4.1631878028589e-08	72060165
511691	4	5.55091707047854e-08	72060165
512565	16	2.22036682819141e-07	72060165
512566	4	5.55091707047854e-08	72060165
515619	90	1.24895634085767e-06	72060165
515620	4	5.55091707047854e-08	72060165
515622	1	1.38772926761963e-08	72060165
515635	1	1.38772926761963e-08	72060165
516950	11	1.5265021943816e-07	72060165
517417	2	2.77545853523927e-08	72060165
518766	3	4.1631878028589e-08	72060165
521006	2	2.77545853523927e-08	72060165
521007	1	1.38772926761963e-08	72060165
521095	5	6.93864633809817e-08	72060165
521096	13	1.80404804790552e-07	72060165
521097	9	1.24895634085767e-07	72060165
521098	3	4.1631878028589e-08	72060165
521674	10	1.38772926761963e-07	72060165
522306	65	9.02024023952762e-07	72060165
522373	64	8.88146731276566e-07	72060165
523791	2	2.77545853523927e-08	72060165
523794	7	9.71410487333744e-08	72060165
523796	1	1.38772926761963e-08	72060165
525284	2	2.77545853523927e-08	72060165
525381	11	1.5265021943816e-07	72060165
525897	3	4.1631878028589e-08	72060165
525898	5	6.93864633809817e-08	72060165
525909	1	1.38772926761963e-08	72060165
525919	5	6.93864633809817e-08	72060165
526225	24	3.33055024228712e-07	72060165
526226	41	5.6896899972405e-07	72060165
526227	7	9.71410487333744e-08	72060165
529507	1	1.38772926761963e-08	72060165
530564	10	1.38772926761963e-07	72060165
531844	14	1.94282097466749e-07	72060165
535289	301	4.1770650955351e-06	72060165
536019	41	5.6896899972405e-07	72060165
536056	25	3.46932316904909e-07	72060165
536230	1	1.38772926761963e-08	72060165
536232	1	1.38772926761963e-08	72060165
537457	3	4.1631878028589e-08	72060165
543728	675	9.36717255643253e-06	72060165
543734	5	6.93864633809817e-08	72060165
543891	67	9.29778609305155e-07	72060165
543913	112	1.55425677973399e-06	72060165
544556	4	5.55091707047854e-08	72060165
546269	1	1.38772926761963e-08	72060165
546271	2	2.77545853523927e-08	72060165
546342	3	4.1631878028589e-08	72060165
546414	1	1.38772926761963e-08	72060165
548473	2	2.77545853523927e-08	72060165
548476	6	8.32637560571781e-08	72060165
548479	2	2.77545853523927e-08	72060165
550540	1	1.38772926761963e-08	72060165
550542	3	4.1631878028589e-08	72060165
551115	1	1.38772926761963e-08	72060165
551895	4	5.55091707047854e-08	72060165
553174	20	2.77545853523927e-07	72060165
553190	6	8.32637560571781e-08	72060165
553199	2086	2.89480325225456e-05	72060165
553482	1	1.38772926761963e-08	72060165
555079	1	1.38772926761963e-08	72060165
555778	7	9.71410487333744e-08	72060165
556484	22	3.0530043887632e-07	72060165
557598	19	2.63668560847731e-07	72060165
557599	3	4.1631878028589e-08	72060165
557600	7	9.71410487333744e-08	72060165
557722	51	7.07741926486013e-07	72060165
557723	1	1.38772926761963e-08	72060165
557760	8	1.11018341409571e-07	72060165
559292	551	7.64638826458418e-06	72060165
559295	25	3.46932316904909e-07	72060165
559307	18	2.49791268171534e-07	72060165
561229	1	1.38772926761963e-08	72060165
561230	5	6.93864633809817e-08	72060165
561231	6	8.32637560571781e-08	72060165
561276	4	5.55091707047854e-08	72060165
561304	2	2.77545853523927e-08	72060165
562019	2	2.77545853523927e-08	72060165
565034	1	1.38772926761963e-08	72060165
565040	14	1.94282097466749e-07	72060165
565042	12	1.66527512114356e-07	72060165
565050	18	2.49791268171534e-07	72060165
565655	1	1.38772926761963e-08	72060165
566546	2	2.77545853523927e-08	72060165
568206	5	6.93864633809817e-08	72060165
568703	2	2.77545853523927e-08	72060165
568706	6	8.32637560571781e-08	72060165
568707	18	2.49791268171534e-07	72060165
568816	2	2.77545853523927e-08	72060165
571800	13	1.80404804790552e-07	72060165
572264	6	8.32637560571781e-08	72060165
572307	1	1.38772926761963e-08	72060165
572477	9	1.24895634085767e-07	72060165
572480	2	2.77545853523927e-08	72060165
573059	1	1.38772926761963e-08	72060165
573065	6	8.32637560571781e-08	72060165
573235	1	1.38772926761963e-08	72060165
573370	3	4.1631878028589e-08	72060165
573413	1	1.38772926761963e-08	72060165
573729	24	3.33055024228712e-07	72060165
574093	6	8.32637560571781e-08	72060165
574521	3	4.1631878028589e-08	72060165
575540	8	1.11018341409571e-07	72060165
575614	10	1.38772926761963e-07	72060165
575788	4	5.55091707047854e-08	72060165
577650	4	5.55091707047854e-08	72060165
578455	34	4.71827950990676e-07	72060165
578461	2	2.77545853523927e-08	72060165
579405	1	1.38772926761963e-08	72060165
580050	1	1.38772926761963e-08	72060165
580327	5	6.93864633809817e-08	72060165
580332	10	1.38772926761963e-07	72060165
581103	2	2.77545853523927e-08	72060165
582402	1	1.38772926761963e-08	72060165
582744	11	1.5265021943816e-07	72060165
582899	20	2.77545853523927e-07	72060165
583345	19	2.63668560847731e-07	72060165
583355	1	1.38772926761963e-08	72060165
585034	1	1.38772926761963e-08	72060165
585054	19	2.63668560847731e-07	72060165
585056	6	8.32637560571781e-08	72060165
585057	12	1.66527512114356e-07	72060165
585394	36	4.99582536343068e-07	72060165
585395	5	6.93864633809817e-08	72060165
585396	3040	4.21869697356369e-05	72060165
589865	1	1.38772926761963e-08	72060165
590409	4	5.55091707047854e-08	72060165
590739	2	2.77545853523927e-08	72060165
590998	17	2.35913975495338e-07	72060165
591001	1	1.38772926761963e-08	72060165
591020	1	1.38772926761963e-08	72060165
591167	14	1.94282097466749e-07	72060165
591365	2	2.77545853523927e-08	72060165
591946	1	1.38772926761963e-08	72060165
592029	1	1.38772926761963e-08	72060165
592316	5	6.93864633809817e-08	72060165
593588	1	1.38772926761963e-08	72060165
593750	2	2.77545853523927e-08	72060165
593907	10	1.38772926761963e-07	72060165
595494	5	6.93864633809817e-08	72060165
595495	15	2.08159390142945e-07	72060165
595496	10	1.38772926761963e-07	72060165
595499	1	1.38772926761963e-08	72060165
595528	12	1.66527512114356e-07	72060165
595537	571	7.92393411810811e-06	72060165
596153	410	5.6896899972405e-06	72060165
596154	346	4.80154326596393e-06	72060165
604162	2	2.77545853523927e-08	72060165
610130	4	5.55091707047854e-08	72060165
617121	1	1.38772926761963e-08	72060165
622759	16	2.22036682819141e-07	72060165
626418	34	4.71827950990676e-07	72060165
627192	46	6.38355463105032e-07	72060165
630588	4	5.55091707047854e-08	72060165
630626	4	5.55091707047854e-08	72060165
632292	1	1.38772926761963e-08	72060165
632335	1	1.38772926761963e-08	72060165
632516	1	1.38772926761963e-08	72060165
632772	36	4.99582536343068e-07	72060165
633147	3	4.1631878028589e-08	72060165
633149	29	4.02441487609694e-07	72060165
634177	2	2.77545853523927e-08	72060165
634452	2	2.77545853523927e-08	72060165
634456	2	2.77545853523927e-08	72060165
634499	4	5.55091707047854e-08	72060165
634500	20	2.77545853523927e-07	72060165
634504	1	1.38772926761963e-08	72060165
634956	3	4.1631878028589e-08	72060165
635013	3	4.1631878028589e-08	72060165
637379	25	3.46932316904909e-07	72060165
637887	2	2.77545853523927e-08	72060165
637909	4	5.55091707047854e-08	72060165
637910	2	2.77545853523927e-08	72060165
639283	27	3.74686902257301e-07	72060165
640081	52	7.2161921916221e-07	72060165
640131	18	2.49791268171534e-07	72060165
640132	5	6.93864633809817e-08	72060165
640510	20	2.77545853523927e-07	72060165
640511	22	3.0530043887632e-07	72060165
640512	17	2.35913975495338e-07	72060165
640513	7	9.71410487333744e-08	72060165
641491	2	2.77545853523927e-08	72060165
643561	265	3.67748255919203e-06	72060165
643562	1	1.38772926761963e-08	72060165
643867	4	5.55091707047854e-08	72060165
644042	1	1.38772926761963e-08	72060165
644223	1	1.38772926761963e-08	72060165
644283	19	2.63668560847731e-07	72060165
644801	34	4.71827950990676e-07	72060165
644966	1	1.38772926761963e-08	72060165
645127	68	9.43655901981351e-07	72060165
645462	1	1.38772926761963e-08	72060165
645463	3	4.1631878028589e-08	72060165
645464	3	4.1631878028589e-08	72060165
646529	11	1.5265021943816e-07	72060165
648757	7	9.71410487333744e-08	72060165
648996	1	1.38772926761963e-08	72060165
648999	19	2.63668560847731e-07	72060165
649349	17	2.35913975495338e-07	72060165
649638	2	2.77545853523927e-08	72060165
649639	3	4.1631878028589e-08	72060165
649831	17	2.35913975495338e-07	72060165
651182	1	1.38772926761963e-08	72060165
652103	55	7.63251097190799e-07	72060165
653045	19	2.63668560847731e-07	72060165
653733	2	2.77545853523927e-08	72060165
655815	2	2.77545853523927e-08	72060165
655816	2	2.77545853523927e-08	72060165
656024	5	6.93864633809817e-08	72060165
657308	15	2.08159390142945e-07	72060165
657309	32	4.44073365638283e-07	72060165
657313	35	4.85705243666872e-07	72060165
657314	41	5.6896899972405e-07	72060165
657315	33	4.57950658314479e-07	72060165
657316	7	9.71410487333744e-08	72060165
657317	50	6.93864633809817e-07	72060165
657318	55	7.63251097190799e-07	72060165
657319	7	9.71410487333744e-08	72060165
657321	35	4.85705243666872e-07	72060165
657322	33	4.57950658314479e-07	72060165
657323	46	6.38355463105032e-07	72060165
657324	1	1.38772926761963e-08	72060165
661367	9	1.24895634085767e-07	72060165
661410	34	4.71827950990676e-07	72060165
662598	1	1.38772926761963e-08	72060165
662755	4	5.55091707047854e-08	72060165
663278	4	5.55091707047854e-08	72060165
663917	1	1.38772926761963e-08	72060165
663951	1	1.38772926761963e-08	72060165
665029	2	2.77545853523927e-08	72060165
666681	20	2.77545853523927e-07	72060165
666685	20	2.77545853523927e-07	72060165
666686	6	8.32637560571781e-08	72060165
667015	4	5.55091707047854e-08	72060165
669502	2	2.77545853523927e-08	72060165
670307	7	9.71410487333744e-08	72060165
670487	4	5.55091707047854e-08	72060165
671143	2	2.77545853523927e-08	72060165
675635	17	2.35913975495338e-07	72060165
676032	1	1.38772926761963e-08	72060165
679935	14	1.94282097466749e-07	72060165
679936	2	2.77545853523927e-08	72060165
680198	5	6.93864633809817e-08	72060165
680646	11	1.5265021943816e-07	72060165
681288	1	1.38772926761963e-08	72060165
682634	2	2.77545853523927e-08	72060165
682795	6	8.32637560571781e-08	72060165
684738	32	4.44073365638283e-07	72060165
685038	1	1.38772926761963e-08	72060165
685039	1	1.38772926761963e-08	72060165
685727	30	4.1631878028589e-07	72060165
688245	125	1.73466158452454e-06	72060165
688270	5	6.93864633809817e-08	72060165
690566	51	7.07741926486013e-07	72060165
691437	2	2.77545853523927e-08	72060165
693216	1	1.38772926761963e-08	72060165
693444	2	2.77545853523927e-08	72060165
693746	4	5.55091707047854e-08	72060165
693974	1	1.38772926761963e-08	72060165
693977	1	1.38772926761963e-08	72060165
693978	26	3.60809609581105e-07	72060165
693979	2	2.77545853523927e-08	72060165
693982	12	1.66527512114356e-07	72060165
694427	18	2.49791268171534e-07	72060165
696216	2	2.77545853523927e-08	72060165
696406	3	4.1631878028589e-08	72060165
696747	3	4.1631878028589e-08	72060165
696748	2	2.77545853523927e-08	72060165
696749	1	1.38772926761963e-08	72060165
697283	1	1.38772926761963e-08	72060165
698737	2	2.77545853523927e-08	72060165
698761	14	1.94282097466749e-07	72060165
698936	2	2.77545853523927e-08	72060165
698948	2	2.77545853523927e-08	72060165
698962	1	1.38772926761963e-08	72060165
698963	1	1.38772926761963e-08	72060165
698965	2	2.77545853523927e-08	72060165
698966	2	2.77545853523927e-08	72060165
698968	1	1.38772926761963e-08	72060165
698972	4	5.55091707047854e-08	72060165
699032	2	2.77545853523927e-08	72060165
699037	1	1.38772926761963e-08	72060165
699246	1	1.38772926761963e-08	72060165
700508	11	1.5265021943816e-07	72060165
700598	19	2.63668560847731e-07	72060165
701347	2	2.77545853523927e-08	72060165
701521	3	4.1631878028589e-08	72060165
702113	34	4.71827950990676e-07	72060165
702459	9	1.24895634085767e-07	72060165
706191	2	2.77545853523927e-08	72060165
707241	4	5.55091707047854e-08	72060165
709032	1	1.38772926761963e-08	72060165
709986	4	5.55091707047854e-08	72060165
709991	17	2.35913975495338e-07	72060165
710421	16	2.22036682819141e-07	72060165
710685	11	1.5265021943816e-07	72060165
710686	6	8.32637560571781e-08	72060165
710696	27	3.74686902257301e-07	72060165
712898	5	6.93864633809817e-08	72060165
712938	5	6.93864633809817e-08	72060165
712961	2	2.77545853523927e-08	72060165
713604	13	1.80404804790552e-07	72060165
714313	5	6.93864633809817e-08	72060165
716540	1	1.38772926761963e-08	72060165
716541	26	3.60809609581105e-07	72060165
716544	4	5.55091707047854e-08	72060165
717605	4	5.55091707047854e-08	72060165
717608	5	6.93864633809817e-08	72060165
717785	13	1.80404804790552e-07	72060165
717959	12	1.66527512114356e-07	72060165
717960	6	8.32637560571781e-08	72060165
717961	5	6.93864633809817e-08	72060165
717962	28	3.88564194933498e-07	72060165
718252	29	4.02441487609694e-07	72060165
718254	6	8.32637560571781e-08	72060165
718255	36	4.99582536343068e-07	72060165
718274	8	1.11018341409571e-07	72060165
720554	2	2.77545853523927e-08	72060165
722911	4	5.55091707047854e-08	72060165
741091	4	5.55091707047854e-08	72060165
742013	656	9.1035039955848e-06	72060165
743299	1	1.38772926761963e-08	72060165
743525	467	6.48069567978369e-06	72060165
743718	12	1.66527512114356e-07	72060165
743720	40	5.55091707047854e-07	72060165
743721	27	3.74686902257301e-07	72060165
743722	2	2.77545853523927e-08	72060165
745277	5	6.93864633809817e-08	72060165
745310	86	1.19344717015289e-06	72060165
745776	4	5.55091707047854e-08	72060165
746361	7	9.71410487333744e-08	72060165
746697	2	2.77545853523927e-08	72060165
747365	2	2.77545853523927e-08	72060165
748247	33	4.57950658314479e-07	72060165
748280	33	4.57950658314479e-07	72060165
748449	1	1.38772926761963e-08	72060165
748671	9	1.24895634085767e-07	72060165
749222	1	1.38772926761963e-08	72060165
749414	18	2.49791268171534e-07	72060165
749927	22	3.0530043887632e-07	72060165
751585	8	1.11018341409571e-07	72060165
751945	36	4.99582536343068e-07	72060165
754035	27	3.74686902257301e-07	72060165
754252	12	1.66527512114356e-07	72060165
754476	2	2.77545853523927e-08	72060165
754477	7	9.71410487333744e-08	72060165
755732	16	2.22036682819141e-07	72060165
756272	14	1.94282097466749e-07	72060165
756499	1	1.38772926761963e-08	72060165
757424	158	2.19261224283902e-06	72060165
758793	12	1.66527512114356e-07	72060165
759350	15	2.08159390142945e-07	72060165
759362	3	4.1631878028589e-08	72060165
760142	1	1.38772926761963e-08	72060165
760192	11	1.5265021943816e-07	72060165
760570	5	6.93864633809817e-08	72060165
761193	4	5.55091707047854e-08	72060165
761659	9	1.24895634085767e-07	72060165
762051	2	2.77545853523927e-08	72060165
762376	86	1.19344717015289e-06	72060165
762550	1	1.38772926761963e-08	72060165
762570	2	2.77545853523927e-08	72060165
762633	87	1.20732446282908e-06	72060165
762903	6	8.32637560571781e-08	72060165
762948	10	1.38772926761963e-07	72060165
765698	36	4.99582536343068e-07	72060165
765874	1	1.38772926761963e-08	72060165
765911	13	1.80404804790552e-07	72060165
765912	12	1.66527512114356e-07	72060165
765952	12	1.66527512114356e-07	72060165
767029	15	2.08159390142945e-07	72060165
767031	9	1.24895634085767e-07	72060165
767434	8	1.11018341409571e-07	72060165
767453	1	1.38772926761963e-08	72060165
767455	2	2.77545853523927e-08	72060165
767462	3	4.1631878028589e-08	72060165
767463	45	6.24478170428835e-07	72060165
767465	1	1.38772926761963e-08	72060165
767468	1	1.38772926761963e-08	72060165
768065	1	1.38772926761963e-08	72060165
768066	9	1.24895634085767e-07	72060165
768490	4	5.55091707047854e-08	72060165
768492	1	1.38772926761963e-08	72060165
771875	1	1.38772926761963e-08	72060165
797303	1	1.38772926761963e-08	72060165
798128	68	9.43655901981351e-07	72060165
858619	3	4.1631878028589e-08	72060165
859655	38	5.27337121695461e-07	72060165
859656	58	8.04882975219388e-07	72060165
859657	41	5.6896899972405e-07	72060165
860228	1	1.38772926761963e-08	72060165
861208	4	5.55091707047854e-08	72060165
861360	24	3.33055024228712e-07	72060165
862719	15	2.08159390142945e-07	72060165
862751	10	1.38772926761963e-07	72060165
862908	1	1.38772926761963e-08	72060165
862962	17	2.35913975495338e-07	72060165
862965	8	1.11018341409571e-07	72060165
862966	1	1.38772926761963e-08	72060165
862968	1	1.38772926761963e-08	72060165
862970	2	2.77545853523927e-08	72060165
862971	7	9.71410487333744e-08	72060165
865938	4	5.55091707047854e-08	72060165
866536	4	5.55091707047854e-08	72060165
866630	1	1.38772926761963e-08	72060165
866768	111	1.54037948705779e-06	72060165
866775	1	1.38772926761963e-08	72060165
866777	2	2.77545853523927e-08	72060165
866895	2	2.77545853523927e-08	72060165
867900	3	4.1631878028589e-08	72060165
867902	5	6.93864633809817e-08	72060165
868595	2	2.77545853523927e-08	72060165
868597	64	8.88146731276566e-07	72060165
869210	3	4.1631878028589e-08	72060165
869212	7	9.71410487333744e-08	72060165
869269	1	1.38772926761963e-08	72060165
869309	14	1.94282097466749e-07	72060165
869729	2	2.77545853523927e-08	72060165
871585	18	2.49791268171534e-07	72060165
875328	6	8.32637560571781e-08	72060165
879243	1	1.38772926761963e-08	72060165
880070	4	5.55091707047854e-08	72060165
880591	7	9.71410487333744e-08	72060165
880758	17	2.35913975495338e-07	72060165
882102	7	9.71410487333744e-08	72060165
882378	7	9.71410487333744e-08	72060165
882884	4	5.55091707047854e-08	72060165
882944	1	1.38772926761963e-08	72060165
883062	9	1.24895634085767e-07	72060165
884204	9	1.24895634085767e-07	72060165
886293	18	2.49791268171534e-07	72060165
887061	7	9.71410487333744e-08	72060165
889378	2	2.77545853523927e-08	72060165
889738	9	1.24895634085767e-07	72060165
889932	1	1.38772926761963e-08	72060165
890402	15	2.08159390142945e-07	72060165
891968	1	1.38772926761963e-08	72060165
903510	3	4.1631878028589e-08	72060165
903814	2	2.77545853523927e-08	72060165
905079	22	3.0530043887632e-07	72060165
906968	2	2.77545853523927e-08	72060165
907265	1	1.38772926761963e-08	72060165
907269	1	1.38772926761963e-08	72060165
907287	6	8.32637560571781e-08	72060165
908937	12	1.66527512114356e-07	72060165
909952	179	2.48403538903915e-06	72060165
910348	2	2.77545853523927e-08	72060165
911045	4	5.55091707047854e-08	72060165
914127	1	1.38772926761963e-08	72060165
926550	3	4.1631878028589e-08	72060165
926556	1	1.38772926761963e-08	72060165
926562	9	1.24895634085767e-07	72060165
926566	2	2.77545853523927e-08	72060165
926569	6	8.32637560571781e-08	72060165
926570	11	1.5265021943816e-07	72060165
927666	11	1.5265021943816e-07	72060165
927704	1	1.38772926761963e-08	72060165
929102	28	3.88564194933498e-07	72060165
929439	11	1.5265021943816e-07	72060165
929562	5	6.93864633809817e-08	72060165
930169	5	6.93864633809817e-08	72060165
930170	1	1.38772926761963e-08	72060165
930171	24	3.33055024228712e-07	72060165
930944	1	1.38772926761963e-08	72060165
931276	3	4.1631878028589e-08	72060165
931281	13	1.80404804790552e-07	72060165
931890	6	8.32637560571781e-08	72060165
935296	13	1.80404804790552e-07	72060165
935589	1	1.38772926761963e-08	72060165
935591	3	4.1631878028589e-08	72060165
935593	3	4.1631878028589e-08	72060165
935599	2	2.77545853523927e-08	72060165
936153	1	1.38772926761963e-08	72060165
936154	1	1.38772926761963e-08	72060165
936156	2	2.77545853523927e-08	72060165
937773	6	8.32637560571781e-08	72060165
937774	2	2.77545853523927e-08	72060165
937777	6	8.32637560571781e-08	72060165
941193	13	1.80404804790552e-07	72060165
941639	3	4.1631878028589e-08	72060165
941968	1	1.38772926761963e-08	72060165
942513	1	1.38772926761963e-08	72060165
944546	5	6.93864633809817e-08	72060165
944547	13	1.80404804790552e-07	72060165
945556	1	1.38772926761963e-08	72060165
945711	1	1.38772926761963e-08	72060165
945712	1	1.38772926761963e-08	72060165
946362	11	1.5265021943816e-07	72060165
946483	24	3.33055024228712e-07	72060165
948595	1	1.38772926761963e-08	72060165
953739	15	2.08159390142945e-07	72060165
956149	5	6.93864633809817e-08	72060165
956483	1	1.38772926761963e-08	72060165
977880	76	1.05467424339092e-06	72060165
979556	53	7.35496511838406e-07	72060165
980514	29	4.02441487609694e-07	72060165
981222	1	1.38772926761963e-08	72060165
981368	13	1.80404804790552e-07	72060165
981540	5	6.93864633809817e-08	72060165
983544	10	1.38772926761963e-07	72060165
983548	2	2.77545853523927e-08	72060165
983917	247	3.4276912910205e-06	72060165
984262	8	1.11018341409571e-07	72060165
984892	2	2.77545853523927e-08	72060165
985002	1	1.38772926761963e-08	72060165
990288	1	1.38772926761963e-08	72060165
990315	28	3.88564194933498e-07	72060165
990316	6	8.32637560571781e-08	72060165
990317	1	1.38772926761963e-08	72060165
991791	1	1.38772926761963e-08	72060165
991905	26	3.60809609581105e-07	72060165
992406	3	4.1631878028589e-08	72060165
994484	96	1.33222009691485e-06	72060165
996285	24	3.33055024228712e-07	72060165
998088	19	2.63668560847731e-07	72060165
999378	3	4.1631878028589e-08	72060165
999541	38	5.27337121695461e-07	72060165
999552	6	8.32637560571781e-08	72060165
999953	11	1.5265021943816e-07	72060165
1001583	6	8.32637560571781e-08	72060165
1001585	37	5.13459829019265e-07	72060165
1002809	3	4.1631878028589e-08	72060165
1003195	29	4.02441487609694e-07	72060165
1005041	1	1.38772926761963e-08	72060165
1005042	1	1.38772926761963e-08	72060165
1005048	288	3.99666029074455e-06	72060165
1005090	1	1.38772926761963e-08	72060165
1006543	2	2.77545853523927e-08	72060165
1006551	8	1.11018341409571e-07	72060165
1007105	11	1.5265021943816e-07	72060165
1009464	1	1.38772926761963e-08	72060165
1009846	59	8.18760267895584e-07	72060165
1016998	2	2.77545853523927e-08	72060165
1017264	9	1.24895634085767e-07	72060165
1028307	2	2.77545853523927e-08	72060165
1029756	24	3.33055024228712e-07	72060165
1030843	1	1.38772926761963e-08	72060165
1031709	108	1.49874760902921e-06	72060165
1031710	21	2.91423146200123e-07	72060165
1031711	43	5.96723585076443e-07	72060165
1032480	15	2.08159390142945e-07	72060165
1033806	1	1.38772926761963e-08	72060165
1033813	3	4.1631878028589e-08	72060165
1034807	36	4.99582536343068e-07	72060165
1035817	7	9.71410487333744e-08	72060165
1036172	5	6.93864633809817e-08	72060165
1036672	2	2.77545853523927e-08	72060165
1036673	1	1.38772926761963e-08	72060165
1036743	9	1.24895634085767e-07	72060165
1037409	98	1.35997468226724e-06	72060165
1037911	500	6.93864633809817e-06	72060165
1041826	13	1.80404804790552e-07	72060165
1042156	6	8.32637560571781e-08	72060165
1042876	50	6.93864633809817e-07	72060165
1042878	67	9.29778609305155e-07	72060165
1045854	6	8.32637560571781e-08	72060165
1045855	32	4.44073365638283e-07	72060165
1045856	4	5.55091707047854e-08	72060165
1045858	1	1.38772926761963e-08	72060165
1046624	1	1.38772926761963e-08	72060165
1046629	21	2.91423146200123e-07	72060165
1048245	3	4.1631878028589e-08	72060165
1048332	15	2.08159390142945e-07	72060165
1048834	5	6.93864633809817e-08	72060165
1049565	1	1.38772926761963e-08	72060165
1051074	2	2.77545853523927e-08	72060165
1052588	1	1.38772926761963e-08	72060165
1054217	1	1.38772926761963e-08	72060165
1054460	15	2.08159390142945e-07	72060165
1064539	18	2.49791268171534e-07	72060165
1064551	1	1.38772926761963e-08	72060165
1064592	8	1.11018341409571e-07	72060165
1069533	14	1.94282097466749e-07	72060165
1069642	1	1.38772926761963e-08	72060165
1071378	1	1.38772926761963e-08	72060165
1071381	12	1.66527512114356e-07	72060165
1071382	11	1.5265021943816e-07	72060165
1075089	1	1.38772926761963e-08	72060165
1075399	1	1.38772926761963e-08	72060165
1076934	17	2.35913975495338e-07	72060165
1082931	10	1.38772926761963e-07	72060165
1085623	1	1.38772926761963e-08	72060165
1087448	2	2.77545853523927e-08	72060165
1087452	1	1.38772926761963e-08	72060165
1088720	2	2.77545853523927e-08	72060165
1089456	56	7.77128389866995e-07	72060165
1089553	1	1.38772926761963e-08	72060165
1091041	2	2.77545853523927e-08	72060165
1091045	809	1.12267297750428e-05	72060165
1091494	1	1.38772926761963e-08	72060165
1093141	28	3.88564194933498e-07	72060165
1093787	16	2.22036682819141e-07	72060165
1094466	28	3.88564194933498e-07	72060165
1094497	2	2.77545853523927e-08	72060165
1095774	1	1.38772926761963e-08	72060165
1096996	6	8.32637560571781e-08	72060165
1097668	30	4.1631878028589e-07	72060165
1097677	25	3.46932316904909e-07	72060165
1100841	2	2.77545853523927e-08	72060165
1104320	6	8.32637560571781e-08	72060165
1104322	15	2.08159390142945e-07	72060165
1104326	1	1.38772926761963e-08	72060165
1105104	2	2.77545853523927e-08	72060165
1105107	2	2.77545853523927e-08	72060165
1107880	4	5.55091707047854e-08	72060165
1110502	28	3.88564194933498e-07	72060165
1110509	3	4.1631878028589e-08	72060165
1111068	4	5.55091707047854e-08	72060165
1111069	78	1.08242882874331e-06	72060165
1111678	5	6.93864633809817e-08	72060165
1112204	4	5.55091707047854e-08	72060165
1114965	2	2.77545853523927e-08	72060165
1114966	27	3.74686902257301e-07	72060165
1114967	180	2.49791268171534e-06	72060165
1114969	1963	2.72411255233734e-05	72060165
1114970	109	1.5126249017054e-06	72060165
1116211	6	8.32637560571781e-08	72060165
1116231	9	1.24895634085767e-07	72060165
1116375	7	9.71410487333744e-08	72060165
1116391	1	1.38772926761963e-08	72060165
1117647	5	6.93864633809817e-08	72060165
1117943	12	1.66527512114356e-07	72060165
1118959	2	2.77545853523927e-08	72060165
1118963	109	1.5126249017054e-06	72060165
1120755	2	2.77545853523927e-08	72060165
1121353	6	8.32637560571781e-08	72060165
1121362	4	5.55091707047854e-08	72060165
1121448	2	2.77545853523927e-08	72060165
1123519	22	3.0530043887632e-07	72060165
1123523	3	4.1631878028589e-08	72060165
1123863	1	1.38772926761963e-08	72060165
1124983	100	1.38772926761963e-06	72060165
1125630	4	5.55091707047854e-08	72060165
1127134	18	2.49791268171534e-07	72060165
1127744	1	1.38772926761963e-08	72060165
1129794	1	1.38772926761963e-08	72060165
1133568	1	1.38772926761963e-08	72060165
1133849	15	2.08159390142945e-07	72060165
1133850	12	1.66527512114356e-07	72060165
1134454	1041	1.44462616759204e-05	72060165
1136179	4176	5.79515742157959e-05	72060165
1137651	4	5.55091707047854e-08	72060165
1138308	2	2.77545853523927e-08	72060165
1138382	1	1.38772926761963e-08	72060165
1138383	4	5.55091707047854e-08	72060165
1138871	2	2.77545853523927e-08	72060165
1142394	8	1.11018341409571e-07	72060165
1144275	13	1.80404804790552e-07	72060165
1146883	20	2.77545853523927e-07	72060165
1150469	10	1.38772926761963e-07	72060165
1151116	3	4.1631878028589e-08	72060165
1155071	2	2.77545853523927e-08	72060165
1156431	5	6.93864633809817e-08	72060165
1156433	7	9.71410487333744e-08	72060165
1156913	12	1.66527512114356e-07	72060165
1163399	90	1.24895634085767e-06	72060165
1163617	9	1.24895634085767e-07	72060165
1163748	5	6.93864633809817e-08	72060165
1166016	4	5.55091707047854e-08	72060165
1166018	4	5.55091707047854e-08	72060165
1166130	2	2.77545853523927e-08	72060165
1167006	1	1.38772926761963e-08	72060165
1167634	105	1.45711573100062e-06	72060165
1170318	92	1.27671092621006e-06	72060165
1171373	5	6.93864633809817e-08	72060165
1173020	29	4.02441487609694e-07	72060165
1173025	2	2.77545853523927e-08	72060165
1173026	1	1.38772926761963e-08	72060165
1173027	2	2.77545853523927e-08	72060165
1173263	4	5.55091707047854e-08	72060165
1179773	6	8.32637560571781e-08	72060165
1183438	3	4.1631878028589e-08	72060165
1184267	5	6.93864633809817e-08	72060165
1185652	10	1.38772926761963e-07	72060165
1187956	2	2.77545853523927e-08	72060165
1191061	12	1.66527512114356e-07	72060165
1191523	2	2.77545853523927e-08	72060165
1192196	3	4.1631878028589e-08	72060165
1193292	16	2.22036682819141e-07	72060165
1194526	44	6.10600877752639e-07	72060165
1196325	33	4.57950658314479e-07	72060165
1196835	51	7.07741926486013e-07	72060165
1198114	4	5.55091707047854e-08	72060165
1198627	11	1.5265021943816e-07	72060165
1198676	2	2.77545853523927e-08	72060165
1199187	15	2.08159390142945e-07	72060165
1202772	14	1.94282097466749e-07	72060165
1203460	1	1.38772926761963e-08	72060165
1204414	28	3.88564194933498e-07	72060165
1205674	2	2.77545853523927e-08	72060165
1205677	2	2.77545853523927e-08	72060165
1205910	13	1.80404804790552e-07	72060165
1206105	1	1.38772926761963e-08	72060165
1207075	91	1.26283363353387e-06	72060165
1208658	12	1.66527512114356e-07	72060165
1208660	14	1.94282097466749e-07	72060165
1208918	1	1.38772926761963e-08	72060165
1208920	2	2.77545853523927e-08	72060165
1208923	2	2.77545853523927e-08	72060165
1209989	2	2.77545853523927e-08	72060165
1211025	2	2.77545853523927e-08	72060165
1211579	20	2.77545853523927e-07	72060165
1211705	11	1.5265021943816e-07	72060165
1214101	15	2.08159390142945e-07	72060165
1214242	3	4.1631878028589e-08	72060165
1215088	60	8.32637560571781e-07	72060165
1216976	71	9.8528778000994e-07	72060165
1217984	3	4.1631878028589e-08	72060165
1218933	6	8.32637560571781e-08	72060165
1219076	29	4.02441487609694e-07	72060165
1224163	4	5.55091707047854e-08	72060165
1228997	5	6.93864633809817e-08	72060165
1229205	18	2.49791268171534e-07	72060165
1229756	6	8.32637560571781e-08	72060165
1229758	3	4.1631878028589e-08	72060165
1229908	2	2.77545853523927e-08	72060165
1229909	3	4.1631878028589e-08	72060165
1230587	2	2.77545853523927e-08	72060165
1231072	1	1.38772926761963e-08	72060165
1231626	1	1.38772926761963e-08	72060165
1232381	2	2.77545853523927e-08	72060165
1232724	1	1.38772926761963e-08	72060165
1233873	1	1.38772926761963e-08	72060165
1234367	1	1.38772926761963e-08	72060165
1234380	11	1.5265021943816e-07	72060165
1234679	24	3.33055024228712e-07	72060165
1235990	3	4.1631878028589e-08	72060165
1236689	1	1.38772926761963e-08	72060165
1236903	3	4.1631878028589e-08	72060165
1244085	2	2.77545853523927e-08	72060165
1245469	56	7.77128389866995e-07	72060165
1245471	114	1.58201136508638e-06	72060165
1246301	488	6.77211882598382e-06	72060165
1246995	5	6.93864633809817e-08	72060165
1249480	1	1.38772926761963e-08	72060165
1249634	5	6.93864633809817e-08	72060165
1249661	19	2.63668560847731e-07	72060165
1254432	18	2.49791268171534e-07	72060165
1254439	9	1.24895634085767e-07	72060165
1255043	7	9.71410487333744e-08	72060165
1257118	5	6.93864633809817e-08	72060165
1260251	5	6.93864633809817e-08	72060165
1262456	42	5.82846292400246e-07	72060165
1265601	10	1.38772926761963e-07	72060165
1266738	1	1.38772926761963e-08	72060165
1267577	2	2.77545853523927e-08	72060165
1267753	3	4.1631878028589e-08	72060165
1267754	5	6.93864633809817e-08	72060165
1271862	2	2.77545853523927e-08	72060165
1276221	2	2.77545853523927e-08	72060165
1276227	1	1.38772926761963e-08	72060165
1276229	2	2.77545853523927e-08	72060165
1276282	23	3.19177731552516e-07	72060165
1278073	5	6.93864633809817e-08	72060165
1279007	2	2.77545853523927e-08	72060165
1279008	8	1.11018341409571e-07	72060165
1280938	3	4.1631878028589e-08	72060165
1282356	229	3.17790002284896e-06	72060165
1283330	1	1.38772926761963e-08	72060165
1283331	11	1.5265021943816e-07	72060165
1284663	2	2.77545853523927e-08	72060165
1286170	2	2.77545853523927e-08	72060165
1288394	20	2.77545853523927e-07	72060165
1294143	46	6.38355463105032e-07	72060165
1295826	1	1.38772926761963e-08	72060165
1302863	3	4.1631878028589e-08	72060165
1303024	2	2.77545853523927e-08	72060165
1303518	1	1.38772926761963e-08	72060165
1303692	11	1.5265021943816e-07	72060165
1304892	6	8.32637560571781e-08	72060165
1305849	1	1.38772926761963e-08	72060165
1310161	9	1.24895634085767e-07	72060165
1313172	27	3.74686902257301e-07	72060165
1318615	6	8.32637560571781e-08	72060165
1318635	2	2.77545853523927e-08	72060165
1321369	1	1.38772926761963e-08	72060165
1328306	20	2.77545853523927e-07	72060165
1331671	37	5.13459829019265e-07	72060165
1332188	50	6.93864633809817e-07	72060165
1335307	3	4.1631878028589e-08	72060165
1335757	4	5.55091707047854e-08	72060165
1338032	21	2.91423146200123e-07	72060165
1338034	5	6.93864633809817e-08	72060165
1340851	13	1.80404804790552e-07	72060165
1343740	9	1.24895634085767e-07	72060165
1345695	1	1.38772926761963e-08	72060165
1345697	1	1.38772926761963e-08	72060165
1346614	24	3.33055024228712e-07	72060165
1348660	3	4.1631878028589e-08	72060165
1348662	4	5.55091707047854e-08	72060165
1367847	5	6.93864633809817e-08	72060165
1380774	22	3.0530043887632e-07	72060165
1380908	13	1.80404804790552e-07	72060165
1384484	3	4.1631878028589e-08	72060165
1389489	13	1.80404804790552e-07	72060165
1394709	3	4.1631878028589e-08	72060165
1394711	4	5.55091707047854e-08	72060165
1399116	6	8.32637560571781e-08	72060165
1400867	1	1.38772926761963e-08	72060165
1401659	2	2.77545853523927e-08	72060165
1408272	1	1.38772926761963e-08	72060165
1415629	2	2.77545853523927e-08	72060165
1415630	513	7.11905114288872e-06	72060165
1416914	24	3.33055024228712e-07	72060165
1423144	1	1.38772926761963e-08	72060165
1423892	1	1.38772926761963e-08	72060165
1427342	21	2.91423146200123e-07	72060165
1430440	9	1.24895634085767e-07	72060165
1435044	13	1.80404804790552e-07	72060165
1435058	1	1.38772926761963e-08	72060165
1435356	21	2.91423146200123e-07	72060165
1436140	28	3.88564194933498e-07	72060165
