Tax.ID	Frequency	Proportion	Total
394	23	2.5297768483842e-07	90917110
882	2	2.1998059551167e-08	90917110
883	4	4.3996119102334e-08	90917110
1140	2	2.1998059551167e-08	90917110
1511	2	2.1998059551167e-08	90917110
1639	1	1.09990297755835e-08	90917110
2762	10	1.09990297755835e-07	90917110
2769	8	8.7992238204668e-08	90917110
2787	8	8.7992238204668e-08	90917110
2829	3	3.29970893267505e-08	90917110
2839	29	3.18971863491921e-07	90917110
2850	47	5.16954399452424e-07	90917110
2880	1	1.09990297755835e-08	90917110
2898	7	7.69932084290845e-08	90917110
2986	1	1.09990297755835e-08	90917110
4770	22	2.41978655062837e-07	90917110
4950	13	1.42987387082585e-07	90917110
4959	1	1.09990297755835e-08	90917110
5061	1	1.09990297755835e-08	90917110
5145	4	4.3996119102334e-08	90917110
5270	1	1.09990297755835e-08	90917110
5518	16	1.75984476409336e-07	90917110
5661	2	2.1998059551167e-08	90917110
5749	1	1.09990297755835e-08	90917110
5762	2	2.1998059551167e-08	90917110
5778	2	2.1998059551167e-08	90917110
5786	8	8.7992238204668e-08	90917110
5823	15	1.64985446633752e-07	90917110
5851	2	2.1998059551167e-08	90917110
5872	7	7.69932084290845e-08	90917110
5885	4	4.3996119102334e-08	90917110
5889	1	1.09990297755835e-08	90917110
5901	2	2.1998059551167e-08	90917110
5905	2	2.1998059551167e-08	90917110
5907	1	1.09990297755835e-08	90917110
5908	2	2.1998059551167e-08	90917110
5911	5	5.49951488779175e-08	90917110
5932	10	1.09990297755835e-07	90917110
10633	1	1.09990297755835e-08	90917110
10710	1	1.09990297755835e-08	90917110
10742	2	2.1998059551167e-08	90917110
10761	2	2.1998059551167e-08	90917110
10870	3	3.29970893267505e-08	90917110
10871	5	5.49951488779175e-08	90917110
13035	1	1.09990297755835e-08	90917110
28173	2	2.1998059551167e-08	90917110
28985	2	2.1998059551167e-08	90917110
31535	10	1.09990297755835e-07	90917110
31964	46	5.05955369676841e-07	90917110
32049	2	2.1998059551167e-08	90917110
32051	3	3.29970893267505e-08	90917110
33658	2	2.1998059551167e-08	90917110
35128	67	7.36934994964094e-07	90917110
35171	1	1.09990297755835e-08	90917110
36329	3	3.29970893267505e-08	90917110
36809	9	9.89912679802515e-08	90917110
37554	2	2.1998059551167e-08	90917110
37692	2	2.1998059551167e-08	90917110
39717	3	3.29970893267505e-08	90917110
40041	1	1.09990297755835e-08	90917110
40631	1	1.09990297755835e-08	90917110
42746	2	2.1998059551167e-08	90917110
43925	3	3.29970893267505e-08	90917110
43926	2	2.1998059551167e-08	90917110
44056	2	2.1998059551167e-08	90917110
44058	3	3.29970893267505e-08	90917110
45157	1	1.09990297755835e-08	90917110
46015	1	1.09990297755835e-08	90917110
47573	3	3.29970893267505e-08	90917110
48942	1	1.09990297755835e-08	90917110
52970	9	9.89912679802515e-08	90917110
55529	23	2.5297768483842e-07	90917110
56107	2	2.1998059551167e-08	90917110
56110	1	1.09990297755835e-08	90917110
56780	1	1.09990297755835e-08	90917110
59374	2	2.1998059551167e-08	90917110
59748	3	3.29970893267505e-08	90917110
59922	4	4.3996119102334e-08	90917110
60480	21	2.30979625287253e-07	90917110
60481	99	1.08890394778277e-06	90917110
62928	84	9.23918501149014e-07	90917110
62977	250	2.74975744389587e-06	90917110
63118	1	1.09990297755835e-08	90917110
63186	1	1.09990297755835e-08	90917110
63737	8	8.7992238204668e-08	90917110
64091	1	1.09990297755835e-08	90917110
64471	9	9.89912679802515e-08	90917110
65071	15	1.64985446633752e-07	90917110
65093	2	2.1998059551167e-08	90917110
65393	3	3.29970893267505e-08	90917110
66084	2	2.1998059551167e-08	90917110
67593	8	8.7992238204668e-08	90917110
69328	628	6.90739069906644e-06	90917110
71421	6	6.5994178653501e-08	90917110
72520	3	3.29970893267505e-08	90917110
74557	10	1.09990297755835e-07	90917110
75379	91	1.0009117095781e-06	90917110
76114	29	3.18971863491921e-07	90917110
76869	572	6.29144503163376e-06	90917110
78245	86	9.45916560700181e-07	90917110
83129	1	1.09990297755835e-08	90917110
83406	6	6.5994178653501e-08	90917110
84588	1	1.09990297755835e-08	90917110
85569	8	8.7992238204668e-08	90917110
85643	188	2.0678175978097e-06	90917110
88149	11	1.20989327531418e-07	90917110
91891	1	1.09990297755835e-08	90917110
93059	2	2.1998059551167e-08	90917110
93062	2	2.1998059551167e-08	90917110
93465	1	1.09990297755835e-08	90917110
94122	65	7.14936935412927e-07	90917110
96561	2	2.1998059551167e-08	90917110
96563	328	3.60768176639139e-06	90917110
99287	5	5.49951488779175e-08	90917110
99598	1	1.09990297755835e-08	90917110
100226	9	9.89912679802515e-08	90917110
100901	2	2.1998059551167e-08	90917110
101510	146	1.60585834723519e-06	90917110
103690	4	4.3996119102334e-08	90917110
105559	3	3.29970893267505e-08	90917110
106370	6	6.5994178653501e-08	90917110
109269	6	6.5994178653501e-08	90917110
110662	1	1.09990297755835e-08	90917110
111781	2	2.1998059551167e-08	90917110
114615	62	6.81939846086177e-07	90917110
118163	1	1.09990297755835e-08	90917110
120807	1	1.09990297755835e-08	90917110
122587	11	1.20989327531418e-07	90917110
126793	6	6.5994178653501e-08	90917110
130081	2	2.1998059551167e-08	90917110
134676	11	1.20989327531418e-07	90917110
136089	1	1.09990297755835e-08	90917110
137722	28	3.07972833716338e-07	90917110
150340	164	1.80384088319569e-06	90917110
151599	1	1.09990297755835e-08	90917110
153948	11	1.20989327531418e-07	90917110
155864	157	1.72684767476661e-06	90917110
156889	2	2.1998059551167e-08	90917110
158189	1	1.09990297755835e-08	90917110
158878	9	9.89912679802515e-08	90917110
158879	5	5.49951488779175e-08	90917110
159087	70	7.69932084290845e-07	90917110
160488	495	5.44451973891383e-06	90917110
160490	8	8.7992238204668e-08	90917110
160491	5	5.49951488779175e-08	90917110
160492	40	4.3996119102334e-07	90917110
160619	42	4.61959250574507e-07	90917110
164037	1	1.09990297755835e-08	90917110
164328	8	8.7992238204668e-08	90917110
164756	37	4.06964101696589e-07	90917110
164757	2	2.1998059551167e-08	90917110
167542	2	2.1998059551167e-08	90917110
167555	2	2.1998059551167e-08	90917110
167879	2	2.1998059551167e-08	90917110
169963	1	1.09990297755835e-08	90917110
170187	9	9.89912679802515e-08	90917110
171101	40	4.3996119102334e-07	90917110
173443	1	1.09990297755835e-08	90917110
176279	1147	1.26158871525943e-05	90917110
176280	1231	1.35398056537433e-05	90917110
176299	26	2.85974774165171e-07	90917110
177437	1	1.09990297755835e-08	90917110
177439	1	1.09990297755835e-08	90917110
179408	41	4.50960220798923e-07	90917110
186103	3	3.29970893267505e-08	90917110
187272	14	1.53986416858169e-07	90917110
187303	6	6.5994178653501e-08	90917110
187410	1	1.09990297755835e-08	90917110
188937	4	4.3996119102334e-08	90917110
189423	9	9.89912679802515e-08	90917110
189918	16	1.75984476409336e-07	90917110
190304	4	4.3996119102334e-08	90917110
190485	119	1.30888454329444e-06	90917110
190486	51	5.60950518554758e-07	90917110
190650	26	2.85974774165171e-07	90917110
192952	8	8.7992238204668e-08	90917110
194439	2	2.1998059551167e-08	90917110
195102	4	4.3996119102334e-08	90917110
195103	42	4.61959250574507e-07	90917110
195253	1	1.09990297755835e-08	90917110
196162	45	4.94956339901257e-07	90917110
196164	25	2.74975744389587e-07	90917110
196600	17	1.86983506184919e-07	90917110
196620	3	3.29970893267505e-08	90917110
196627	2	2.1998059551167e-08	90917110
197221	2	2.1998059551167e-08	90917110
198214	7	7.69932084290845e-08	90917110
198215	26	2.85974774165171e-07	90917110
198466	1	1.09990297755835e-08	90917110
198628	9	9.89912679802515e-08	90917110
198804	2	2.1998059551167e-08	90917110
199310	2	2.1998059551167e-08	90917110
203119	6	6.5994178653501e-08	90917110
203120	9	9.89912679802515e-08	90917110
203123	9	9.89912679802515e-08	90917110
203124	5	5.49951488779175e-08	90917110
203275	4	4.3996119102334e-08	90917110
203907	1	1.09990297755835e-08	90917110
204669	2	2.1998059551167e-08	90917110
204773	209	2.29879722309695e-06	90917110
205913	32	3.51968952818672e-07	90917110
205914	17	1.86983506184919e-07	90917110
205918	64	7.03937905637344e-07	90917110
205922	235	2.58477199726212e-06	90917110
206672	1	1.09990297755835e-08	90917110
207559	22	2.41978655062837e-07	90917110
208435	130	1.42987387082585e-06	90917110
208596	4	4.3996119102334e-08	90917110
208963	6227	6.84909584125584e-05	90917110
208964	6998	7.69712103695333e-05	90917110
209261	3	3.29970893267505e-08	90917110
210007	5	5.49951488779175e-08	90917110
211110	86	9.45916560700181e-07	90917110
211586	12	1.31988357307002e-07	90917110
214092	1	1.09990297755835e-08	90917110
214684	14	1.53986416858169e-07	90917110
215689	4	4.3996119102334e-08	90917110
216389	4	4.3996119102334e-08	90917110
216432	1	1.09990297755835e-08	90917110
216591	76	8.35926262944346e-07	90917110
216592	4	4.3996119102334e-08	90917110
216594	9	9.89912679802515e-08	90917110
216595	618	6.7974004013106e-06	90917110
216596	29	3.18971863491921e-07	90917110
216599	24	2.63976714614004e-07	90917110
216895	13	1.42987387082585e-07	90917110
218493	1	1.09990297755835e-08	90917110
218496	1	1.09990297755835e-08	90917110
220341	10842	0.000119251480826876	90917110
220664	113	1.24289036464093e-06	90917110
221109	1	1.09990297755835e-08	90917110
223283	48	5.27953429228008e-07	90917110
223926	128	1.40787581127469e-06	90917110
224308	4	4.3996119102334e-08	90917110
224911	85	9.34917530924597e-07	90917110
224914	3	3.29970893267505e-08	90917110
225849	2	2.1998059551167e-08	90917110
225937	3	3.29970893267505e-08	90917110
226185	9	9.89912679802515e-08	90917110
226186	49	5.38952459003591e-07	90917110
226900	2	2.1998059551167e-08	90917110
227086	4	4.3996119102334e-08	90917110
227321	6	6.5994178653501e-08	90917110
227882	15	1.64985446633752e-07	90917110
228405	8	8.7992238204668e-08	90917110
228410	12	1.31988357307002e-07	90917110
229533	6	6.5994178653501e-08	90917110
231023	301	3.31070796245063e-06	90917110
232721	4438	4.88136941440396e-05	90917110
233412	4	4.3996119102334e-08	90917110
234267	19	2.08981565736086e-07	90917110
234621	4188	4.60639367001437e-05	90917110
234831	1	1.09990297755835e-08	90917110
235909	6	6.5994178653501e-08	90917110
240015	2	2.1998059551167e-08	90917110
240292	1	1.09990297755835e-08	90917110
242231	1	1.09990297755835e-08	90917110
242507	3	3.29970893267505e-08	90917110
242619	2	2.1998059551167e-08	90917110
243090	4	4.3996119102334e-08	90917110
243159	5	5.49951488779175e-08	90917110
243160	2	2.1998059551167e-08	90917110
243230	7	7.69932084290845e-08	90917110
243233	8	8.7992238204668e-08	90917110
243243	13	1.42987387082585e-07	90917110
243277	3	3.29970893267505e-08	90917110
243365	33	3.62967982594255e-07	90917110
245014	20	2.1998059551167e-07	90917110
245018	56	6.15945667432676e-07	90917110
246195	6	6.5994178653501e-08	90917110
246196	19	2.08981565736086e-07	90917110
246197	32	3.51968952818672e-07	90917110
246198	6	6.5994178653501e-08	90917110
246200	9	9.89912679802515e-08	90917110
247156	26	2.85974774165171e-07	90917110
251221	2	2.1998059551167e-08	90917110
251229	3	3.29970893267505e-08	90917110
257310	73	8.02929173617595e-07	90917110
257311	27	2.96973803940754e-07	90917110
257313	52	5.71949548330342e-07	90917110
258594	24	2.63976714614004e-07	90917110
259536	21	2.30979625287253e-07	90917110
261292	56	6.15945667432676e-07	90917110
262316	5	5.49951488779175e-08	90917110
262543	3	3.29970893267505e-08	90917110
262724	25	2.74975744389587e-07	90917110
262727	2	2.1998059551167e-08	90917110
262728	3	3.29970893267505e-08	90917110
262768	1	1.09990297755835e-08	90917110
263358	13	1.42987387082585e-07	90917110
264198	180	1.97982535960503e-06	90917110
264199	2	2.1998059551167e-08	90917110
264201	1	1.09990297755835e-08	90917110
264203	7	7.69932084290845e-08	90917110
264462	8	8.7992238204668e-08	90917110
264730	38	4.17963131472173e-07	90917110
264731	3	3.29970893267505e-08	90917110
265072	29	3.18971863491921e-07	90917110
265311	1	1.09990297755835e-08	90917110
266117	9	9.89912679802515e-08	90917110
266264	362	3.98164877876123e-06	90917110
266265	103	1.1329000668851e-06	90917110
266779	43	4.7295828035009e-07	90917110
266834	15	1.64985446633752e-07	90917110
266835	38	4.17963131472173e-07	90917110
266940	21	2.30979625287253e-07	90917110
267608	94	1.03390879890485e-06	90917110
267747	178	1.95782730005386e-06	90917110
269084	3	3.29970893267505e-08	90917110
269482	96	1.05590685845602e-06	90917110
269796	7	7.69932084290845e-08	90917110
269797	1	1.09990297755835e-08	90917110
269798	44	4.83957310125674e-07	90917110
269799	3	3.29970893267505e-08	90917110
269800	2	2.1998059551167e-08	90917110
271848	22	2.41978655062837e-07	90917110
272123	2	2.1998059551167e-08	90917110
272558	1	1.09990297755835e-08	90917110
272559	12	1.31988357307002e-07	90917110
272560	1	1.09990297755835e-08	90917110
272563	6	6.5994178653501e-08	90917110
272568	25	2.74975744389587e-07	90917110
272620	141	1.55086319835727e-06	90917110
272621	1	1.09990297755835e-08	90917110
272622	30	3.29970893267505e-07	90917110
272623	42	4.61959250574507e-07	90917110
272624	2	2.1998059551167e-08	90917110
272630	79	8.68923352271096e-07	90917110
272631	2	2.1998059551167e-08	90917110
272831	13	1.42987387082585e-07	90917110
272942	13	1.42987387082585e-07	90917110
272943	11	1.20989327531418e-07	90917110
272947	1	1.09990297755835e-08	90917110
273036	2	2.1998059551167e-08	90917110
273133	20	2.1998059551167e-07	90917110
278137	18	1.97982535960503e-07	90917110
278197	15	1.64985446633752e-07	90917110
279010	8	8.7992238204668e-08	90917110
279238	44	4.83957310125674e-07	90917110
279808	95	1.04490782868043e-06	90917110
280463	27	2.96973803940754e-07	90917110
280699	15	1.64985446633752e-07	90917110
280701	6	6.5994178653501e-08	90917110
281090	15	1.64985446633752e-07	90917110
281310	5	5.49951488779175e-08	90917110
282458	1	1.09990297755835e-08	90917110
282459	1	1.09990297755835e-08	90917110
284590	3	3.29970893267505e-08	90917110
284591	19	2.08981565736086e-07	90917110
284592	19	2.08981565736086e-07	90917110
284593	13	1.42987387082585e-07	90917110
284811	12	1.31988357307002e-07	90917110
284812	18	1.97982535960503e-07	90917110
288000	68	7.47934024739678e-07	90917110
288705	19	2.08981565736086e-07	90917110
289376	2	2.1998059551167e-08	90917110
289380	12	1.31988357307002e-07	90917110
290315	2	2.1998059551167e-08	90917110
290317	1	1.09990297755835e-08	90917110
290338	76	8.35926262944346e-07	90917110
290339	56	6.15945667432676e-07	90917110
290340	167	1.83683797252244e-06	90917110
290397	14	1.53986416858169e-07	90917110
290398	9	9.89912679802515e-08	90917110
290399	49	5.38952459003591e-07	90917110
290400	7	7.69932084290845e-08	90917110
290402	11	1.20989327531418e-07	90917110
290633	3	3.29970893267505e-08	90917110
291331	32	3.51968952818672e-07	90917110
292414	6	6.5994178653501e-08	90917110
292415	25	2.74975744389587e-07	90917110
292459	2	2.1998059551167e-08	90917110
292563	1	1.09990297755835e-08	90917110
292564	18	1.97982535960503e-07	90917110
293613	1	1.09990297755835e-08	90917110
293614	1	1.09990297755835e-08	90917110
293826	8	8.7992238204668e-08	90917110
294381	4	4.3996119102334e-08	90917110
295405	31	3.40969923043088e-07	90917110
296543	76	8.35926262944346e-07	90917110
296591	171	1.88083409162478e-06	90917110
297245	2	2.1998059551167e-08	90917110
297246	1	1.09990297755835e-08	90917110
298386	5	5.49951488779175e-08	90917110
298653	11	1.20989327531418e-07	90917110
298654	23	2.5297768483842e-07	90917110
299768	1	1.09990297755835e-08	90917110
300267	8	8.7992238204668e-08	90917110
300268	3	3.29970893267505e-08	90917110
300269	3	3.29970893267505e-08	90917110
300852	21	2.30979625287253e-07	90917110
304863	1	1.09990297755835e-08	90917110
306537	24	2.63976714614004e-07	90917110
309801	1	1.09990297755835e-08	90917110
309807	1	1.09990297755835e-08	90917110
311402	6	6.5994178653501e-08	90917110
311403	16	1.75984476409336e-07	90917110
311424	4	4.3996119102334e-08	90917110
312153	43	4.7295828035009e-07	90917110
312309	2	2.1998059551167e-08	90917110
313596	2	2.1998059551167e-08	90917110
313598	10	1.09990297755835e-07	90917110
313603	2	2.1998059551167e-08	90917110
314225	24	2.63976714614004e-07	90917110
314260	4	4.3996119102334e-08	90917110
314275	2	2.1998059551167e-08	90917110
314282	1	1.09990297755835e-08	90917110
314315	7	7.69932084290845e-08	90917110
314565	116	1.27588745396769e-06	90917110
315730	1	1.09990297755835e-08	90917110
315749	4	4.3996119102334e-08	90917110
315750	4	4.3996119102334e-08	90917110
316055	68	7.47934024739678e-07	90917110
316056	52	5.71949548330342e-07	90917110
316057	34	3.73967012369839e-07	90917110
316058	39	4.28962161247756e-07	90917110
316067	3	3.29970893267505e-08	90917110
316273	69	7.58933054515261e-07	90917110
316274	6	6.5994178653501e-08	90917110
316275	3	3.29970893267505e-08	90917110
316278	4	4.3996119102334e-08	90917110
316385	1001	1.10100288053591e-05	90917110
316401	2	2.1998059551167e-08	90917110
316407	46	5.05955369676841e-07	90917110
317025	3	3.29970893267505e-08	90917110
317655	72	7.91930143842012e-07	90917110
318161	2	2.1998059551167e-08	90917110
318167	26	2.85974774165171e-07	90917110
318586	28	3.07972833716338e-07	90917110
319224	10	1.09990297755835e-07	90917110
319225	3	3.29970893267505e-08	90917110
319701	1	1.09990297755835e-08	90917110
319795	4	4.3996119102334e-08	90917110
320373	16	1.75984476409336e-07	90917110
320388	43	4.7295828035009e-07	90917110
320389	8	8.7992238204668e-08	90917110
320483	1	1.09990297755835e-08	90917110
321327	4	4.3996119102334e-08	90917110
321332	3	3.29970893267505e-08	90917110
321956	20	2.1998059551167e-07	90917110
321967	9	9.89912679802515e-08	90917110
322104	4	4.3996119102334e-08	90917110
322159	60	6.5994178653501e-07	90917110
322710	120	1.31988357307002e-06	90917110
323097	32	3.51968952818672e-07	90917110
323098	13	1.42987387082585e-07	90917110
323848	4	4.3996119102334e-08	90917110
323850	3	3.29970893267505e-08	90917110
324057	5	5.49951488779175e-08	90917110
324602	2	2.1998059551167e-08	90917110
324831	5	5.49951488779175e-08	90917110
325240	5	5.49951488779175e-08	90917110
326297	4	4.3996119102334e-08	90917110
326423	5	5.49951488779175e-08	90917110
326424	18	1.97982535960503e-07	90917110
326425	5	5.49951488779175e-08	90917110
326426	3	3.29970893267505e-08	90917110
326442	1	1.09990297755835e-08	90917110
329726	1	1.09990297755835e-08	90917110
330214	48	5.27953429228008e-07	90917110
330879	6	6.5994178653501e-08	90917110
331104	1	1.09990297755835e-08	90917110
331111	1131	1.24399026761849e-05	90917110
331112	908	9.98711903622981e-06	90917110
331271	190	2.08981565736086e-06	90917110
331272	81	8.90921411822263e-07	90917110
331678	4	4.3996119102334e-08	90917110
333849	3	3.29970893267505e-08	90917110
334380	1	1.09990297755835e-08	90917110
334390	31	3.40969923043088e-07	90917110
334413	41	4.50960220798923e-07	90917110
335283	27	2.96973803940754e-07	90917110
335284	14	1.53986416858169e-07	90917110
335541	1	1.09990297755835e-08	90917110
335543	9	9.89912679802515e-08	90917110
335659	56	6.15945667432676e-07	90917110
336982	26	2.85974774165171e-07	90917110
337191	5	5.49951488779175e-08	90917110
338187	3832	4.2148282100036e-05	90917110
338963	4	4.3996119102334e-08	90917110
338966	20	2.1998059551167e-07	90917110
338969	125	1.37487872194794e-06	90917110
339670	403	4.43260899956015e-06	90917110
339860	2	2.1998059551167e-08	90917110
340100	403	4.43260899956015e-06	90917110
340322	31	3.40969923043088e-07	90917110
342108	15	1.64985446633752e-07	90917110
342109	15	1.64985446633752e-07	90917110
342451	38	4.17963131472173e-07	90917110
342610	12	1.31988357307002e-07	90917110
343509	1	1.09990297755835e-08	90917110
344609	444	4.88356922035907e-06	90917110
345073	21	2.30979625287253e-07	90917110
345219	5	5.49951488779175e-08	90917110
347253	25	2.74975744389587e-07	90917110
347324	5	5.49951488779175e-08	90917110
347327	15	1.64985446633752e-07	90917110
347515	12	1.31988357307002e-07	90917110
347834	6	6.5994178653501e-08	90917110
349101	36	3.95965071921006e-07	90917110
349102	25	2.74975744389587e-07	90917110
349106	11	1.20989327531418e-07	90917110
349124	7	7.69932084290845e-08	90917110
349161	1	1.09990297755835e-08	90917110
349163	15	1.64985446633752e-07	90917110
349215	2	2.1998059551167e-08	90917110
349519	2	2.1998059551167e-08	90917110
349741	12	1.31988357307002e-07	90917110
349747	1	1.09990297755835e-08	90917110
350054	26	2.85974774165171e-07	90917110
350058	14	1.53986416858169e-07	90917110
351348	86	9.45916560700181e-07	90917110
351605	5	5.49951488779175e-08	90917110
351607	2	2.1998059551167e-08	90917110
351627	4	4.3996119102334e-08	90917110
351745	19	2.08981565736086e-07	90917110
351746	669	7.35835091986536e-06	90917110
352914	40	4.3996119102334e-07	90917110
353151	16	1.75984476409336e-07	90917110
353152	8	8.7992238204668e-08	90917110
353153	18	1.97982535960503e-07	90917110
353154	4	4.3996119102334e-08	90917110
353496	6	6.5994178653501e-08	90917110
354242	1	1.09990297755835e-08	90917110
355276	2	2.1998059551167e-08	90917110
355277	1	1.09990297755835e-08	90917110
355278	1	1.09990297755835e-08	90917110
357244	1	1.09990297755835e-08	90917110
357348	46	5.05955369676841e-07	90917110
357544	2	2.1998059551167e-08	90917110
357804	2	2.1998059551167e-08	90917110
357808	3	3.29970893267505e-08	90917110
357809	36	3.95965071921006e-07	90917110
358220	2493	2.74205812305297e-05	90917110
358681	7	7.69932084290845e-08	90917110
359786	120	1.31988357307002e-06	90917110
359787	19	2.08981565736086e-07	90917110
360094	52	5.71949548330342e-07	90917110
360095	5	5.49951488779175e-08	90917110
360102	27	2.96973803940754e-07	90917110
360104	1	1.09990297755835e-08	90917110
360910	15	1.64985446633752e-07	90917110
360911	1	1.09990297755835e-08	90917110
361100	2	2.1998059551167e-08	90917110
362242	9	9.89912679802515e-08	90917110
362663	1021	1.12300094008707e-05	90917110
362948	1	1.09990297755835e-08	90917110
365044	366	4.02564489786356e-06	90917110
365046	289	3.17871960514363e-06	90917110
365659	98	1.07790491800718e-06	90917110
366394	19	2.08981565736086e-07	90917110
366602	44	4.83957310125674e-07	90917110
367737	12	1.31988357307002e-07	90917110
367775	24	2.63976714614004e-07	90917110
367928	44	4.83957310125674e-07	90917110
368407	1	1.09990297755835e-08	90917110
369723	6	6.5994178653501e-08	90917110
370354	19	2.08981565736086e-07	90917110
370355	1	1.09990297755835e-08	90917110
370438	3	3.29970893267505e-08	90917110
370554	3	3.29970893267505e-08	90917110
373153	58	6.37943726983843e-07	90917110
373384	1628	1.79064204746499e-05	90917110
373903	4	4.3996119102334e-08	90917110
373994	1	1.09990297755835e-08	90917110
374463	1	1.09990297755835e-08	90917110
374833	5	5.49951488779175e-08	90917110
374930	4	4.3996119102334e-08	90917110
374931	6	6.5994178653501e-08	90917110
375286	84	9.23918501149014e-07	90917110
375451	5	5.49951488779175e-08	90917110
376686	92	1.01191073935368e-06	90917110
376758	20	2.1998059551167e-07	90917110
377628	5	5.49951488779175e-08	90917110
377629	6	6.5994178653501e-08	90917110
378753	55	6.04946637657092e-07	90917110
378806	13	1.42987387082585e-07	90917110
379066	8	8.7992238204668e-08	90917110
379329	1	1.09990297755835e-08	90917110
379731	453	4.98256048833932e-06	90917110
379891	1	1.09990297755835e-08	90917110
380358	28	3.07972833716338e-07	90917110
380394	5	5.49951488779175e-08	90917110
380703	32	3.51968952818672e-07	90917110
381666	128	1.40787581127469e-06	90917110
381754	1135	1.24838987952873e-05	90917110
382245	56	6.15945667432676e-07	90917110
382638	2	2.1998059551167e-08	90917110
382640	1	1.09990297755835e-08	90917110
383372	2	2.1998059551167e-08	90917110
383407	27	2.96973803940754e-07	90917110
383629	6	6.5994178653501e-08	90917110
384676	953	1.04820753761311e-05	90917110
386043	3	3.29970893267505e-08	90917110
386415	1	1.09990297755835e-08	90917110
386585	246	2.70576132479354e-06	90917110
386656	5	5.49951488779175e-08	90917110
387093	4	4.3996119102334e-08	90917110
387344	75	8.24927233168762e-07	90917110
388919	39	4.28962161247756e-07	90917110
390235	672	7.39134800919211e-06	90917110
390236	3	3.29970893267505e-08	90917110
390333	62	6.81939846086177e-07	90917110
391008	1425	1.56736174302065e-05	90917110
391037	7	7.69932084290845e-08	90917110
391038	20	2.1998059551167e-07	90917110
391165	4	4.3996119102334e-08	90917110
391295	6	6.5994178653501e-08	90917110
391296	6	6.5994178653501e-08	90917110
391595	1	1.09990297755835e-08	90917110
391619	4	4.3996119102334e-08	90917110
391626	3	3.29970893267505e-08	90917110
391735	279	3.0687293073878e-06	90917110
391774	1	1.09990297755835e-08	90917110
391896	2	2.1998059551167e-08	90917110
391904	22	2.41978655062837e-07	90917110
392021	1	1.09990297755835e-08	90917110
392300	1	1.09990297755835e-08	90917110
392499	112	1.23189133486535e-06	90917110
393011	9	9.89912679802515e-08	90917110
393115	1	1.09990297755835e-08	90917110
393305	10	1.09990297755835e-07	90917110
393595	13	1.42987387082585e-07	90917110
394221	9	9.89912679802515e-08	90917110
395019	317	3.48669243885997e-06	90917110
395491	16	1.75984476409336e-07	90917110
395492	13	1.42987387082585e-07	90917110
395494	5	5.49951488779175e-08	90917110
395495	358	3.93765265965889e-06	90917110
395960	65	7.14936935412927e-07	90917110
395961	1	1.09990297755835e-08	90917110
395963	8	8.7992238204668e-08	90917110
395965	12	1.31988357307002e-07	90917110
396513	19	2.08981565736086e-07	90917110
396588	70	7.69932084290845e-07	90917110
396595	14	1.53986416858169e-07	90917110
397945	514	5.65350130464992e-06	90917110
398527	73	8.02929173617595e-07	90917110
398577	43	4.7295828035009e-07	90917110
398578	1532	1.68505136161939e-05	90917110
398580	10	1.09990297755835e-07	90917110
398767	1	1.09990297755835e-08	90917110
398839	6	6.5994178653501e-08	90917110
399185	2	2.1998059551167e-08	90917110
399599	4	4.3996119102334e-08	90917110
399726	1	1.09990297755835e-08	90917110
399739	325	3.57468467706464e-06	90917110
399741	6	6.5994178653501e-08	90917110
399742	14	1.53986416858169e-07	90917110
399781	5	5.49951488779175e-08	90917110
399804	8	8.7992238204668e-08	90917110
400667	974	1.07130550014183e-05	90917110
400668	10	1.09990297755835e-07	90917110
400673	5	5.49951488779175e-08	90917110
400756	40	4.3996119102334e-07	90917110
401053	6	6.5994178653501e-08	90917110
401473	3	3.29970893267505e-08	90917110
402612	70	7.69932084290845e-07	90917110
402626	200	2.1998059551167e-06	90917110
402881	58	6.37943726983843e-07	90917110
402882	4	4.3996119102334e-08	90917110
403677	90	9.89912679802515e-07	90917110
403833	3	3.29970893267505e-08	90917110
404380	5	5.49951488779175e-08	90917110
404589	18	1.97982535960503e-07	90917110
405416	774	8.51324904630163e-06	90917110
405440	9	9.89912679802515e-08	90917110
405441	2	2.1998059551167e-08	90917110
405531	2	2.1998059551167e-08	90917110
405532	5	5.49951488779175e-08	90917110
405534	2	2.1998059551167e-08	90917110
405535	3	3.29970893267505e-08	90917110
405566	9	9.89912679802515e-08	90917110
405948	33	3.62967982594255e-07	90917110
405955	610	6.70940816310593e-06	90917110
406425	51	5.60950518554758e-07	90917110
406817	3	3.29970893267505e-08	90917110
407976	1	1.09990297755835e-08	90917110
409438	44	4.83957310125674e-07	90917110
410289	349	3.83866139167864e-06	90917110
411154	15	1.64985446633752e-07	90917110
412022	32	3.51968952818672e-07	90917110
412030	4	4.3996119102334e-08	90917110
412694	23	2.5297768483842e-07	90917110
412965	1	1.09990297755835e-08	90917110
413404	2	2.1998059551167e-08	90917110
413997	17	1.86983506184919e-07	90917110
413999	2	2.1998059551167e-08	90917110
414684	18	1.97982535960503e-07	90917110
414970	1	1.09990297755835e-08	90917110
416269	6	6.5994178653501e-08	90917110
416276	2	2.1998059551167e-08	90917110
416344	13	1.42987387082585e-07	90917110
416348	1	1.09990297755835e-08	90917110
416870	10	1.09990297755835e-07	90917110
418127	3	3.29970893267505e-08	90917110
419610	70	7.69932084290845e-07	90917110
419947	359	3.94865168943447e-06	90917110
420245	3	3.29970893267505e-08	90917110
420246	6	6.5994178653501e-08	90917110
420247	5	5.49951488779175e-08	90917110
420662	356	3.91565460010772e-06	90917110
420889	1	1.09990297755835e-08	90917110
423211	1	1.09990297755835e-08	90917110
423368	32	3.51968952818672e-07	90917110
423536	20	2.1998059551167e-07	90917110
424182	19	2.08981565736086e-07	90917110
425011	53	5.82948578105925e-07	90917110
425104	2	2.1998059551167e-08	90917110
426114	29	3.18971863491921e-07	90917110
426117	50	5.49951488779175e-07	90917110
426355	113	1.24289036464093e-06	90917110
426430	87	9.56915590475764e-07	90917110
428406	167	1.83683797252244e-06	90917110
430066	2	2.1998059551167e-08	90917110
431895	10	1.09990297755835e-07	90917110
431946	1	1.09990297755835e-08	90917110
431947	7	7.69932084290845e-08	90917110
434271	1	1.09990297755835e-08	90917110
434922	1	1.09990297755835e-08	90917110
435258	2	2.1998059551167e-08	90917110
435590	263	2.89274483097846e-06	90917110
435591	50	5.49951488779175e-07	90917110
435998	10	1.09990297755835e-07	90917110
436717	362	3.98164877876123e-06	90917110
438753	22	2.41978655062837e-07	90917110
439375	34	3.73967012369839e-07	90917110
439843	10885	0.000119724439107226	90917110
439855	296	3.25571281357271e-06	90917110
440085	63	6.9293887586176e-07	90917110
441375	12	1.31988357307002e-07	90917110
441620	61	6.70940816310593e-07	90917110
441768	1	1.09990297755835e-08	90917110
441771	1	1.09990297755835e-08	90917110
442563	5	5.49951488779175e-08	90917110
443143	13	1.42987387082585e-07	90917110
443144	9	9.89912679802515e-08	90917110
443906	55	6.04946637657092e-07	90917110
444177	5	5.49951488779175e-08	90917110
444178	4	4.3996119102334e-08	90917110
444450	4	4.3996119102334e-08	90917110
445932	2	2.1998059551167e-08	90917110
446462	11	1.20989327531418e-07	90917110
446465	26	2.85974774165171e-07	90917110
446466	16	1.75984476409336e-07	90917110
446468	11	1.20989327531418e-07	90917110
446469	34	3.73967012369839e-07	90917110
446470	16	1.75984476409336e-07	90917110
446471	25	2.74975744389587e-07	90917110
447217	22	2.41978655062837e-07	90917110
448385	42	4.61959250574507e-07	90917110
449447	14	1.53986416858169e-07	90917110
450851	38	4.17963131472173e-07	90917110
451516	36	3.95965071921006e-07	90917110
452471	3	3.29970893267505e-08	90917110
452637	12	1.31988357307002e-07	90917110
452638	43	4.7295828035009e-07	90917110
452652	13	1.42987387082585e-07	90917110
452662	111	1.22089230508977e-06	90917110
452863	21	2.30979625287253e-07	90917110
454169	10822	0.000119031500231365	90917110
455488	19	2.08981565736086e-07	90917110
455632	14	1.53986416858169e-07	90917110
456481	1	1.09990297755835e-08	90917110
457425	13	1.42987387082585e-07	90917110
458233	8	8.7992238204668e-08	90917110
458817	1	1.09990297755835e-08	90917110
459349	2	2.1998059551167e-08	90917110
459424	3	3.29970893267505e-08	90917110
460265	26	2.85974774165171e-07	90917110
464988	17	1.86983506184919e-07	90917110
465515	167	1.83683797252244e-06	90917110
465817	5	5.49951488779175e-08	90917110
467705	21	2.30979625287253e-07	90917110
469008	9	9.89912679802515e-08	90917110
469371	14	1.53986416858169e-07	90917110
469383	14	1.53986416858169e-07	90917110
469604	2	2.1998059551167e-08	90917110
469607	1	1.09990297755835e-08	90917110
470137	3	3.29970893267505e-08	90917110
471223	16	1.75984476409336e-07	90917110
471472	1	1.09990297755835e-08	90917110
471821	1	1.09990297755835e-08	90917110
471852	17	1.86983506184919e-07	90917110
471853	22	2.41978655062837e-07	90917110
471854	17	1.86983506184919e-07	90917110
471855	4	4.3996119102334e-08	90917110
471857	8	8.7992238204668e-08	90917110
472759	1	1.09990297755835e-08	90917110
477641	30	3.29970893267505e-07	90917110
477974	5	5.49951488779175e-08	90917110
478009	1	1.09990297755835e-08	90917110
478433	230	2.5297768483842e-06	90917110
478434	230	2.5297768483842e-06	90917110
478801	34	3.73967012369839e-07	90917110
479431	31	3.40969923043088e-07	90917110
479432	25	2.74975744389587e-07	90917110
479433	16	1.75984476409336e-07	90917110
479434	2	2.1998059551167e-08	90917110
479435	29	3.18971863491921e-07	90917110
479436	26	2.85974774165171e-07	90917110
479437	7	7.69932084290845e-08	90917110
480119	181	1.99082438938061e-06	90917110
480224	1	1.09990297755835e-08	90917110
481448	3	3.29970893267505e-08	90917110
481743	1	1.09990297755835e-08	90917110
481805	2325	2.55727442282316e-05	90917110
481877	13	1.42987387082585e-07	90917110
482957	65	7.14936935412927e-07	90917110
483179	2	2.1998059551167e-08	90917110
483219	13	1.42987387082585e-07	90917110
484019	1	1.09990297755835e-08	90917110
484020	1	1.09990297755835e-08	90917110
484021	94	1.03390879890485e-06	90917110
484895	2	2.1998059551167e-08	90917110
484906	2	2.1998059551167e-08	90917110
485915	1	1.09990297755835e-08	90917110
485916	1	1.09990297755835e-08	90917110
485917	23	2.5297768483842e-07	90917110
485918	12	1.31988357307002e-07	90917110
486410	2	2.1998059551167e-08	90917110
487213	31	3.40969923043088e-07	90917110
487214	21	2.30979625287253e-07	90917110
487521	1	1.09990297755835e-08	90917110
488222	7	7.69932084290845e-08	90917110
488223	1	1.09990297755835e-08	90917110
488538	2	2.1998059551167e-08	90917110
489653	5	5.49951488779175e-08	90917110
490759	4	4.3996119102334e-08	90917110
491077	3	3.29970893267505e-08	90917110
491915	7	7.69932084290845e-08	90917110
491916	23	2.5297768483842e-07	90917110
497965	1	1.09990297755835e-08	90917110
497978	292	3.21171669447038e-06	90917110
498211	18	1.97982535960503e-07	90917110
498213	1	1.09990297755835e-08	90917110
498216	1	1.09990297755835e-08	90917110
498217	4	4.3996119102334e-08	90917110
498761	3	3.29970893267505e-08	90917110
502025	22	2.41978655062837e-07	90917110
502800	1	1.09990297755835e-08	90917110
504346	7	7.69932084290845e-08	90917110
504472	3	3.29970893267505e-08	90917110
504474	23	2.5297768483842e-07	90917110
504728	20	2.1998059551167e-07	90917110
504832	56	6.15945667432676e-07	90917110
505291	1	1.09990297755835e-08	90917110
507522	36	3.95965071921006e-07	90917110
508765	2	2.1998059551167e-08	90917110
508767	5	5.49951488779175e-08	90917110
508771	9	9.89912679802515e-08	90917110
509169	162	1.78184282364453e-06	90917110
509170	505	5.55451003666967e-06	90917110
509173	1727	1.89953244224327e-05	90917110
509190	21	2.30979625287253e-07	90917110
510516	22	2.41978655062837e-07	90917110
511062	8	8.7992238204668e-08	90917110
511437	5	5.49951488779175e-08	90917110
511691	3	3.29970893267505e-08	90917110
511995	4	4.3996119102334e-08	90917110
512564	2	2.1998059551167e-08	90917110
512565	21	2.30979625287253e-07	90917110
512566	10	1.09990297755835e-07	90917110
515619	67	7.36934994964094e-07	90917110
515620	15	1.64985446633752e-07	90917110
515622	1	1.09990297755835e-08	90917110
516950	33	3.62967982594255e-07	90917110
518766	2	2.1998059551167e-08	90917110
521006	5	5.49951488779175e-08	90917110
521011	1	1.09990297755835e-08	90917110
521045	4	4.3996119102334e-08	90917110
521096	24	2.63976714614004e-07	90917110
521097	14	1.53986416858169e-07	90917110
521098	1	1.09990297755835e-08	90917110
521460	4	4.3996119102334e-08	90917110
521674	3	3.29970893267505e-08	90917110
522306	48	5.27953429228008e-07	90917110
522373	2085	2.29329770820916e-05	90917110
523791	2	2.1998059551167e-08	90917110
523794	4	4.3996119102334e-08	90917110
523796	7	7.69932084290845e-08	90917110
525146	3	3.29970893267505e-08	90917110
525284	15	1.64985446633752e-07	90917110
525381	27	2.96973803940754e-07	90917110
525897	3	3.29970893267505e-08	90917110
525898	4	4.3996119102334e-08	90917110
525904	4	4.3996119102334e-08	90917110
525909	7	7.69932084290845e-08	90917110
525919	9	9.89912679802515e-08	90917110
526222	6	6.5994178653501e-08	90917110
526225	17	1.86983506184919e-07	90917110
526226	33	3.62967982594255e-07	90917110
526227	9	9.89912679802515e-08	90917110
529507	6	6.5994178653501e-08	90917110
530564	9	9.89912679802515e-08	90917110
531844	28	3.07972833716338e-07	90917110
535289	3385	3.72317157903501e-05	90917110
536019	33	3.62967982594255e-07	90917110
536056	732	8.05128979572712e-06	90917110
536230	6	6.5994178653501e-08	90917110
536232	1	1.09990297755835e-08	90917110
543526	1	1.09990297755835e-08	90917110
543728	663	7.29235674121186e-06	90917110
543734	3	3.29970893267505e-08	90917110
543891	172	1.89183312140036e-06	90917110
543913	114	1.25388939441652e-06	90917110
544556	7	7.69932084290845e-08	90917110
545693	3	3.29970893267505e-08	90917110
545694	2	2.1998059551167e-08	90917110
545695	3	3.29970893267505e-08	90917110
546269	4	4.3996119102334e-08	90917110
546342	5	5.49951488779175e-08	90917110
546414	2	2.1998059551167e-08	90917110
546805	1	1.09990297755835e-08	90917110
547559	2	2.1998059551167e-08	90917110
548473	54	5.93947607881509e-07	90917110
548476	33	3.62967982594255e-07	90917110
548479	2	2.1998059551167e-08	90917110
550538	2	2.1998059551167e-08	90917110
550540	4	4.3996119102334e-08	90917110
550542	4	4.3996119102334e-08	90917110
552811	3	3.29970893267505e-08	90917110
553174	14	1.53986416858169e-07	90917110
553190	35	3.84966042145422e-07	90917110
553199	5782	6.35963901624238e-05	90917110
555079	1	1.09990297755835e-08	90917110
555217	1	1.09990297755835e-08	90917110
555778	11	1.20989327531418e-07	90917110
555970	1	1.09990297755835e-08	90917110
556484	13	1.42987387082585e-07	90917110
557433	4	4.3996119102334e-08	90917110
557436	4	4.3996119102334e-08	90917110
557598	23	2.5297768483842e-07	90917110
557599	7	7.69932084290845e-08	90917110
557600	101	1.11090200733393e-06	90917110
557722	4616	5.07715214440934e-05	90917110
557723	2	2.1998059551167e-08	90917110
557760	23	2.5297768483842e-07	90917110
559292	824	9.0632005350808e-06	90917110
559295	30	3.29970893267505e-07	90917110
559307	28	3.07972833716338e-07	90917110
561229	8	8.7992238204668e-08	90917110
561230	2	2.1998059551167e-08	90917110
561231	4	4.3996119102334e-08	90917110
561275	1	1.09990297755835e-08	90917110
561276	14	1.53986416858169e-07	90917110
561304	2	2.1998059551167e-08	90917110
562019	2	2.1998059551167e-08	90917110
562970	3	3.29970893267505e-08	90917110
563769	1	1.09990297755835e-08	90917110
565040	24	2.63976714614004e-07	90917110
565042	18	1.97982535960503e-07	90917110
565050	14	1.53986416858169e-07	90917110
566546	3	3.29970893267505e-08	90917110
568706	12	1.31988357307002e-07	90917110
568707	34	3.73967012369839e-07	90917110
568814	3	3.29970893267505e-08	90917110
568816	1	1.09990297755835e-08	90917110
570417	2	2.1998059551167e-08	90917110
571800	23	2.5297768483842e-07	90917110
572263	1	1.09990297755835e-08	90917110
572477	15	1.64985446633752e-07	90917110
572480	2	2.1998059551167e-08	90917110
573059	3	3.29970893267505e-08	90917110
573061	1	1.09990297755835e-08	90917110
573062	1	1.09990297755835e-08	90917110
573065	11	1.20989327531418e-07	90917110
573234	3	3.29970893267505e-08	90917110
573235	10	1.09990297755835e-07	90917110
573370	3	3.29970893267505e-08	90917110
573569	3	3.29970893267505e-08	90917110
573591	4	4.3996119102334e-08	90917110
573729	24	2.63976714614004e-07	90917110
573826	3	3.29970893267505e-08	90917110
574093	6	6.5994178653501e-08	90917110
574521	8	8.7992238204668e-08	90917110
575540	8	8.7992238204668e-08	90917110
575614	3	3.29970893267505e-08	90917110
575788	9	9.89912679802515e-08	90917110
577650	1	1.09990297755835e-08	90917110
578455	34	3.73967012369839e-07	90917110
578461	1	1.09990297755835e-08	90917110
579138	2	2.1998059551167e-08	90917110
579405	2	2.1998059551167e-08	90917110
580049	1	1.09990297755835e-08	90917110
580050	4	4.3996119102334e-08	90917110
580327	6	6.5994178653501e-08	90917110
580331	1	1.09990297755835e-08	90917110
580332	17	1.86983506184919e-07	90917110
581103	3	3.29970893267505e-08	90917110
582402	2	2.1998059551167e-08	90917110
582744	14	1.53986416858169e-07	90917110
582899	22	2.41978655062837e-07	90917110
583345	27	2.96973803940754e-07	90917110
583355	10	1.09990297755835e-07	90917110
583358	1	1.09990297755835e-08	90917110
585034	15	1.64985446633752e-07	90917110
585035	8	8.7992238204668e-08	90917110
585054	100	1.09990297755835e-06	90917110
585055	20	2.1998059551167e-07	90917110
585056	54	5.93947607881509e-07	90917110
585057	144	1.58386028768402e-06	90917110
585394	33	3.62967982594255e-07	90917110
585395	31	3.40969923043088e-07	90917110
585396	10897	0.000119856427464533	90917110
585397	8	8.7992238204668e-08	90917110
589865	1	1.09990297755835e-08	90917110
590998	19	2.08981565736086e-07	90917110
591001	5	5.49951488779175e-08	90917110
591020	3	3.29970893267505e-08	90917110
591167	10	1.09990297755835e-07	90917110
591365	2	2.1998059551167e-08	90917110
591946	7	7.69932084290845e-08	90917110
592022	2	2.1998059551167e-08	90917110
592029	3	3.29970893267505e-08	90917110
592316	3	3.29970893267505e-08	90917110
593588	17	1.86983506184919e-07	90917110
593907	24	2.63976714614004e-07	90917110
595494	27	2.96973803940754e-07	90917110
595495	265	2.91474289052963e-06	90917110
595496	327	3.5966827366158e-06	90917110
595528	19	2.08981565736086e-07	90917110
595537	513	5.64250227487433e-06	90917110
596153	970	1.0669058882316e-05	90917110
596154	722	7.94129949797128e-06	90917110
598659	2	2.1998059551167e-08	90917110
600809	1	1.09990297755835e-08	90917110
604162	7	7.69932084290845e-08	90917110
608506	2	2.1998059551167e-08	90917110
610130	9	9.89912679802515e-08	90917110
622759	14	1.53986416858169e-07	90917110
626418	35	3.84966042145422e-07	90917110
627192	67	7.36934994964094e-07	90917110
627343	1	1.09990297755835e-08	90917110
630588	2	2.1998059551167e-08	90917110
632335	1	1.09990297755835e-08	90917110
632516	2	2.1998059551167e-08	90917110
632772	37	4.06964101696589e-07	90917110
633147	4	4.3996119102334e-08	90917110
633149	26	2.85974774165171e-07	90917110
633699	4	4.3996119102334e-08	90917110
634176	4	4.3996119102334e-08	90917110
634177	5	5.49951488779175e-08	90917110
634452	5	5.49951488779175e-08	90917110
634456	5	5.49951488779175e-08	90917110
634498	1	1.09990297755835e-08	90917110
634499	3	3.29970893267505e-08	90917110
634500	37	4.06964101696589e-07	90917110
634956	5	5.49951488779175e-08	90917110
635013	8	8.7992238204668e-08	90917110
637379	30	3.29970893267505e-07	90917110
637730	2	2.1998059551167e-08	90917110
637909	7	7.69932084290845e-08	90917110
637910	9	9.89912679802515e-08	90917110
639282	8	8.7992238204668e-08	90917110
639283	36	3.95965071921006e-07	90917110
640081	116	1.27588745396769e-06	90917110
640131	28	3.07972833716338e-07	90917110
640132	5	5.49951488779175e-08	90917110
640510	29	3.18971863491921e-07	90917110
640511	27	2.96973803940754e-07	90917110
640512	27	2.96973803940754e-07	90917110
640513	13	1.42987387082585e-07	90917110
641491	5	5.49951488779175e-08	90917110
642492	10	1.09990297755835e-07	90917110
643561	403	4.43260899956015e-06	90917110
643562	8	8.7992238204668e-08	90917110
643867	2	2.1998059551167e-08	90917110
644007	1	1.09990297755835e-08	90917110
644042	7	7.69932084290845e-08	90917110
644223	2	2.1998059551167e-08	90917110
644282	14	1.53986416858169e-07	90917110
644283	19	2.08981565736086e-07	90917110
644651	2	2.1998059551167e-08	90917110
644801	86	9.45916560700181e-07	90917110
644966	4	4.3996119102334e-08	90917110
645127	130	1.42987387082585e-06	90917110
645462	3	3.29970893267505e-08	90917110
645463	7	7.69932084290845e-08	90917110
645464	1	1.09990297755835e-08	90917110
645657	1	1.09990297755835e-08	90917110
646529	2	2.1998059551167e-08	90917110
648757	14	1.53986416858169e-07	90917110
648999	13	1.42987387082585e-07	90917110
649349	13	1.42987387082585e-07	90917110
649638	6	6.5994178653501e-08	90917110
649639	8	8.7992238204668e-08	90917110
649831	14	1.53986416858169e-07	90917110
651822	1	1.09990297755835e-08	90917110
652103	53	5.82948578105925e-07	90917110
652616	1	1.09990297755835e-08	90917110
653045	16	1.75984476409336e-07	90917110
653938	1	1.09990297755835e-08	90917110
655815	4	4.3996119102334e-08	90917110
655816	2	2.1998059551167e-08	90917110
656024	6	6.5994178653501e-08	90917110
657308	9	9.89912679802515e-08	90917110
657309	40	4.3996119102334e-07	90917110
657313	46	5.05955369676841e-07	90917110
657314	38	4.17963131472173e-07	90917110
657315	30	3.29970893267505e-07	90917110
657316	30	3.29970893267505e-07	90917110
657317	51	5.60950518554758e-07	90917110
657318	48	5.27953429228008e-07	90917110
657319	10	1.09990297755835e-07	90917110
657321	40	4.3996119102334e-07	90917110
657322	38	4.17963131472173e-07	90917110
657323	48	5.27953429228008e-07	90917110
657448	1	1.09990297755835e-08	90917110
661367	2	2.1998059551167e-08	90917110
661410	19	2.08981565736086e-07	90917110
662598	1	1.09990297755835e-08	90917110
662755	11	1.20989327531418e-07	90917110
663278	2	2.1998059551167e-08	90917110
663917	3	3.29970893267505e-08	90917110
663951	5	5.49951488779175e-08	90917110
663954	6	6.5994178653501e-08	90917110
665029	3	3.29970893267505e-08	90917110
665571	4	4.3996119102334e-08	90917110
666681	27	2.96973803940754e-07	90917110
666685	23	2.5297768483842e-07	90917110
666686	1	1.09990297755835e-08	90917110
667015	6	6.5994178653501e-08	90917110
668336	3	3.29970893267505e-08	90917110
669502	1	1.09990297755835e-08	90917110
670307	6	6.5994178653501e-08	90917110
670487	3	3.29970893267505e-08	90917110
671143	5	5.49951488779175e-08	90917110
673862	1	1.09990297755835e-08	90917110
675635	16	1.75984476409336e-07	90917110
679935	5	5.49951488779175e-08	90917110
680198	13	1.42987387082585e-07	90917110
680646	33	3.62967982594255e-07	90917110
681288	2	2.1998059551167e-08	90917110
682634	4	4.3996119102334e-08	90917110
682795	5	5.49951488779175e-08	90917110
684738	33	3.62967982594255e-07	90917110
685039	1	1.09990297755835e-08	90917110
685727	26	2.85974774165171e-07	90917110
688245	6808	7.48813947121724e-05	90917110
688270	11	1.20989327531418e-07	90917110
690566	47	5.16954399452424e-07	90917110
690850	2	2.1998059551167e-08	90917110
691437	10	1.09990297755835e-07	90917110
693216	3	3.29970893267505e-08	90917110
693444	3	3.29970893267505e-08	90917110
693746	3	3.29970893267505e-08	90917110
693970	3	3.29970893267505e-08	90917110
693973	1	1.09990297755835e-08	90917110
693974	3	3.29970893267505e-08	90917110
693977	3	3.29970893267505e-08	90917110
693978	30	3.29970893267505e-07	90917110
693979	6	6.5994178653501e-08	90917110
693982	8	8.7992238204668e-08	90917110
694427	7	7.69932084290845e-08	90917110
694430	1	1.09990297755835e-08	90917110
694569	1	1.09990297755835e-08	90917110
695560	5	5.49951488779175e-08	90917110
695562	2	2.1998059551167e-08	90917110
696216	1	1.09990297755835e-08	90917110
696406	7	7.69932084290845e-08	90917110
696747	1	1.09990297755835e-08	90917110
696748	2	2.1998059551167e-08	90917110
696749	195	2.14481080623878e-06	90917110
697281	3	3.29970893267505e-08	90917110
697283	2	2.1998059551167e-08	90917110
697329	4	4.3996119102334e-08	90917110
698737	58	6.37943726983843e-07	90917110
698758	1	1.09990297755835e-08	90917110
698761	12	1.31988357307002e-07	90917110
698936	3	3.29970893267505e-08	90917110
698948	3	3.29970893267505e-08	90917110
698962	8	8.7992238204668e-08	90917110
698963	1	1.09990297755835e-08	90917110
698964	1	1.09990297755835e-08	90917110
698965	4	4.3996119102334e-08	90917110
698967	2	2.1998059551167e-08	90917110
698970	1	1.09990297755835e-08	90917110
698972	11	1.20989327531418e-07	90917110
698973	3	3.29970893267505e-08	90917110
699033	1	1.09990297755835e-08	90917110
699246	1	1.09990297755835e-08	90917110
700508	3	3.29970893267505e-08	90917110
700598	43	4.7295828035009e-07	90917110
701177	1	1.09990297755835e-08	90917110
701347	13	1.42987387082585e-07	90917110
701521	5	5.49951488779175e-08	90917110
702113	39	4.28962161247756e-07	90917110
702459	3	3.29970893267505e-08	90917110
703613	2	2.1998059551167e-08	90917110
706191	11	1.20989327531418e-07	90917110
706194	1	1.09990297755835e-08	90917110
707241	6	6.5994178653501e-08	90917110
709032	4	4.3996119102334e-08	90917110
709986	2	2.1998059551167e-08	90917110
709991	12	1.31988357307002e-07	90917110
710421	9	9.89912679802515e-08	90917110
710685	15	1.64985446633752e-07	90917110
710686	9	9.89912679802515e-08	90917110
710696	18	1.97982535960503e-07	90917110
712898	22	2.41978655062837e-07	90917110
712938	11	1.20989327531418e-07	90917110
712961	3	3.29970893267505e-08	90917110
713604	10	1.09990297755835e-07	90917110
713887	3	3.29970893267505e-08	90917110
714313	2	2.1998059551167e-08	90917110
714359	1	1.09990297755835e-08	90917110
715451	1	1.09990297755835e-08	90917110
716540	3	3.29970893267505e-08	90917110
716541	173	1.90283215117594e-06	90917110
716544	5	5.49951488779175e-08	90917110
717231	1	1.09990297755835e-08	90917110
717605	4	4.3996119102334e-08	90917110
717608	14	1.53986416858169e-07	90917110
717773	2	2.1998059551167e-08	90917110
717774	6	6.5994178653501e-08	90917110
717785	14	1.53986416858169e-07	90917110
717959	6	6.5994178653501e-08	90917110
717960	16	1.75984476409336e-07	90917110
717961	13	1.42987387082585e-07	90917110
717962	26	2.85974774165171e-07	90917110
718251	2	2.1998059551167e-08	90917110
718252	32	3.51968952818672e-07	90917110
718254	35	3.84966042145422e-07	90917110
718255	30	3.29970893267505e-07	90917110
718271	1	1.09990297755835e-08	90917110
718274	3	3.29970893267505e-08	90917110
720554	1	1.09990297755835e-08	90917110
722911	6	6.5994178653501e-08	90917110
741091	23	2.5297768483842e-07	90917110
742013	1125	1.23739084975314e-05	90917110
743299	3	3.29970893267505e-08	90917110
743525	326	3.58568370684022e-06	90917110
743718	22	2.41978655062837e-07	90917110
743720	135	1.48486901970377e-06	90917110
743721	101	1.11090200733393e-06	90917110
743722	2	2.1998059551167e-08	90917110
744533	6	6.5994178653501e-08	90917110
744872	2	2.1998059551167e-08	90917110
745277	1	1.09990297755835e-08	90917110
745310	96	1.05590685845602e-06	90917110
745776	5	5.49951488779175e-08	90917110
746361	7	7.69932084290845e-08	90917110
746697	4	4.3996119102334e-08	90917110
746831	1	1.09990297755835e-08	90917110
747365	1	1.09990297755835e-08	90917110
748247	32	3.51968952818672e-07	90917110
748280	36	3.95965071921006e-07	90917110
748671	7	7.69932084290845e-08	90917110
748727	1	1.09990297755835e-08	90917110
749219	3	3.29970893267505e-08	90917110
749222	2	2.1998059551167e-08	90917110
749414	13	1.42987387082585e-07	90917110
749927	15	1.64985446633752e-07	90917110
751585	4	4.3996119102334e-08	90917110
751945	24	2.63976714614004e-07	90917110
754035	27	2.96973803940754e-07	90917110
754252	7	7.69932084290845e-08	90917110
754476	3	3.29970893267505e-08	90917110
754477	41	4.50960220798923e-07	90917110
754507	1	1.09990297755835e-08	90917110
755178	2	2.1998059551167e-08	90917110
755732	9	9.89912679802515e-08	90917110
756272	3	3.29970893267505e-08	90917110
757424	171	1.88083409162478e-06	90917110
757425	1	1.09990297755835e-08	90917110
758793	20	2.1998059551167e-07	90917110
759350	13	1.42987387082585e-07	90917110
759362	11	1.20989327531418e-07	90917110
759913	2	2.1998059551167e-08	90917110
759914	1	1.09990297755835e-08	90917110
760142	1	1.09990297755835e-08	90917110
760192	13	1.42987387082585e-07	90917110
760568	3	3.29970893267505e-08	90917110
760570	11	1.20989327531418e-07	90917110
761193	3	3.29970893267505e-08	90917110
762376	200	2.1998059551167e-06	90917110
762550	2	2.1998059551167e-08	90917110
762570	2	2.1998059551167e-08	90917110
762633	74	8.13928203393179e-07	90917110
762903	32	3.51968952818672e-07	90917110
762948	56	6.15945667432676e-07	90917110
765698	29	3.18971863491921e-07	90917110
765874	9	9.89912679802515e-08	90917110
765911	8	8.7992238204668e-08	90917110
765912	13	1.42987387082585e-07	90917110
765952	8	8.7992238204668e-08	90917110
767029	16	1.75984476409336e-07	90917110
767031	8	8.7992238204668e-08	90917110
767434	14	1.53986416858169e-07	90917110
767453	13	1.42987387082585e-07	90917110
767455	11	1.20989327531418e-07	90917110
767462	4	4.3996119102334e-08	90917110
767463	53	5.82948578105925e-07	90917110
767468	3	3.29970893267505e-08	90917110
767817	2	2.1998059551167e-08	90917110
768066	16	1.75984476409336e-07	90917110
768486	1	1.09990297755835e-08	90917110
768490	4	4.3996119102334e-08	90917110
768492	1	1.09990297755835e-08	90917110
771875	1	1.09990297755835e-08	90917110
797210	1	1.09990297755835e-08	90917110
797302	1	1.09990297755835e-08	90917110
797303	1	1.09990297755835e-08	90917110
797304	1	1.09990297755835e-08	90917110
798128	58	6.37943726983843e-07	90917110
856793	4	4.3996119102334e-08	90917110
857087	7	7.69932084290845e-08	90917110
858619	11	1.20989327531418e-07	90917110
859653	1	1.09990297755835e-08	90917110
859655	32	3.51968952818672e-07	90917110
859656	56	6.15945667432676e-07	90917110
859657	60	6.5994178653501e-07	90917110
860228	2	2.1998059551167e-08	90917110
861208	7	7.69932084290845e-08	90917110
861360	37	4.06964101696589e-07	90917110
862719	30	3.29970893267505e-07	90917110
862751	6	6.5994178653501e-08	90917110
862908	6	6.5994178653501e-08	90917110
862962	17	1.86983506184919e-07	90917110
862964	4	4.3996119102334e-08	90917110
862965	58	6.37943726983843e-07	90917110
862966	1	1.09990297755835e-08	90917110
862967	2	2.1998059551167e-08	90917110
862970	2	2.1998059551167e-08	90917110
862971	4	4.3996119102334e-08	90917110
865938	13	1.42987387082585e-07	90917110
866536	5	5.49951488779175e-08	90917110
866630	5	5.49951488779175e-08	90917110
866768	1350	1.48486901970377e-05	90917110
866775	10	1.09990297755835e-07	90917110
866777	3	3.29970893267505e-08	90917110
867900	3	3.29970893267505e-08	90917110
867902	2	2.1998059551167e-08	90917110
868131	1	1.09990297755835e-08	90917110
868132	1	1.09990297755835e-08	90917110
868597	1616	1.77744321173429e-05	90917110
869210	2	2.1998059551167e-08	90917110
869211	2	2.1998059551167e-08	90917110
869212	4	4.3996119102334e-08	90917110
869215	1	1.09990297755835e-08	90917110
869216	3	3.29970893267505e-08	90917110
869309	53	5.82948578105925e-07	90917110
869729	18	1.97982535960503e-07	90917110
869816	3	3.29970893267505e-08	90917110
871271	1	1.09990297755835e-08	90917110
871585	295	3.24471378379713e-06	90917110
875328	6	6.5994178653501e-08	90917110
880071	1	1.09990297755835e-08	90917110
880591	18	1.97982535960503e-07	90917110
880633	2	2.1998059551167e-08	90917110
880758	26	2.85974774165171e-07	90917110
882102	2	2.1998059551167e-08	90917110
882378	7	7.69932084290845e-08	90917110
882884	18	1.97982535960503e-07	90917110
882944	1	1.09990297755835e-08	90917110
883062	3	3.29970893267505e-08	90917110
884204	12	1.31988357307002e-07	90917110
886293	29	3.18971863491921e-07	90917110
886377	2	2.1998059551167e-08	90917110
887061	8	8.7992238204668e-08	90917110
889738	157	1.72684767476661e-06	90917110
889932	3	3.29970893267505e-08	90917110
889933	5	5.49951488779175e-08	90917110
890402	16	1.75984476409336e-07	90917110
891391	6	6.5994178653501e-08	90917110
891398	1	1.09990297755835e-08	90917110
891968	2	2.1998059551167e-08	90917110
903503	1	1.09990297755835e-08	90917110
903510	8	8.7992238204668e-08	90917110
903814	3	3.29970893267505e-08	90917110
905079	8	8.7992238204668e-08	90917110
906968	1	1.09990297755835e-08	90917110
907265	1	1.09990297755835e-08	90917110
908937	5	5.49951488779175e-08	90917110
909420	1	1.09990297755835e-08	90917110
909952	506	5.56550906644525e-06	90917110
909954	1	1.09990297755835e-08	90917110
910348	34	3.73967012369839e-07	90917110
911045	5	5.49951488779175e-08	90917110
914127	24	2.63976714614004e-07	90917110
914149	2	2.1998059551167e-08	90917110
926550	5	5.49951488779175e-08	90917110
926556	4	4.3996119102334e-08	90917110
926562	8	8.7992238204668e-08	90917110
926566	2	2.1998059551167e-08	90917110
926569	4	4.3996119102334e-08	90917110
926570	11	1.20989327531418e-07	90917110
927666	53	5.82948578105925e-07	90917110
927704	1	1.09990297755835e-08	90917110
929102	26	2.85974774165171e-07	90917110
929439	16	1.75984476409336e-07	90917110
929506	4	4.3996119102334e-08	90917110
929556	5	5.49951488779175e-08	90917110
929562	13	1.42987387082585e-07	90917110
930169	16	1.75984476409336e-07	90917110
930170	2	2.1998059551167e-08	90917110
930171	21	2.30979625287253e-07	90917110
930944	7	7.69932084290845e-08	90917110
931281	285	3.1347234860413e-06	90917110
931626	3	3.29970893267505e-08	90917110
931890	8	8.7992238204668e-08	90917110
932677	4	4.3996119102334e-08	90917110
933093	1	1.09990297755835e-08	90917110
935296	20	2.1998059551167e-07	90917110
935297	1	1.09990297755835e-08	90917110
935588	1	1.09990297755835e-08	90917110
935589	2	2.1998059551167e-08	90917110
935591	4	4.3996119102334e-08	90917110
935593	2	2.1998059551167e-08	90917110
935599	2	2.1998059551167e-08	90917110
935897	4	4.3996119102334e-08	90917110
936153	3	3.29970893267505e-08	90917110
936156	3	3.29970893267505e-08	90917110
936157	1	1.09990297755835e-08	90917110
937773	7	7.69932084290845e-08	90917110
937777	2	2.1998059551167e-08	90917110
940190	4	4.3996119102334e-08	90917110
940296	2	2.1998059551167e-08	90917110
941193	1382	1.52006591498564e-05	90917110
941639	8	8.7992238204668e-08	90917110
942513	2	2.1998059551167e-08	90917110
944546	7	7.69932084290845e-08	90917110
944547	10	1.09990297755835e-07	90917110
945021	6	6.5994178653501e-08	90917110
945556	31	3.40969923043088e-07	90917110
945704	4	4.3996119102334e-08	90917110
945711	3	3.29970893267505e-08	90917110
945712	7	7.69932084290845e-08	90917110
945713	1	1.09990297755835e-08	90917110
946362	3	3.29970893267505e-08	90917110
946483	19	2.08981565736086e-07	90917110
953739	8	8.7992238204668e-08	90917110
956149	2	2.1998059551167e-08	90917110
977880	111	1.22089230508977e-06	90917110
979556	65	7.14936935412927e-07	90917110
980514	92	1.01191073935368e-06	90917110
981222	3	3.29970893267505e-08	90917110
981368	38	4.17963131472173e-07	90917110
981540	4	4.3996119102334e-08	90917110
983544	7	7.69932084290845e-08	90917110
983545	1	1.09990297755835e-08	90917110
983548	5	5.49951488779175e-08	90917110
983917	275	3.02473318828546e-06	90917110
984262	9	9.89912679802515e-08	90917110
984892	5	5.49951488779175e-08	90917110
985002	24	2.63976714614004e-07	90917110
985006	2	2.1998059551167e-08	90917110
990288	2	2.1998059551167e-08	90917110
990315	78	8.57924322495513e-07	90917110
990316	8	8.7992238204668e-08	90917110
990317	7	7.69932084290845e-08	90917110
991905	19	2.08981565736086e-07	90917110
992406	4	4.3996119102334e-08	90917110
994476	8	8.7992238204668e-08	90917110
994484	192	2.11181371691203e-06	90917110
996285	150	1.64985446633752e-06	90917110
996634	1	1.09990297755835e-08	90917110
997761	2	2.1998059551167e-08	90917110
998088	16	1.75984476409336e-07	90917110
999541	61	6.70940816310593e-07	90917110
999552	5	5.49951488779175e-08	90917110
999953	3	3.29970893267505e-08	90917110
1001583	74	8.13928203393179e-07	90917110
1001585	192	2.11181371691203e-06	90917110
1002804	1	1.09990297755835e-08	90917110
1002809	7	7.69932084290845e-08	90917110
1003195	34	3.73967012369839e-07	90917110
1004786	1	1.09990297755835e-08	90917110
1005041	1	1.09990297755835e-08	90917110
1005042	1	1.09990297755835e-08	90917110
1005048	278	3.05773027761221e-06	90917110
1005058	2	2.1998059551167e-08	90917110
1005090	1	1.09990297755835e-08	90917110
1006007	1	1.09990297755835e-08	90917110
1006543	2	2.1998059551167e-08	90917110
1006551	18	1.97982535960503e-07	90917110
1007105	19	2.08981565736086e-07	90917110
1008459	3	3.29970893267505e-08	90917110
1009464	14	1.53986416858169e-07	90917110
1009846	62	6.81939846086177e-07	90917110
1016998	13	1.42987387082585e-07	90917110
1017264	17	1.86983506184919e-07	90917110
1028307	6	6.5994178653501e-08	90917110
1028799	2	2.1998059551167e-08	90917110
1029756	14	1.53986416858169e-07	90917110
1030843	2	2.1998059551167e-08	90917110
1031709	285	3.1347234860413e-06	90917110
1031710	19	2.08981565736086e-07	90917110
1031711	33	3.62967982594255e-07	90917110
1032480	14	1.53986416858169e-07	90917110
1033813	4	4.3996119102334e-08	90917110
1033837	4	4.3996119102334e-08	90917110
1034807	50	5.49951488779175e-07	90917110
1034809	20	2.1998059551167e-07	90917110
1035817	11	1.20989327531418e-07	90917110
1036172	3	3.29970893267505e-08	90917110
1036672	4	4.3996119102334e-08	90917110
1036673	1	1.09990297755835e-08	90917110
1036743	8	8.7992238204668e-08	90917110
1037409	74	8.13928203393179e-07	90917110
1037911	561	6.17045570410234e-06	90917110
1041826	19	2.08981565736086e-07	90917110
1042156	4	4.3996119102334e-08	90917110
1042417	1	1.09990297755835e-08	90917110
1042876	1665	1.83133845763465e-05	90917110
1042877	1	1.09990297755835e-08	90917110
1042878	48	5.27953429228008e-07	90917110
1045855	68	7.47934024739678e-07	90917110
1045856	14	1.53986416858169e-07	90917110
1046624	3	3.29970893267505e-08	90917110
1046629	25	2.74975744389587e-07	90917110
1046632	1	1.09990297755835e-08	90917110
1048332	29	3.18971863491921e-07	90917110
1049565	22	2.41978655062837e-07	90917110
1051072	1	1.09990297755835e-08	90917110
1051074	10	1.09990297755835e-07	90917110
1052588	2	2.1998059551167e-08	90917110
1054460	38	4.17963131472173e-07	90917110
1064535	4	4.3996119102334e-08	90917110
1064539	25	2.74975744389587e-07	90917110
1064592	15	1.64985446633752e-07	90917110
1069533	8	8.7992238204668e-08	90917110
1069534	7	7.69932084290845e-08	90917110
1069642	3	3.29970893267505e-08	90917110
1071378	25	2.74975744389587e-07	90917110
1071381	11	1.20989327531418e-07	90917110
1071382	17	1.86983506184919e-07	90917110
1071400	1	1.09990297755835e-08	90917110
1072459	1	1.09990297755835e-08	90917110
1074252	3	3.29970893267505e-08	90917110
1074889	2	2.1998059551167e-08	90917110
1074919	5	5.49951488779175e-08	90917110
1076934	7	7.69932084290845e-08	90917110
1081093	1	1.09990297755835e-08	90917110
1082931	4	4.3996119102334e-08	90917110
1087448	4	4.3996119102334e-08	90917110
1089456	6321	6.95248672114633e-05	90917110
1091041	1	1.09990297755835e-08	90917110
1091045	2200	2.41978655062837e-05	90917110
1091494	9	9.89912679802515e-08	90917110
1093141	7	7.69932084290845e-08	90917110
1093787	538	5.91747801926392e-06	90917110
1094466	17	1.86983506184919e-07	90917110
1094489	2	2.1998059551167e-08	90917110
1095774	5	5.49951488779175e-08	90917110
1096995	6	6.5994178653501e-08	90917110
1096996	246	2.70576132479354e-06	90917110
1096997	2	2.1998059551167e-08	90917110
1097668	33	3.62967982594255e-07	90917110
1097677	40	4.3996119102334e-07	90917110
1100841	3	3.29970893267505e-08	90917110
1104320	1	1.09990297755835e-08	90917110
1104321	2	2.1998059551167e-08	90917110
1104322	14	1.53986416858169e-07	90917110
1104325	2	2.1998059551167e-08	90917110
1104326	54	5.93947607881509e-07	90917110
1105104	1	1.09990297755835e-08	90917110
1105113	1	1.09990297755835e-08	90917110
1107880	7	7.69932084290845e-08	90917110
1110502	71	7.80931114066428e-07	90917110
1111068	6	6.5994178653501e-08	90917110
1111069	45	4.94956339901257e-07	90917110
1111678	14	1.53986416858169e-07	90917110
1112204	6	6.5994178653501e-08	90917110
1114965	13	1.42987387082585e-07	90917110
1114966	63	6.9293887586176e-07	90917110
1114967	433	4.76257989282765e-06	90917110
1114969	5392	5.93067685499462e-05	90917110
1114970	150	1.64985446633752e-06	90917110
1116231	7	7.69932084290845e-08	90917110
1116375	41	4.50960220798923e-07	90917110
1116391	1	1.09990297755835e-08	90917110
1117647	6	6.5994178653501e-08	90917110
1117943	19	2.08981565736086e-07	90917110
1118959	5	5.49951488779175e-08	90917110
1118963	97	1.0669058882316e-06	90917110
1121335	4	4.3996119102334e-08	90917110
1121353	4	4.3996119102334e-08	90917110
1121362	14	1.53986416858169e-07	90917110
1121448	2	2.1998059551167e-08	90917110
1121451	1	1.09990297755835e-08	90917110
1123519	98	1.07790491800718e-06	90917110
1123523	21	2.30979625287253e-07	90917110
1123863	5	5.49951488779175e-08	90917110
1124936	1	1.09990297755835e-08	90917110
1124983	190	2.08981565736086e-06	90917110
1124991	6	6.5994178653501e-08	90917110
1125630	110	1.20989327531418e-06	90917110
1127134	14	1.53986416858169e-07	90917110
1128398	3	3.29970893267505e-08	90917110
1130804	2	2.1998059551167e-08	90917110
1132507	1	1.09990297755835e-08	90917110
1133592	2	2.1998059551167e-08	90917110
1133849	19	2.08981565736086e-07	90917110
1133850	11	1.20989327531418e-07	90917110
1133852	1	1.09990297755835e-08	90917110
1133853	21	2.30979625287253e-07	90917110
1134454	2865	3.15122203070467e-05	90917110
1136179	4056	4.46120647697667e-05	90917110
1137651	37	4.06964101696589e-07	90917110
1138308	2	2.1998059551167e-08	90917110
1138382	1	1.09990297755835e-08	90917110
1138383	3	3.29970893267505e-08	90917110
1138871	3	3.29970893267505e-08	90917110
1138877	1	1.09990297755835e-08	90917110
1142394	4	4.3996119102334e-08	90917110
1144275	20	2.1998059551167e-07	90917110
1146883	18	1.97982535960503e-07	90917110
1147128	3	3.29970893267505e-08	90917110
1150469	8	8.7992238204668e-08	90917110
1151116	18	1.97982535960503e-07	90917110
1155071	3	3.29970893267505e-08	90917110
1155084	7	7.69932084290845e-08	90917110
1155766	5	5.49951488779175e-08	90917110
1155777	1	1.09990297755835e-08	90917110
1156431	12	1.31988357307002e-07	90917110
1156433	16	1.75984476409336e-07	90917110
1156913	10	1.09990297755835e-07	90917110
1157951	1	1.09990297755835e-08	90917110
1161918	1	1.09990297755835e-08	90917110
1163399	1256	1.38147813981329e-05	90917110
1163617	24	2.63976714614004e-07	90917110
1163748	6	6.5994178653501e-08	90917110
1166016	2	2.1998059551167e-08	90917110
1166018	10	1.09990297755835e-07	90917110
1166130	11	1.20989327531418e-07	90917110
1167006	3	3.29970893267505e-08	90917110
1167634	245	2.69476229501796e-06	90917110
1168287	2	2.1998059551167e-08	90917110
1170318	224	2.4637826697307e-06	90917110
1171373	23	2.5297768483842e-07	90917110
1171376	1	1.09990297755835e-08	90917110
1171377	1	1.09990297755835e-08	90917110
1173020	27	2.96973803940754e-07	90917110
1173027	3	3.29970893267505e-08	90917110
1173427	1	1.09990297755835e-08	90917110
1179773	17	1.86983506184919e-07	90917110
1183438	1	1.09990297755835e-08	90917110
1184267	2	2.1998059551167e-08	90917110
1185652	11	1.20989327531418e-07	90917110
1187956	10	1.09990297755835e-07	90917110
1191061	54	5.93947607881509e-07	90917110
1191523	1	1.09990297755835e-08	90917110
1192196	6	6.5994178653501e-08	90917110
1193292	87	9.56915590475764e-07	90917110
1193576	6	6.5994178653501e-08	90917110
1194085	1	1.09990297755835e-08	90917110
1194526	117	1.28688648374327e-06	90917110
1196325	407	4.47660511866248e-06	90917110
1196835	116	1.27588745396769e-06	90917110
1197719	2	2.1998059551167e-08	90917110
1198114	4	4.3996119102334e-08	90917110
1198232	12	1.31988357307002e-07	90917110
1198627	4	4.3996119102334e-08	90917110
1198676	3	3.29970893267505e-08	90917110
1199187	9	9.89912679802515e-08	90917110
1199245	2	2.1998059551167e-08	90917110
1200352	2	2.1998059551167e-08	90917110
1201010	2	2.1998059551167e-08	90917110
1202772	10	1.09990297755835e-07	90917110
1203460	9	9.89912679802515e-08	90917110
1203670	14	1.53986416858169e-07	90917110
1204414	38	4.17963131472173e-07	90917110
1205910	11	1.20989327531418e-07	90917110
1206105	1	1.09990297755835e-08	90917110
1207075	171	1.88083409162478e-06	90917110
1208658	11	1.20989327531418e-07	90917110
1208660	56	6.15945667432676e-07	90917110
1208918	1	1.09990297755835e-08	90917110
1211025	14	1.53986416858169e-07	90917110
1211579	511	5.62050421532317e-06	90917110
1211705	28	3.07972833716338e-07	90917110
1214101	10	1.09990297755835e-07	90917110
1214242	6	6.5994178653501e-08	90917110
1215088	989	1.08780404480521e-05	90917110
1216976	234	2.57377296748654e-06	90917110
1217984	6	6.5994178653501e-08	90917110
1218175	3	3.29970893267505e-08	90917110
1218933	1	1.09990297755835e-08	90917110
1219076	136	1.49586804947936e-06	90917110
1224163	10	1.09990297755835e-07	90917110
1224746	9	9.89912679802515e-08	90917110
1228997	5	5.49951488779175e-08	90917110
1229205	23	2.5297768483842e-07	90917110
1229492	1	1.09990297755835e-08	90917110
1229756	1	1.09990297755835e-08	90917110
1229758	2	2.1998059551167e-08	90917110
1229785	2	2.1998059551167e-08	90917110
1229908	1	1.09990297755835e-08	90917110
1230587	1	1.09990297755835e-08	90917110
1231072	1	1.09990297755835e-08	90917110
1231389	1	1.09990297755835e-08	90917110
1232381	1	1.09990297755835e-08	90917110
1232724	1	1.09990297755835e-08	90917110
1233100	1	1.09990297755835e-08	90917110
1233873	11	1.20989327531418e-07	90917110
1234380	50	5.49951488779175e-07	90917110
1234679	139	1.52886513880611e-06	90917110
1236903	3	3.29970893267505e-08	90917110
1239881	2	2.1998059551167e-08	90917110
1241583	2	2.1998059551167e-08	90917110
1244085	13	1.42987387082585e-07	90917110
1245469	59	6.48942756759426e-07	90917110
1245471	310	3.40969923043088e-06	90917110
1246301	464	5.10354981587074e-06	90917110
1246995	19	2.08981565736086e-07	90917110
1247189	1	1.09990297755835e-08	90917110
1249480	3	3.29970893267505e-08	90917110
1249526	1	1.09990297755835e-08	90917110
1249634	2	2.1998059551167e-08	90917110
1249661	18	1.97982535960503e-07	90917110
1254432	25	2.74975744389587e-07	90917110
1254439	9	9.89912679802515e-08	90917110
1255043	8	8.7992238204668e-08	90917110
1257118	5	5.49951488779175e-08	90917110
1260251	2	2.1998059551167e-08	90917110
1262456	54	5.93947607881509e-07	90917110
1265601	9	9.89912679802515e-08	90917110
1266845	2	2.1998059551167e-08	90917110
1267577	3	3.29970893267505e-08	90917110
1267753	1	1.09990297755835e-08	90917110
1267754	5	5.49951488779175e-08	90917110
1271752	2	2.1998059551167e-08	90917110
1271862	4	4.3996119102334e-08	90917110
1271863	14	1.53986416858169e-07	90917110
1273173	1	1.09990297755835e-08	90917110
1276282	69	7.58933054515261e-07	90917110
1278073	10	1.09990297755835e-07	90917110
1279007	222	2.44178461017954e-06	90917110
1279008	653	7.18236644345602e-06	90917110
1280938	809	8.89821508844705e-06	90917110
1282356	311	3.42069826020647e-06	90917110
1283330	1	1.09990297755835e-08	90917110
1283331	47	5.16954399452424e-07	90917110
1286170	11	1.20989327531418e-07	90917110
1286640	5	5.49951488779175e-08	90917110
1288394	18	1.97982535960503e-07	90917110
1294143	224	2.4637826697307e-06	90917110
1298593	11	1.20989327531418e-07	90917110
1300253	6	6.5994178653501e-08	90917110
1300254	3	3.29970893267505e-08	90917110
1300255	1	1.09990297755835e-08	90917110
1300258	1	1.09990297755835e-08	90917110
1302863	11	1.20989327531418e-07	90917110
1303692	7	7.69932084290845e-08	90917110
1304892	31	3.40969923043088e-07	90917110
1305598	3	3.29970893267505e-08	90917110
1309806	2	2.1998059551167e-08	90917110
1309807	2	2.1998059551167e-08	90917110
1310161	17	1.86983506184919e-07	90917110
1313172	24	2.63976714614004e-07	90917110
1314884	1	1.09990297755835e-08	90917110
1316444	2	2.1998059551167e-08	90917110
1318615	4	4.3996119102334e-08	90917110
1318633	3	3.29970893267505e-08	90917110
1321369	4	4.3996119102334e-08	90917110
1321370	2	2.1998059551167e-08	90917110
1322346	2	2.1998059551167e-08	90917110
1323661	5	5.49951488779175e-08	90917110
1327988	1	1.09990297755835e-08	90917110
1328306	11	1.20989327531418e-07	90917110
1331671	659	7.24836062210952e-06	90917110
1332188	55	6.04946637657092e-07	90917110
1333523	1	1.09990297755835e-08	90917110
1334187	2	2.1998059551167e-08	90917110
1335307	3	3.29970893267505e-08	90917110
1335757	1	1.09990297755835e-08	90917110
1338032	102	1.12190103710952e-06	90917110
1338034	35	3.84966042145422e-07	90917110
1340495	3	3.29970893267505e-08	90917110
1340847	1	1.09990297755835e-08	90917110
1340851	1422	1.56406203408797e-05	90917110
1341692	1	1.09990297755835e-08	90917110
1343740	9	9.89912679802515e-08	90917110
1345695	1	1.09990297755835e-08	90917110
1345697	10	1.09990297755835e-07	90917110
1346614	6	6.5994178653501e-08	90917110
1348660	5	5.49951488779175e-08	90917110
1348662	6	6.5994178653501e-08	90917110
1355100	2	2.1998059551167e-08	90917110
1358027	1	1.09990297755835e-08	90917110
1358410	1	1.09990297755835e-08	90917110
1367477	8	8.7992238204668e-08	90917110
1367847	10	1.09990297755835e-07	90917110
1379702	3	3.29970893267505e-08	90917110
1380774	30	3.29970893267505e-07	90917110
1380908	85	9.34917530924597e-07	90917110
1384484	2	2.1998059551167e-08	90917110
1385727	1	1.09990297755835e-08	90917110
1388758	1	1.09990297755835e-08	90917110
1389489	18	1.97982535960503e-07	90917110
1392476	2	2.1998059551167e-08	90917110
1394709	1	1.09990297755835e-08	90917110
1394711	4	4.3996119102334e-08	90917110
1394889	2	2.1998059551167e-08	90917110
1399116	9	9.89912679802515e-08	90917110
1400867	42	4.61959250574507e-07	90917110
1401659	6	6.5994178653501e-08	90917110
1406863	1	1.09990297755835e-08	90917110
1406864	1	1.09990297755835e-08	90917110
1408206	3	3.29970893267505e-08	90917110
1408272	188	2.0678175978097e-06	90917110
1415629	381	4.19063034449731e-06	90917110
1415630	649	7.13837032435369e-06	90917110
1416914	47	5.16954399452424e-07	90917110
1423144	6	6.5994178653501e-08	90917110
1427342	351	3.86065945122981e-06	90917110
1430440	13	1.42987387082585e-07	90917110
1435044	776	8.53524710585279e-06	90917110
1435058	123	1.35288066239677e-06	90917110
1435356	35	3.84966042145422e-07	90917110
1436140	24	2.63976714614004e-07	90917110
