Tax.ID	Frequency	Proportion	Total
394	2	2.50582548043127e-08	79814018
2769	1	1.25291274021563e-08	79814018
2839	4	5.01165096086254e-08	79814018
2850	4	5.01165096086254e-08	79814018
32051	1	1.25291274021563e-08	79814018
35128	3	3.7587382206469e-08	79814018
35688	2	2.50582548043127e-08	79814018
49266	1	1.25291274021563e-08	79814018
52970	5	6.26456370107817e-08	79814018
55529	4	5.01165096086254e-08	79814018
62928	1	1.25291274021563e-08	79814018
72520	1	1.25291274021563e-08	79814018
75379	3	3.7587382206469e-08	79814018
76114	1	1.25291274021563e-08	79814018
78245	4	5.01165096086254e-08	79814018
84588	1	1.25291274021563e-08	79814018
85643	2	2.50582548043127e-08	79814018
96563	4	5.01165096086254e-08	79814018
101510	1	1.25291274021563e-08	79814018
109269	1	1.25291274021563e-08	79814018
110662	2	2.50582548043127e-08	79814018
160619	4	5.01165096086254e-08	79814018
164037	1	1.25291274021563e-08	79814018
176279	5	6.26456370107817e-08	79814018
176280	5	6.26456370107817e-08	79814018
187272	2	2.50582548043127e-08	79814018
187303	1	1.25291274021563e-08	79814018
190485	6	7.51747644129381e-08	79814018
190650	4	5.01165096086254e-08	79814018
204773	1	1.25291274021563e-08	79814018
205921	2	2.50582548043127e-08	79814018
205922	3	3.7587382206469e-08	79814018
207559	1	1.25291274021563e-08	79814018
208435	4	5.01165096086254e-08	79814018
211110	4	5.01165096086254e-08	79814018
211586	1	1.25291274021563e-08	79814018
216591	1	1.25291274021563e-08	79814018
216594	1	1.25291274021563e-08	79814018
216595	7	8.77038918150944e-08	79814018
216596	1	1.25291274021563e-08	79814018
220341	12	1.50349528825876e-07	79814018
224911	1	1.25291274021563e-08	79814018
225937	1	1.25291274021563e-08	79814018
226185	1	1.25291274021563e-08	79814018
226186	1	1.25291274021563e-08	79814018
227882	1	1.25291274021563e-08	79814018
228410	2	2.50582548043127e-08	79814018
232721	65	8.14393281140163e-07	79814018
234621	77	9.64742809966039e-07	79814018
243243	1	1.25291274021563e-08	79814018
243277	2	2.50582548043127e-08	79814018
243365	2	2.50582548043127e-08	79814018
246196	1	1.25291274021563e-08	79814018
246198	1	1.25291274021563e-08	79814018
247156	1	1.25291274021563e-08	79814018
262316	1	1.25291274021563e-08	79814018
262724	5	6.26456370107817e-08	79814018
264198	1	1.25291274021563e-08	79814018
265072	3	3.7587382206469e-08	79814018
266264	4	5.01165096086254e-08	79814018
266265	3	3.7587382206469e-08	79814018
266779	2	2.50582548043127e-08	79814018
266940	1	1.25291274021563e-08	79814018
267608	5	6.26456370107817e-08	79814018
267747	6	7.51747644129381e-08	79814018
269482	1	1.25291274021563e-08	79814018
269800	1	1.25291274021563e-08	79814018
272620	11	1.3782040142372e-07	79814018
272621	61	7.64276771531537e-07	79814018
272622	1	1.25291274021563e-08	79814018
272630	3	3.7587382206469e-08	79814018
272632	1	1.25291274021563e-08	79814018
273119	89	1.11509233879191e-06	79814018
278137	1	1.25291274021563e-08	79814018
278197	1	1.25291274021563e-08	79814018
279238	2	2.50582548043127e-08	79814018
281090	1	1.25291274021563e-08	79814018
285951	1	1.25291274021563e-08	79814018
288000	2	2.50582548043127e-08	79814018
290339	2	2.50582548043127e-08	79814018
290399	4	5.01165096086254e-08	79814018
290400	1	1.25291274021563e-08	79814018
290633	1	1.25291274021563e-08	79814018
292459	1	1.25291274021563e-08	79814018
292564	3	3.7587382206469e-08	79814018
296543	2	2.50582548043127e-08	79814018
296591	3	3.7587382206469e-08	79814018
298654	1	1.25291274021563e-08	79814018
300267	1	1.25291274021563e-08	79814018
300852	6	7.51747644129381e-08	79814018
306537	1	1.25291274021563e-08	79814018
309799	1	1.25291274021563e-08	79814018
311402	1	1.25291274021563e-08	79814018
311403	1	1.25291274021563e-08	79814018
314315	1	1.25291274021563e-08	79814018
314565	5	6.26456370107817e-08	79814018
316055	2	2.50582548043127e-08	79814018
316057	1	1.25291274021563e-08	79814018
316058	2	2.50582548043127e-08	79814018
316278	1	1.25291274021563e-08	79814018
317655	1	1.25291274021563e-08	79814018
318586	1	1.25291274021563e-08	79814018
319224	1	1.25291274021563e-08	79814018
319795	1	1.25291274021563e-08	79814018
320388	1	1.25291274021563e-08	79814018
320389	1	1.25291274021563e-08	79814018
321956	12	1.50349528825876e-07	79814018
321967	4	5.01165096086254e-08	79814018
322710	2	2.50582548043127e-08	79814018
323850	1	1.25291274021563e-08	79814018
324831	4	5.01165096086254e-08	79814018
326425	83	1.03991757437898e-06	79814018
330879	1	1.25291274021563e-08	79814018
331111	3	3.7587382206469e-08	79814018
331112	1	1.25291274021563e-08	79814018
331271	6	7.51747644129381e-08	79814018
331272	6	7.51747644129381e-08	79814018
335284	1	1.25291274021563e-08	79814018
338969	1	1.25291274021563e-08	79814018
339670	10	1.25291274021563e-07	79814018
340099	1	1.25291274021563e-08	79814018
340100	8	1.00233019217251e-07	79814018
342451	1	1.25291274021563e-08	79814018
345073	1	1.25291274021563e-08	79814018
347253	1	1.25291274021563e-08	79814018
350054	1	1.25291274021563e-08	79814018
351348	1	1.25291274021563e-08	79814018
351745	1	1.25291274021563e-08	79814018
357348	2	2.50582548043127e-08	79814018
358220	66	8.26922408542319e-07	79814018
359786	6	7.51747644129381e-08	79814018
360910	2	2.50582548043127e-08	79814018
362663	1	1.25291274021563e-08	79814018
365044	6	7.51747644129381e-08	79814018
365046	9	1.12762146619407e-07	79814018
365659	2	2.50582548043127e-08	79814018
366602	1	1.25291274021563e-08	79814018
367928	2	2.50582548043127e-08	79814018
369723	1	1.25291274021563e-08	79814018
372461	1	1.25291274021563e-08	79814018
373384	2	2.50582548043127e-08	79814018
378806	2	2.50582548043127e-08	79814018
379731	1	1.25291274021563e-08	79814018
381666	2	2.50582548043127e-08	79814018
381754	2	2.50582548043127e-08	79814018
388919	1	1.25291274021563e-08	79814018
390235	2	2.50582548043127e-08	79814018
390333	18	2.25524293238814e-07	79814018
391008	6	7.51747644129381e-08	79814018
391037	1	1.25291274021563e-08	79814018
391735	9	1.12762146619407e-07	79814018
395019	13	1.62878656228033e-07	79814018
395495	14	1.75407783630189e-07	79814018
395960	1	1.25291274021563e-08	79814018
396588	4	5.01165096086254e-08	79814018
397945	12	1.50349528825876e-07	79814018
398527	1	1.25291274021563e-08	79814018
398577	3	3.7587382206469e-08	79814018
398578	24	3.00699057651752e-07	79814018
399726	1	1.25291274021563e-08	79814018
399739	4	5.01165096086254e-08	79814018
399742	1	1.25291274021563e-08	79814018
399804	1	1.25291274021563e-08	79814018
400667	5	6.26456370107817e-08	79814018
400756	6	7.51747644129381e-08	79814018
402626	4	5.01165096086254e-08	79814018
405416	5	6.26456370107817e-08	79814018
405531	1	1.25291274021563e-08	79814018
405534	1	1.25291274021563e-08	79814018
405566	99	1.24038361281348e-06	79814018
405948	1	1.25291274021563e-08	79814018
410289	1	1.25291274021563e-08	79814018
412022	1	1.25291274021563e-08	79814018
412694	1	1.25291274021563e-08	79814018
414684	1	1.25291274021563e-08	79814018
416344	1	1.25291274021563e-08	79814018
416870	1	1.25291274021563e-08	79814018
418127	1	1.25291274021563e-08	79814018
419610	5	6.26456370107817e-08	79814018
419947	1	1.25291274021563e-08	79814018
420246	4	5.01165096086254e-08	79814018
420662	2	2.50582548043127e-08	79814018
426114	1	1.25291274021563e-08	79814018
426117	1	1.25291274021563e-08	79814018
426355	3	3.7587382206469e-08	79814018
426430	2	2.50582548043127e-08	79814018
428406	6	7.51747644129381e-08	79814018
435590	3	3.7587382206469e-08	79814018
435591	1	1.25291274021563e-08	79814018
436717	3	3.7587382206469e-08	79814018
439843	11	1.3782040142372e-07	79814018
440085	4	5.01165096086254e-08	79814018
441620	5	6.26456370107817e-08	79814018
446471	1	1.25291274021563e-08	79814018
448385	1	1.25291274021563e-08	79814018
452637	2	2.50582548043127e-08	79814018
452662	1	1.25291274021563e-08	79814018
454169	11	1.3782040142372e-07	79814018
460265	1	1.25291274021563e-08	79814018
465515	8	1.00233019217251e-07	79814018
471852	2	2.50582548043127e-08	79814018
478801	3	3.7587382206469e-08	79814018
479431	2	2.50582548043127e-08	79814018
479436	1	1.25291274021563e-08	79814018
480119	3	3.7587382206469e-08	79814018
481448	1	1.25291274021563e-08	79814018
481805	2	2.50582548043127e-08	79814018
482957	1	1.25291274021563e-08	79814018
484021	10	1.25291274021563e-07	79814018
491915	4	5.01165096086254e-08	79814018
504474	2	2.50582548043127e-08	79814018
504728	15	1.87936911032345e-07	79814018
504832	2	2.50582548043127e-08	79814018
505682	36	4.51048586477629e-07	79814018
507522	2	2.50582548043127e-08	79814018
509169	6	7.51747644129381e-08	79814018
509170	4	5.01165096086254e-08	79814018
509173	6	7.51747644129381e-08	79814018
509190	1	1.25291274021563e-08	79814018
512565	1	1.25291274021563e-08	79814018
516950	1	1.25291274021563e-08	79814018
521096	1	1.25291274021563e-08	79814018
522373	6	7.51747644129381e-08	79814018
525284	1	1.25291274021563e-08	79814018
526225	1	1.25291274021563e-08	79814018
526227	4	5.01165096086254e-08	79814018
535289	28	3.50815567260378e-07	79814018
536230	1	1.25291274021563e-08	79814018
543728	14	1.75407783630189e-07	79814018
543891	5	6.26456370107817e-08	79814018
543913	3	3.7587382206469e-08	79814018
546342	1	1.25291274021563e-08	79814018
546414	1	1.25291274021563e-08	79814018
548473	2	2.50582548043127e-08	79814018
548476	1	1.25291274021563e-08	79814018
553190	1	1.25291274021563e-08	79814018
553199	159	1.99213125694286e-06	79814018
557433	2	2.50582548043127e-08	79814018
557436	1	1.25291274021563e-08	79814018
557598	2	2.50582548043127e-08	79814018
557600	4	5.01165096086254e-08	79814018
557722	3	3.7587382206469e-08	79814018
559292	1	1.25291274021563e-08	79814018
559295	6	7.51747644129381e-08	79814018
559307	1	1.25291274021563e-08	79814018
565050	4	5.01165096086254e-08	79814018
565575	260	3.25757312456065e-06	79814018
568707	1	1.25291274021563e-08	79814018
572477	1	1.25291274021563e-08	79814018
573065	1	1.25291274021563e-08	79814018
573729	1	1.25291274021563e-08	79814018
579112	1	1.25291274021563e-08	79814018
580327	1	1.25291274021563e-08	79814018
582899	1	1.25291274021563e-08	79814018
585056	1	1.25291274021563e-08	79814018
585394	1	1.25291274021563e-08	79814018
585396	11	1.3782040142372e-07	79814018
590998	1	1.25291274021563e-08	79814018
593588	2	2.50582548043127e-08	79814018
595495	1	1.25291274021563e-08	79814018
595537	3	3.7587382206469e-08	79814018
596153	7	8.77038918150944e-08	79814018
596154	9	1.12762146619407e-07	79814018
617121	1	1.25291274021563e-08	79814018
632772	1	1.25291274021563e-08	79814018
633699	5	6.26456370107817e-08	79814018
637379	3	3.7587382206469e-08	79814018
639283	2	2.50582548043127e-08	79814018
640081	3	3.7587382206469e-08	79814018
640131	2	2.50582548043127e-08	79814018
640510	1	1.25291274021563e-08	79814018
643561	6	7.51747644129381e-08	79814018
644283	4	5.01165096086254e-08	79814018
645127	2	2.50582548043127e-08	79814018
648757	1	1.25291274021563e-08	79814018
648999	3	3.7587382206469e-08	79814018
649349	3	3.7587382206469e-08	79814018
649831	2	2.50582548043127e-08	79814018
652103	1	1.25291274021563e-08	79814018
656024	1	1.25291274021563e-08	79814018
661410	1	1.25291274021563e-08	79814018
670307	1	1.25291274021563e-08	79814018
684738	1	1.25291274021563e-08	79814018
688245	6	7.51747644129381e-08	79814018
690566	2	2.50582548043127e-08	79814018
693216	1	1.25291274021563e-08	79814018
693977	1	1.25291274021563e-08	79814018
695560	184	2.30535944199677e-06	79814018
695562	29	3.63344694662534e-07	79814018
698948	1	1.25291274021563e-08	79814018
701347	1	1.25291274021563e-08	79814018
701521	1	1.25291274021563e-08	79814018
702113	2	2.50582548043127e-08	79814018
708616	1	1.25291274021563e-08	79814018
713604	2	2.50582548043127e-08	79814018
714313	1	1.25291274021563e-08	79814018
716541	14	1.75407783630189e-07	79814018
718254	4	5.01165096086254e-08	79814018
742013	22	2.7564080284744e-07	79814018
743525	98	1.22785448541132e-06	79814018
743721	2	2.50582548043127e-08	79814018
745310	2	2.50582548043127e-08	79814018
745776	1	1.25291274021563e-08	79814018
748280	1	1.25291274021563e-08	79814018
748671	1643	2.05853563217429e-05	79814018
749927	2	2.50582548043127e-08	79814018
751945	2	2.50582548043127e-08	79814018
757424	2	2.50582548043127e-08	79814018
758793	3	3.7587382206469e-08	79814018
762376	4	5.01165096086254e-08	79814018
762633	19	2.38053420640971e-07	79814018
765698	2	2.50582548043127e-08	79814018
765912	2	2.50582548043127e-08	79814018
767455	2	2.50582548043127e-08	79814018
767462	69	8.64509790748788e-07	79814018
767463	1	1.25291274021563e-08	79814018
798128	12	1.50349528825876e-07	79814018
858619	1	1.25291274021563e-08	79814018
859655	1	1.25291274021563e-08	79814018
859656	5	6.26456370107817e-08	79814018
859657	3	3.7587382206469e-08	79814018
862962	2	2.50582548043127e-08	79814018
862965	2	2.50582548043127e-08	79814018
866768	1	1.25291274021563e-08	79814018
868595	1	1.25291274021563e-08	79814018
868597	4	5.01165096086254e-08	79814018
869216	1	1.25291274021563e-08	79814018
871585	3	3.7587382206469e-08	79814018
875328	1	1.25291274021563e-08	79814018
880633	55	6.89102007118599e-07	79814018
880758	5	6.26456370107817e-08	79814018
882378	1	1.25291274021563e-08	79814018
886293	1	1.25291274021563e-08	79814018
889738	2	2.50582548043127e-08	79814018
891391	129	1.61625743487817e-06	79814018
909952	20	2.50582548043127e-07	79814018
909954	14	1.75407783630189e-07	79814018
927666	1	1.25291274021563e-08	79814018
929439	1	1.25291274021563e-08	79814018
977880	4	5.01165096086254e-08	79814018
983917	9	1.12762146619407e-07	79814018
984262	1	1.25291274021563e-08	79814018
990288	1	1.25291274021563e-08	79814018
990315	6	7.51747644129381e-08	79814018
991905	2	2.50582548043127e-08	79814018
994484	3	3.7587382206469e-08	79814018
996285	3	3.7587382206469e-08	79814018
999541	1	1.25291274021563e-08	79814018
1001585	3	3.7587382206469e-08	79814018
1006551	1	1.25291274021563e-08	79814018
1009846	1	1.25291274021563e-08	79814018
1028307	1	1.25291274021563e-08	79814018
1029756	1	1.25291274021563e-08	79814018
1031709	11	1.3782040142372e-07	79814018
1031710	1	1.25291274021563e-08	79814018
1031711	2	2.50582548043127e-08	79814018
1033837	75	9.39684555161726e-07	79814018
1037409	1	1.25291274021563e-08	79814018
1037911	15	1.87936911032345e-07	79814018
1045855	2	2.50582548043127e-08	79814018
1046624	1	1.25291274021563e-08	79814018
1046629	2	2.50582548043127e-08	79814018
1048332	1	1.25291274021563e-08	79814018
1049565	1	1.25291274021563e-08	79814018
1054460	2	2.50582548043127e-08	79814018
1069534	1	1.25291274021563e-08	79814018
1071381	2	2.50582548043127e-08	79814018
1071382	2	2.50582548043127e-08	79814018
1091045	53	6.64043752314286e-07	79814018
1104326	8	1.00233019217251e-07	79814018
1110502	1	1.25291274021563e-08	79814018
1111069	8	1.00233019217251e-07	79814018
1114966	1	1.25291274021563e-08	79814018
1114967	15	1.87936911032345e-07	79814018
1114969	147	1.84178172811698e-06	79814018
1114970	1	1.25291274021563e-08	79814018
1121335	2	2.50582548043127e-08	79814018
1125630	3	3.7587382206469e-08	79814018
1134454	73	9.14626300357413e-07	79814018
1136179	81	1.01485931957466e-06	79814018
1137651	1	1.25291274021563e-08	79814018
1146883	1	1.25291274021563e-08	79814018
1155766	1	1.25291274021563e-08	79814018
1163399	5	6.26456370107817e-08	79814018
1167634	4	5.01165096086254e-08	79814018
1170318	5	6.26456370107817e-08	79814018
1171373	1	1.25291274021563e-08	79814018
1173022	1	1.25291274021563e-08	79814018
1187956	1	1.25291274021563e-08	79814018
1191061	1	1.25291274021563e-08	79814018
1193292	10	1.25291274021563e-07	79814018
1199187	1	1.25291274021563e-08	79814018
1203670	2	2.50582548043127e-08	79814018
1207075	1	1.25291274021563e-08	79814018
1211025	2	2.50582548043127e-08	79814018
1214101	1	1.25291274021563e-08	79814018
1215088	1	1.25291274021563e-08	79814018
1216976	2	2.50582548043127e-08	79814018
1217984	1	1.25291274021563e-08	79814018
1229205	1	1.25291274021563e-08	79814018
1229756	1	1.25291274021563e-08	79814018
1229785	1	1.25291274021563e-08	79814018
1234380	2	2.50582548043127e-08	79814018
1234679	3	3.7587382206469e-08	79814018
1244085	1	1.25291274021563e-08	79814018
1245471	1	1.25291274021563e-08	79814018
1246301	8	1.00233019217251e-07	79814018
1255043	1	1.25291274021563e-08	79814018
1262456	3	3.7587382206469e-08	79814018
1267754	2	2.50582548043127e-08	79814018
1276258	1	1.25291274021563e-08	79814018
1282356	2	2.50582548043127e-08	79814018
1286170	1	1.25291274021563e-08	79814018
1309806	4	5.01165096086254e-08	79814018
1314884	6	7.51747644129381e-08	79814018
1331671	1	1.25291274021563e-08	79814018
1380774	1	1.25291274021563e-08	79814018
1380908	9	1.12762146619407e-07	79814018
1389489	1	1.25291274021563e-08	79814018
1401659	1	1.25291274021563e-08	79814018
1408186	3	3.7587382206469e-08	79814018
1415630	1	1.25291274021563e-08	79814018
1423144	1	1.25291274021563e-08	79814018
1430440	1	1.25291274021563e-08	79814018
1435356	1	1.25291274021563e-08	79814018
1436140	2	2.50582548043127e-08	79814018
