Tax.ID	Frequency	Proportion	Total
394	6	5.8831468199297e-08	101986236
882	3	2.94157340996485e-08	101986236
883	4	3.92209787995313e-08	101986236
1140	2	1.96104893997657e-08	101986236
1148	2	1.96104893997657e-08	101986236
1511	9	8.82472022989455e-08	101986236
2762	5	4.90262234994142e-08	101986236
2769	11	1.07857691698711e-07	101986236
2771	3	2.94157340996485e-08	101986236
2787	13	1.27468181098477e-07	101986236
2829	5	4.90262234994142e-08	101986236
2832	2	1.96104893997657e-08	101986236
2839	80	7.84419575990627e-07	101986236
2850	114	1.11779789578664e-06	101986236
2880	5	4.90262234994142e-08	101986236
2898	5	4.90262234994142e-08	101986236
2903	3	2.94157340996485e-08	101986236
2986	3	2.94157340996485e-08	101986236
3040	3	2.94157340996485e-08	101986236
4770	6	5.8831468199297e-08	101986236
4950	5	4.90262234994142e-08	101986236
4959	1	9.80524469988284e-09	101986236
5061	1	9.80524469988284e-09	101986236
5145	3	2.94157340996485e-08	101986236
5518	3	2.94157340996485e-08	101986236
5661	3	2.94157340996485e-08	101986236
5749	4	3.92209787995313e-08	101986236
5762	1	9.80524469988284e-09	101986236
5786	10	9.80524469988283e-08	101986236
5851	3	2.94157340996485e-08	101986236
5872	4	3.92209787995313e-08	101986236
5885	3	2.94157340996485e-08	101986236
5901	1	9.80524469988284e-09	101986236
5905	2	1.96104893997657e-08	101986236
5907	1	9.80524469988284e-09	101986236
5908	1	9.80524469988284e-09	101986236
5911	4	3.92209787995313e-08	101986236
5932	7	6.86367128991799e-08	101986236
10665	2	1.96104893997657e-08	101986236
10679	1	9.80524469988284e-09	101986236
13035	2	1.96104893997657e-08	101986236
28072	2	1.96104893997657e-08	101986236
31271	1	9.80524469988284e-09	101986236
31532	1	9.80524469988284e-09	101986236
31964	30	2.94157340996485e-07	101986236
32049	3	2.94157340996485e-08	101986236
32051	5	4.90262234994142e-08	101986236
33653	1	9.80524469988284e-09	101986236
33657	4	3.92209787995313e-08	101986236
33658	6	5.8831468199297e-08	101986236
35128	103	1.00994020408793e-06	101986236
35688	2	1.96104893997657e-08	101986236
36329	2	1.96104893997657e-08	101986236
36809	4	3.92209787995313e-08	101986236
37692	2	1.96104893997657e-08	101986236
40041	1	9.80524469988284e-09	101986236
41431	2	1.96104893997657e-08	101986236
42746	2	1.96104893997657e-08	101986236
43925	1	9.80524469988284e-09	101986236
43926	2	1.96104893997657e-08	101986236
44056	2	1.96104893997657e-08	101986236
44058	2	1.96104893997657e-08	101986236
46234	5	4.90262234994142e-08	101986236
47573	3	2.94157340996485e-08	101986236
49266	6	5.8831468199297e-08	101986236
51677	1	9.80524469988284e-09	101986236
52970	2	1.96104893997657e-08	101986236
55529	23	2.25520628097305e-07	101986236
56107	3	2.94157340996485e-08	101986236
56110	3	2.94157340996485e-08	101986236
56780	1	9.80524469988284e-09	101986236
59748	1	9.80524469988284e-09	101986236
60481	63	6.17730416092619e-07	101986236
62928	55	5.39288458493556e-07	101986236
62977	44	4.31430766794845e-07	101986236
63118	1	9.80524469988284e-09	101986236
63186	6	5.8831468199297e-08	101986236
63737	5	4.90262234994142e-08	101986236
64471	8	7.84419575990627e-08	101986236
65071	4	3.92209787995313e-08	101986236
66084	3	2.94157340996485e-08	101986236
66692	1	9.80524469988284e-09	101986236
67593	1	9.80524469988284e-09	101986236
69328	19	1.86299649297774e-07	101986236
72520	5	4.90262234994142e-08	101986236
73025	1	9.80524469988284e-09	101986236
74557	3	2.94157340996485e-08	101986236
75379	48	4.70651745594376e-07	101986236
76114	22	2.15715383397422e-07	101986236
76869	20	1.96104893997657e-07	101986236
78245	35	3.43183564495899e-07	101986236
82654	3	2.94157340996485e-08	101986236
83129	1	9.80524469988284e-09	101986236
83406	5	4.90262234994142e-08	101986236
85569	3	2.94157340996485e-08	101986236
85643	43	4.21625522094962e-07	101986236
86416	12	1.17662936398594e-07	101986236
88149	6	5.8831468199297e-08	101986236
90936	1	9.80524469988284e-09	101986236
93059	1	9.80524469988284e-09	101986236
94122	35	3.43183564495899e-07	101986236
96561	1	9.80524469988284e-09	101986236
96563	19	1.86299649297774e-07	101986236
99598	2	1.96104893997657e-08	101986236
100226	11	1.07857691698711e-07	101986236
101510	120	1.17662936398594e-06	101986236
103690	5	4.90262234994142e-08	101986236
105559	2	1.96104893997657e-08	101986236
106370	3	2.94157340996485e-08	101986236
109269	4	3.92209787995313e-08	101986236
110662	3	2.94157340996485e-08	101986236
111780	1	9.80524469988284e-09	101986236
111781	3	2.94157340996485e-08	101986236
114615	46	4.5104125619461e-07	101986236
118163	1	9.80524469988284e-09	101986236
120807	3	2.94157340996485e-08	101986236
122587	6	5.8831468199297e-08	101986236
126793	4	3.92209787995313e-08	101986236
130081	5	4.90262234994142e-08	101986236
134676	6	5.8831468199297e-08	101986236
136089	3	2.94157340996485e-08	101986236
137722	14	1.3727342579836e-07	101986236
138119	1	9.80524469988284e-09	101986236
150340	2	1.96104893997657e-08	101986236
151534	2	1.96104893997657e-08	101986236
151537	2	1.96104893997657e-08	101986236
151538	1	9.80524469988284e-09	101986236
153948	9	8.82472022989455e-08	101986236
154970	1	9.80524469988284e-09	101986236
155864	5	4.90262234994142e-08	101986236
156889	3	2.94157340996485e-08	101986236
158189	9	8.82472022989455e-08	101986236
158190	1	9.80524469988284e-09	101986236
158878	2	1.96104893997657e-08	101986236
158879	3	2.94157340996485e-08	101986236
159087	35	3.43183564495899e-07	101986236
160488	11	1.07857691698711e-07	101986236
160490	1	9.80524469988284e-09	101986236
160491	1	9.80524469988284e-09	101986236
160492	2	1.96104893997657e-08	101986236
160619	91	8.92277267689338e-07	101986236
163164	1	9.80524469988284e-09	101986236
164037	2	1.96104893997657e-08	101986236
164328	1	9.80524469988284e-09	101986236
164756	20	1.96104893997657e-07	101986236
164757	7	6.86367128991799e-08	101986236
167539	1	9.80524469988284e-09	101986236
167879	4	3.92209787995313e-08	101986236
171101	5	4.90262234994142e-08	101986236
172667	2	1.96104893997657e-08	101986236
172968	2	1.96104893997657e-08	101986236
176279	32	3.13767830396251e-07	101986236
176280	37	3.62794053895665e-07	101986236
176299	13	1.27468181098477e-07	101986236
177437	3	2.94157340996485e-08	101986236
179408	380	3.72599298595548e-06	101986236
184922	1	9.80524469988284e-09	101986236
187272	19	1.86299649297774e-07	101986236
187303	9	8.82472022989455e-08	101986236
187420	1	9.80524469988284e-09	101986236
189918	9	8.82472022989455e-08	101986236
190304	2	1.96104893997657e-08	101986236
190485	33	3.23573075096134e-07	101986236
190486	5	4.90262234994142e-08	101986236
190650	36	3.52988809195782e-07	101986236
192952	3	2.94157340996485e-08	101986236
194439	3	2.94157340996485e-08	101986236
194699	1	9.80524469988284e-09	101986236
195099	1	9.80524469988284e-09	101986236
195102	8	7.84419575990627e-08	101986236
195103	55	5.39288458493556e-07	101986236
196162	32	3.13767830396251e-07	101986236
196164	148	1.45117621558266e-06	101986236
196620	2	1.96104893997657e-08	101986236
196627	1	9.80524469988284e-09	101986236
197221	3	2.94157340996485e-08	101986236
197310	2	1.96104893997657e-08	101986236
198215	6	5.8831468199297e-08	101986236
199310	8	7.84419575990627e-08	101986236
203119	12	1.17662936398594e-07	101986236
203120	19	1.86299649297774e-07	101986236
203122	8	7.84419575990627e-08	101986236
203123	3	2.94157340996485e-08	101986236
203124	4	3.92209787995313e-08	101986236
203267	1	9.80524469988284e-09	101986236
203275	19	1.86299649297774e-07	101986236
204669	3	2.94157340996485e-08	101986236
204773	55	5.39288458493556e-07	101986236
205874	1	9.80524469988284e-09	101986236
205913	151	1.48059194968231e-06	101986236
205914	19	1.86299649297774e-07	101986236
205918	24	2.35325872797188e-07	101986236
205922	79	7.74614331290744e-07	101986236
206672	11	1.07857691698711e-07	101986236
207559	13	1.27468181098477e-07	101986236
208435	2	1.96104893997657e-08	101986236
208596	16	1.56883915198125e-07	101986236
208963	23	2.25520628097305e-07	101986236
208964	40	3.92209787995313e-07	101986236
210007	5	4.90262234994142e-08	101986236
211110	1	9.80524469988284e-09	101986236
211586	5	4.90262234994142e-08	101986236
212717	6	5.8831468199297e-08	101986236
213775	1	9.80524469988284e-09	101986236
213810	12	1.17662936398594e-07	101986236
214092	3	2.94157340996485e-08	101986236
214684	13	1.27468181098477e-07	101986236
215689	2	1.96104893997657e-08	101986236
216389	1	9.80524469988284e-09	101986236
216432	9	8.82472022989455e-08	101986236
216591	16	1.56883915198125e-07	101986236
216592	2	1.96104893997657e-08	101986236
216594	7	6.86367128991799e-08	101986236
216595	341	3.34358844266005e-06	101986236
216596	39	3.82404543295431e-07	101986236
216599	6	5.8831468199297e-08	101986236
216895	1	9.80524469988284e-09	101986236
218491	1	9.80524469988284e-09	101986236
218493	1	9.80524469988284e-09	101986236
218495	2	1.96104893997657e-08	101986236
218496	1	9.80524469988284e-09	101986236
220341	26	2.54936362196954e-07	101986236
220664	39	3.82404543295431e-07	101986236
220668	2	1.96104893997657e-08	101986236
221029	1	9.80524469988284e-09	101986236
221109	1	9.80524469988284e-09	101986236
222523	1	9.80524469988284e-09	101986236
223283	30	2.94157340996485e-07	101986236
223926	3	2.94157340996485e-08	101986236
224308	4	3.92209787995313e-08	101986236
224911	50	4.90262234994142e-07	101986236
224914	5	4.90262234994142e-08	101986236
225849	1	9.80524469988284e-09	101986236
226185	9	8.82472022989455e-08	101986236
226186	481	4.71632270064364e-06	101986236
227086	10	9.80524469988283e-08	101986236
227882	7	6.86367128991799e-08	101986236
228400	1	9.80524469988284e-09	101986236
228405	9	8.82472022989455e-08	101986236
228410	6	5.8831468199297e-08	101986236
229533	1	9.80524469988284e-09	101986236
231023	21	2.0591013869754e-07	101986236
232721	697	6.83425555581834e-06	101986236
234267	3	2.94157340996485e-08	101986236
234621	2890	2.83371571826614e-05	101986236
234831	1	9.80524469988284e-09	101986236
240015	2	1.96104893997657e-08	101986236
240292	2	1.96104893997657e-08	101986236
242231	1	9.80524469988284e-09	101986236
242619	3	2.94157340996485e-08	101986236
243090	4	3.92209787995313e-08	101986236
243159	4	3.92209787995313e-08	101986236
243230	13	1.27468181098477e-07	101986236
243231	5	4.90262234994142e-08	101986236
243233	9	8.82472022989455e-08	101986236
243243	7	6.86367128991799e-08	101986236
243273	1	9.80524469988284e-09	101986236
243277	2	1.96104893997657e-08	101986236
243365	25	2.45131117497071e-07	101986236
245014	152	1.49039719438219e-06	101986236
245018	526	5.15755871213837e-06	101986236
246195	7	6.86367128991799e-08	101986236
246196	16	1.56883915198125e-07	101986236
246197	34	3.33378319796016e-07	101986236
246198	4	3.92209787995313e-08	101986236
247156	10	9.80524469988283e-08	101986236
251229	6	5.8831468199297e-08	101986236
257310	23	2.25520628097305e-07	101986236
257311	9	8.82472022989455e-08	101986236
257313	10	9.80524469988283e-08	101986236
258594	12	1.17662936398594e-07	101986236
259536	241	2.36306397267176e-06	101986236
261292	88	8.62861533589689e-07	101986236
261658	2	1.96104893997657e-08	101986236
262316	2	1.96104893997657e-08	101986236
262724	45	4.41236011494728e-07	101986236
262768	2	1.96104893997657e-08	101986236
263358	3	2.94157340996485e-08	101986236
263374	1	9.80524469988284e-09	101986236
264198	34	3.33378319796016e-07	101986236
264199	4	3.92209787995313e-08	101986236
264201	7	6.86367128991799e-08	101986236
264462	7	6.86367128991799e-08	101986236
264730	21	2.0591013869754e-07	101986236
264731	10	9.80524469988283e-08	101986236
265072	24	2.35325872797188e-07	101986236
265311	3	2.94157340996485e-08	101986236
266117	2	1.96104893997657e-08	101986236
266264	54	5.29483213793673e-07	101986236
266265	30	2.94157340996485e-07	101986236
266779	40	3.92209787995313e-07	101986236
266834	12	1.17662936398594e-07	101986236
266835	14	1.3727342579836e-07	101986236
266940	18	1.76494404597891e-07	101986236
267608	45	4.41236011494728e-07	101986236
267747	14	1.3727342579836e-07	101986236
267748	1	9.80524469988284e-09	101986236
269084	1	9.80524469988284e-09	101986236
269482	24	2.35325872797188e-07	101986236
269797	1	9.80524469988284e-09	101986236
269798	68	6.66756639592033e-07	101986236
269799	3	2.94157340996485e-08	101986236
269800	6	5.8831468199297e-08	101986236
271848	6	5.8831468199297e-08	101986236
272123	3	2.94157340996485e-08	101986236
272559	54	5.29483213793673e-07	101986236
272562	4	3.92209787995313e-08	101986236
272563	40	3.92209787995313e-07	101986236
272564	8	7.84419575990627e-08	101986236
272568	17	1.66689159898008e-07	101986236
272620	65	6.37340905492384e-07	101986236
272621	13	1.27468181098477e-07	101986236
272622	36	3.52988809195782e-07	101986236
272623	27	2.64741606896837e-07	101986236
272624	2	1.96104893997657e-08	101986236
272626	4	3.92209787995313e-08	101986236
272630	27	2.64741606896837e-07	101986236
272631	2	1.96104893997657e-08	101986236
272632	5	4.90262234994142e-08	101986236
272831	12	1.17662936398594e-07	101986236
272843	1	9.80524469988284e-09	101986236
272942	16	1.56883915198125e-07	101986236
272943	3	2.94157340996485e-08	101986236
272947	2	1.96104893997657e-08	101986236
273119	54	5.29483213793673e-07	101986236
273121	1	9.80524469988284e-09	101986236
273123	1	9.80524469988284e-09	101986236
278137	7	6.86367128991799e-08	101986236
278197	10	9.80524469988283e-08	101986236
279010	2	1.96104893997657e-08	101986236
279238	28	2.74546851596719e-07	101986236
279808	7	6.86367128991799e-08	101986236
280463	18	1.76494404597891e-07	101986236
280699	6	5.8831468199297e-08	101986236
281090	11	1.07857691698711e-07	101986236
281310	1	9.80524469988284e-09	101986236
284590	6	5.8831468199297e-08	101986236
284591	3	2.94157340996485e-08	101986236
284592	9	8.82472022989455e-08	101986236
284593	4	3.92209787995313e-08	101986236
284811	2	1.96104893997657e-08	101986236
284812	29	2.84352096296602e-07	101986236
288000	39	3.82404543295431e-07	101986236
288705	4	3.92209787995313e-08	101986236
289376	1	9.80524469988284e-09	101986236
289380	11	1.07857691698711e-07	101986236
290315	2	1.96104893997657e-08	101986236
290317	3	2.94157340996485e-08	101986236
290318	1	9.80524469988284e-09	101986236
290339	17	1.66689159898008e-07	101986236
290340	55	5.39288458493556e-07	101986236
290397	3	2.94157340996485e-08	101986236
290398	4	3.92209787995313e-08	101986236
290399	38	3.72599298595548e-07	101986236
290400	1	9.80524469988284e-09	101986236
290402	62	6.07925171392736e-07	101986236
291331	16	1.56883915198125e-07	101986236
292415	19	1.86299649297774e-07	101986236
292459	13	1.27468181098477e-07	101986236
292563	1	9.80524469988284e-09	101986236
292564	9	8.82472022989455e-08	101986236
293613	3	2.94157340996485e-08	101986236
293826	14	1.3727342579836e-07	101986236
294381	2	1.96104893997657e-08	101986236
295405	181	1.77474929067879e-06	101986236
296543	77	7.55003841890978e-07	101986236
296591	302	2.96118389936462e-06	101986236
297245	1	9.80524469988284e-09	101986236
298386	1	9.80524469988284e-09	101986236
298653	13	1.27468181098477e-07	101986236
298654	7	6.86367128991799e-08	101986236
299768	2	1.96104893997657e-08	101986236
300267	2	1.96104893997657e-08	101986236
300268	1	9.80524469988284e-09	101986236
300269	6	5.8831468199297e-08	101986236
300852	40	3.92209787995313e-07	101986236
304863	1	9.80524469988284e-09	101986236
306263	1	9.80524469988284e-09	101986236
306537	3	2.94157340996485e-08	101986236
309798	2	1.96104893997657e-08	101986236
311402	6	5.8831468199297e-08	101986236
311403	7	6.86367128991799e-08	101986236
311424	1	9.80524469988284e-09	101986236
312153	22	2.15715383397422e-07	101986236
312309	2	1.96104893997657e-08	101986236
313595	6	5.8831468199297e-08	101986236
313596	2	1.96104893997657e-08	101986236
313598	12	1.17662936398594e-07	101986236
313603	4	3.92209787995313e-08	101986236
314225	10	9.80524469988283e-08	101986236
314260	1	9.80524469988284e-09	101986236
314315	5	4.90262234994142e-08	101986236
314565	26	2.54936362196954e-07	101986236
314723	1	9.80524469988284e-09	101986236
315456	1	9.80524469988284e-09	101986236
315730	4	3.92209787995313e-08	101986236
315749	1	9.80524469988284e-09	101986236
315750	1	9.80524469988284e-09	101986236
316055	49	4.80456990294259e-07	101986236
316056	22	2.15715383397422e-07	101986236
316057	29	2.84352096296602e-07	101986236
316058	25	2.45131117497071e-07	101986236
316273	8	7.84419575990627e-08	101986236
316278	3	2.94157340996485e-08	101986236
316385	27	2.64741606896837e-07	101986236
316401	2	1.96104893997657e-08	101986236
317025	2	1.96104893997657e-08	101986236
317655	45	4.41236011494728e-07	101986236
317936	1	9.80524469988284e-09	101986236
318167	20	1.96104893997657e-07	101986236
318586	24	2.35325872797188e-07	101986236
319224	3	2.94157340996485e-08	101986236
319795	9	8.82472022989455e-08	101986236
320372	1	9.80524469988284e-09	101986236
320373	4	3.92209787995313e-08	101986236
320388	34	3.33378319796016e-07	101986236
320389	5	4.90262234994142e-08	101986236
321314	3	2.94157340996485e-08	101986236
321332	2	1.96104893997657e-08	101986236
321956	7	6.86367128991799e-08	101986236
321967	15	1.47078670498243e-07	101986236
322098	2	1.96104893997657e-08	101986236
322159	117	1.14721362988629e-06	101986236
322710	15	1.47078670498243e-07	101986236
323097	21	2.0591013869754e-07	101986236
323098	8	7.84419575990627e-08	101986236
323259	6	5.8831468199297e-08	101986236
323261	1	9.80524469988284e-09	101986236
323848	2	1.96104893997657e-08	101986236
323850	2	1.96104893997657e-08	101986236
324057	1	9.80524469988284e-09	101986236
324602	4	3.92209787995313e-08	101986236
324831	33	3.23573075096134e-07	101986236
325240	5	4.90262234994142e-08	101986236
326297	1	9.80524469988284e-09	101986236
326298	14	1.3727342579836e-07	101986236
326423	5	4.90262234994142e-08	101986236
326424	18	1.76494404597891e-07	101986236
326425	5	4.90262234994142e-08	101986236
326426	8	7.84419575990627e-08	101986236
326427	1	9.80524469988284e-09	101986236
326442	2	1.96104893997657e-08	101986236
329726	5	4.90262234994142e-08	101986236
330214	13	1.27468181098477e-07	101986236
330879	6	5.8831468199297e-08	101986236
331104	2	1.96104893997657e-08	101986236
331111	48	4.70651745594376e-07	101986236
331112	32	3.13767830396251e-07	101986236
331271	79	7.74614331290744e-07	101986236
331272	20	1.96104893997657e-07	101986236
331678	1	9.80524469988284e-09	101986236
333849	4	3.92209787995313e-08	101986236
334390	5	4.90262234994142e-08	101986236
334413	8	7.84419575990627e-08	101986236
335283	17	1.66689159898008e-07	101986236
335284	280	2.74546851596719e-06	101986236
335541	9	8.82472022989455e-08	101986236
335543	5	4.90262234994142e-08	101986236
335659	42	4.11820277395079e-07	101986236
336407	2	1.96104893997657e-08	101986236
337191	9	8.82472022989455e-08	101986236
338187	4	3.92209787995313e-08	101986236
338963	2	1.96104893997657e-08	101986236
338966	24	2.35325872797188e-07	101986236
338969	178	1.74533355657914e-06	101986236
339670	206	2.01988040817586e-06	101986236
339671	2	1.96104893997657e-08	101986236
340099	1	9.80524469988284e-09	101986236
340100	90	8.82472022989455e-07	101986236
340322	58	5.68704192593204e-07	101986236
342108	12	1.17662936398594e-07	101986236
342109	6	5.8831468199297e-08	101986236
342451	8	7.84419575990627e-08	101986236
342610	4	3.92209787995313e-08	101986236
343509	2	1.96104893997657e-08	101986236
344609	21	2.0591013869754e-07	101986236
345073	1	9.80524469988284e-09	101986236
345219	8	7.84419575990627e-08	101986236
347253	34	3.33378319796016e-07	101986236
347515	5	4.90262234994142e-08	101986236
347834	2	1.96104893997657e-08	101986236
348058	7	6.86367128991799e-08	101986236
349101	9	8.82472022989455e-08	101986236
349102	13	1.27468181098477e-07	101986236
349106	102	1.00013495938805e-06	101986236
349124	8	7.84419575990627e-08	101986236
349161	1	9.80524469988284e-09	101986236
349163	11	1.07857691698711e-07	101986236
349215	1	9.80524469988284e-09	101986236
349519	2	1.96104893997657e-08	101986236
349520	4	3.92209787995313e-08	101986236
349521	5	4.90262234994142e-08	101986236
349741	74	7.2558810779133e-07	101986236
349747	5	4.90262234994142e-08	101986236
350054	10	9.80524469988283e-08	101986236
350058	5	4.90262234994142e-08	101986236
350688	6	5.8831468199297e-08	101986236
351348	25	2.45131117497071e-07	101986236
351605	8	7.84419575990627e-08	101986236
351607	2	1.96104893997657e-08	101986236
351627	2	1.96104893997657e-08	101986236
351745	11	1.07857691698711e-07	101986236
351746	27	2.64741606896837e-07	101986236
352472	2	1.96104893997657e-08	101986236
352914	3	2.94157340996485e-08	101986236
353151	4	3.92209787995313e-08	101986236
353152	4	3.92209787995313e-08	101986236
353153	6	5.8831468199297e-08	101986236
353154	1	9.80524469988284e-09	101986236
353496	1	9.80524469988284e-09	101986236
354242	12	1.17662936398594e-07	101986236
355276	1	9.80524469988284e-09	101986236
355277	1	9.80524469988284e-09	101986236
355278	8	7.84419575990627e-08	101986236
357348	13	1.27468181098477e-07	101986236
357544	1	9.80524469988284e-09	101986236
357804	3	2.94157340996485e-08	101986236
357808	1	9.80524469988284e-09	101986236
357809	84	8.23640554790158e-07	101986236
358220	879	8.61881009119701e-06	101986236
359786	21	2.0591013869754e-07	101986236
359787	2	1.96104893997657e-08	101986236
360094	21	2.0591013869754e-07	101986236
360095	6	5.8831468199297e-08	101986236
360102	17	1.66689159898008e-07	101986236
360106	2	1.96104893997657e-08	101986236
360107	1	9.80524469988284e-09	101986236
360109	1	9.80524469988284e-09	101986236
360115	1	9.80524469988284e-09	101986236
360910	14	1.3727342579836e-07	101986236
360911	5	4.90262234994142e-08	101986236
361100	1	9.80524469988284e-09	101986236
362242	7	6.86367128991799e-08	101986236
362663	82	8.04030065390392e-07	101986236
362948	7	6.86367128991799e-08	101986236
365044	1104	1.08249901486707e-05	101986236
365046	170	1.66689159898008e-06	101986236
365659	8	7.84419575990627e-08	101986236
366394	11	1.07857691698711e-07	101986236
366602	22	2.15715383397422e-07	101986236
367737	103	1.00994020408793e-06	101986236
367775	21	2.0591013869754e-07	101986236
367928	221	2.16695907867411e-06	101986236
368407	2	1.96104893997657e-08	101986236
369723	6	5.8831468199297e-08	101986236
370354	1	9.80524469988284e-09	101986236
370438	5	4.90262234994142e-08	101986236
372461	1	9.80524469988284e-09	101986236
373153	13	1.27468181098477e-07	101986236
373384	72	7.05977618391564e-07	101986236
373414	1	9.80524469988284e-09	101986236
373903	1	9.80524469988284e-09	101986236
373994	2	1.96104893997657e-08	101986236
374833	3	2.94157340996485e-08	101986236
374930	2	1.96104893997657e-08	101986236
374931	1	9.80524469988284e-09	101986236
375286	25	2.45131117497071e-07	101986236
375451	3	2.94157340996485e-08	101986236
376686	423	4.14761850805044e-06	101986236
377628	6	5.8831468199297e-08	101986236
377629	4	3.92209787995313e-08	101986236
378753	14	1.3727342579836e-07	101986236
378806	6	5.8831468199297e-08	101986236
379066	4	3.92209787995313e-08	101986236
379329	1	9.80524469988284e-09	101986236
379731	61	5.98119926692853e-07	101986236
380358	13	1.27468181098477e-07	101986236
380394	4	3.92209787995313e-08	101986236
380703	51	5.00067479694025e-07	101986236
381666	94	9.21693001788987e-07	101986236
381754	37	3.62794053895665e-07	101986236
382245	183	1.79435978007856e-06	101986236
382638	3	2.94157340996485e-08	101986236
382640	1	9.80524469988284e-09	101986236
383372	3	2.94157340996485e-08	101986236
383407	11	1.07857691698711e-07	101986236
383629	1	9.80524469988284e-09	101986236
384676	58	5.68704192593204e-07	101986236
385025	2	1.96104893997657e-08	101986236
386043	18	1.76494404597891e-07	101986236
386415	10	9.80524469988283e-08	101986236
386585	16	1.56883915198125e-07	101986236
386656	6	5.8831468199297e-08	101986236
387092	1	9.80524469988284e-09	101986236
387093	2	1.96104893997657e-08	101986236
387344	13	1.27468181098477e-07	101986236
388396	2	1.96104893997657e-08	101986236
388919	11	1.07857691698711e-07	101986236
390235	20	1.96104893997657e-07	101986236
390236	1	9.80524469988284e-09	101986236
390333	34	3.33378319796016e-07	101986236
390874	2	1.96104893997657e-08	101986236
391008	17	1.66689159898008e-07	101986236
391037	13	1.27468181098477e-07	101986236
391038	11	1.07857691698711e-07	101986236
391165	13	1.27468181098477e-07	101986236
391295	9	8.82472022989455e-08	101986236
391296	7	6.86367128991799e-08	101986236
391595	4	3.92209787995313e-08	101986236
391616	1	9.80524469988284e-09	101986236
391619	1	9.80524469988284e-09	101986236
391626	3	2.94157340996485e-08	101986236
391735	160	1.56883915198125e-06	101986236
391774	2	1.96104893997657e-08	101986236
391896	3	2.94157340996485e-08	101986236
391904	63	6.17730416092619e-07	101986236
392300	1	9.80524469988284e-09	101986236
392499	47	4.60846500894493e-07	101986236
392500	2	1.96104893997657e-08	101986236
393011	12	1.17662936398594e-07	101986236
393115	6	5.8831468199297e-08	101986236
393305	21	2.0591013869754e-07	101986236
393595	13	1.27468181098477e-07	101986236
393598	1	9.80524469988284e-09	101986236
394221	8	7.84419575990627e-08	101986236
394503	6	5.8831468199297e-08	101986236
395019	129	1.26487656628489e-06	101986236
395491	5	4.90262234994142e-08	101986236
395492	7	6.86367128991799e-08	101986236
395494	11	1.07857691698711e-07	101986236
395495	224	2.19637481277376e-06	101986236
395960	30	2.94157340996485e-07	101986236
395961	3	2.94157340996485e-08	101986236
395962	1	9.80524469988284e-09	101986236
395963	1	9.80524469988284e-09	101986236
395965	7	6.86367128991799e-08	101986236
396588	21	2.0591013869754e-07	101986236
396595	4	3.92209787995313e-08	101986236
397945	259	2.53955837726965e-06	101986236
398511	1	9.80524469988284e-09	101986236
398527	22	2.15715383397422e-07	101986236
398577	14	1.3727342579836e-07	101986236
398578	408	4.0005398375522e-06	101986236
398580	8	7.84419575990627e-08	101986236
399599	2	1.96104893997657e-08	101986236
399726	1	9.80524469988284e-09	101986236
399739	65	6.37340905492384e-07	101986236
399741	3	2.94157340996485e-08	101986236
399742	13	1.27468181098477e-07	101986236
399781	1	9.80524469988284e-09	101986236
399804	5	4.90262234994142e-08	101986236
400667	187	1.83358075887809e-06	101986236
400668	5	4.90262234994142e-08	101986236
400673	3	2.94157340996485e-08	101986236
400756	74	7.2558810779133e-07	101986236
401053	7	6.86367128991799e-08	101986236
401473	15	1.47078670498243e-07	101986236
401614	4	3.92209787995313e-08	101986236
402612	295	2.89254718646544e-06	101986236
402626	55	5.39288458493556e-07	101986236
402881	21	2.0591013869754e-07	101986236
402882	3	2.94157340996485e-08	101986236
403677	89	8.72666778289572e-07	101986236
403833	3	2.94157340996485e-08	101986236
404380	5	4.90262234994142e-08	101986236
404589	12	1.17662936398594e-07	101986236
405416	96	9.41303491188752e-07	101986236
405440	7	6.86367128991799e-08	101986236
405441	2	1.96104893997657e-08	101986236
405532	1	9.80524469988284e-09	101986236
405534	4	3.92209787995313e-08	101986236
405535	1	9.80524469988284e-09	101986236
405566	7	6.86367128991799e-08	101986236
405948	21	2.0591013869754e-07	101986236
405955	66	6.47146150192267e-07	101986236
406425	5	4.90262234994142e-08	101986236
406817	1	9.80524469988284e-09	101986236
407148	1	9.80524469988284e-09	101986236
407976	3	2.94157340996485e-08	101986236
409438	8	7.84419575990627e-08	101986236
410289	6	5.8831468199297e-08	101986236
410358	3	2.94157340996485e-08	101986236
411154	31	3.03962585696368e-07	101986236
412022	13	1.27468181098477e-07	101986236
412030	3	2.94157340996485e-08	101986236
412419	1	9.80524469988284e-09	101986236
412694	7	6.86367128991799e-08	101986236
412965	3	2.94157340996485e-08	101986236
413404	3	2.94157340996485e-08	101986236
413997	3	2.94157340996485e-08	101986236
413999	6	5.8831468199297e-08	101986236
414684	19	1.86299649297774e-07	101986236
416344	7	6.86367128991799e-08	101986236
416870	18	1.76494404597891e-07	101986236
418136	1	9.80524469988284e-09	101986236
419610	35	3.43183564495899e-07	101986236
419947	3	2.94157340996485e-08	101986236
420245	2	1.96104893997657e-08	101986236
420246	5	4.90262234994142e-08	101986236
420247	58	5.68704192593204e-07	101986236
420662	187	1.83358075887809e-06	101986236
420890	1	9.80524469988284e-09	101986236
423211	2	1.96104893997657e-08	101986236
423212	2	1.96104893997657e-08	101986236
423368	39	3.82404543295431e-07	101986236
423536	23	2.25520628097305e-07	101986236
424182	13	1.27468181098477e-07	101986236
425011	34	3.33378319796016e-07	101986236
425104	1	9.80524469988284e-09	101986236
426114	25	2.45131117497071e-07	101986236
426117	24	2.35325872797188e-07	101986236
426355	36	3.52988809195782e-07	101986236
426430	11	1.07857691698711e-07	101986236
428406	59	5.78509437293087e-07	101986236
430066	2	1.96104893997657e-08	101986236
431895	11	1.07857691698711e-07	101986236
431943	7	6.86367128991799e-08	101986236
431946	2	1.96104893997657e-08	101986236
431947	8	7.84419575990627e-08	101986236
434131	1	9.80524469988284e-09	101986236
434922	2	1.96104893997657e-08	101986236
434924	1	9.80524469988284e-09	101986236
435258	3	2.94157340996485e-08	101986236
435590	2574	2.52386998574984e-05	101986236
435591	330	3.23573075096134e-06	101986236
435998	5	4.90262234994142e-08	101986236
436308	6	5.8831468199297e-08	101986236
436717	52	5.09872724393907e-07	101986236
438753	19	1.86299649297774e-07	101986236
439375	14	1.3727342579836e-07	101986236
439843	25	2.45131117497071e-07	101986236
439855	27	2.64741606896837e-07	101986236
440085	15	1.47078670498243e-07	101986236
441375	10	9.80524469988283e-08	101986236
441620	28	2.74546851596719e-07	101986236
441768	59	5.78509437293087e-07	101986236
441952	1	9.80524469988284e-09	101986236
442563	11	1.07857691698711e-07	101986236
443143	9	8.82472022989455e-08	101986236
443144	4	3.92209787995313e-08	101986236
443218	1	9.80524469988284e-09	101986236
443906	28	2.74546851596719e-07	101986236
444177	8	7.84419575990627e-08	101986236
444178	7	6.86367128991799e-08	101986236
444450	5	4.90262234994142e-08	101986236
445932	1	9.80524469988284e-09	101986236
446462	15	1.47078670498243e-07	101986236
446465	12	1.17662936398594e-07	101986236
446466	13	1.27468181098477e-07	101986236
446468	4	3.92209787995313e-08	101986236
446469	25	2.45131117497071e-07	101986236
446470	8	7.84419575990627e-08	101986236
446471	12	1.17662936398594e-07	101986236
447217	8	7.84419575990627e-08	101986236
448385	12	1.17662936398594e-07	101986236
449447	6	5.8831468199297e-08	101986236
450851	17	1.66689159898008e-07	101986236
451516	2	1.96104893997657e-08	101986236
452637	7	6.86367128991799e-08	101986236
452638	17	1.66689159898008e-07	101986236
452652	13	1.27468181098477e-07	101986236
452662	25	2.45131117497071e-07	101986236
452863	10	9.80524469988283e-08	101986236
454169	20	1.96104893997657e-07	101986236
455488	7	6.86367128991799e-08	101986236
455632	12	1.17662936398594e-07	101986236
456481	8	7.84419575990627e-08	101986236
457425	6	5.8831468199297e-08	101986236
457570	3	2.94157340996485e-08	101986236
458233	2	1.96104893997657e-08	101986236
458817	1	9.80524469988284e-09	101986236
459349	181	1.77474929067879e-06	101986236
460265	16	1.56883915198125e-07	101986236
464988	15	1.47078670498243e-07	101986236
465515	47	4.60846500894493e-07	101986236
467705	7	6.86367128991799e-08	101986236
469008	1	9.80524469988284e-09	101986236
469371	5	4.90262234994142e-08	101986236
469383	8	7.84419575990627e-08	101986236
469604	1	9.80524469988284e-09	101986236
469607	1	9.80524469988284e-09	101986236
470137	1	9.80524469988284e-09	101986236
471223	7	6.86367128991799e-08	101986236
471852	7	6.86367128991799e-08	101986236
471853	7	6.86367128991799e-08	101986236
471854	28	2.74546851596719e-07	101986236
471855	7	6.86367128991799e-08	101986236
471856	5	4.90262234994142e-08	101986236
471857	5	4.90262234994142e-08	101986236
474186	2	1.96104893997657e-08	101986236
477641	24	2.35325872797188e-07	101986236
477974	1	9.80524469988284e-09	101986236
478433	2	1.96104893997657e-08	101986236
478434	3	2.94157340996485e-08	101986236
478801	31	3.03962585696368e-07	101986236
479431	29	2.84352096296602e-07	101986236
479432	11	1.07857691698711e-07	101986236
479433	10	9.80524469988283e-08	101986236
479434	1	9.80524469988284e-09	101986236
479435	15	1.47078670498243e-07	101986236
479436	9	8.82472022989455e-08	101986236
479437	27	2.64741606896837e-07	101986236
480119	36	3.52988809195782e-07	101986236
481743	5	4.90262234994142e-08	101986236
481805	84	8.23640554790158e-07	101986236
481877	9	8.82472022989455e-08	101986236
482058	1	9.80524469988284e-09	101986236
482957	17	1.66689159898008e-07	101986236
483179	4	3.92209787995313e-08	101986236
483219	8	7.84419575990627e-08	101986236
484020	15	1.47078670498243e-07	101986236
484021	46	4.5104125619461e-07	101986236
484022	2	1.96104893997657e-08	101986236
484906	10	9.80524469988283e-08	101986236
485914	2	1.96104893997657e-08	101986236
485915	2	1.96104893997657e-08	101986236
485916	8	7.84419575990627e-08	101986236
485917	64	6.27535660792501e-07	101986236
485918	27	2.64741606896837e-07	101986236
486410	5	4.90262234994142e-08	101986236
487148	1	9.80524469988284e-09	101986236
487213	3	2.94157340996485e-08	101986236
487214	1	9.80524469988284e-09	101986236
487521	11	1.07857691698711e-07	101986236
488221	1	9.80524469988284e-09	101986236
488222	1	9.80524469988284e-09	101986236
488223	1	9.80524469988284e-09	101986236
491077	7	6.86367128991799e-08	101986236
491915	12	1.17662936398594e-07	101986236
491916	13	1.27468181098477e-07	101986236
494269	2	1.96104893997657e-08	101986236
497978	62	6.07925171392736e-07	101986236
498211	7	6.86367128991799e-08	101986236
498213	1	9.80524469988284e-09	101986236
498216	1	9.80524469988284e-09	101986236
498217	2	1.96104893997657e-08	101986236
498761	9	8.82472022989455e-08	101986236
502025	9	8.82472022989455e-08	101986236
502558	7	6.86367128991799e-08	101986236
502801	2	1.96104893997657e-08	101986236
504472	8	7.84419575990627e-08	101986236
504474	10	9.80524469988283e-08	101986236
504728	72	7.05977618391564e-07	101986236
504832	30	2.94157340996485e-07	101986236
505682	15	1.47078670498243e-07	101986236
507522	16	1.56883915198125e-07	101986236
508765	1	9.80524469988284e-09	101986236
508767	7	6.86367128991799e-08	101986236
508771	8	7.84419575990627e-08	101986236
509169	43	4.21625522094962e-07	101986236
509170	74	7.2558810779133e-07	101986236
509173	315	3.08865208046309e-06	101986236
509190	24	2.35325872797188e-07	101986236
510516	14	1.3727342579836e-07	101986236
511051	1	9.80524469988284e-09	101986236
511062	4	3.92209787995313e-08	101986236
511437	4	3.92209787995313e-08	101986236
511691	5	4.90262234994142e-08	101986236
511995	2	1.96104893997657e-08	101986236
512564	1	9.80524469988284e-09	101986236
512565	4	3.92209787995313e-08	101986236
512566	1	9.80524469988284e-09	101986236
515619	818	8.02069016450416e-06	101986236
515620	159	1.55903390728137e-06	101986236
515622	13	1.27468181098477e-07	101986236
516950	10	9.80524469988283e-08	101986236
517417	5	4.90262234994142e-08	101986236
518766	2	1.96104893997657e-08	101986236
521006	2	1.96104893997657e-08	101986236
521045	2	1.96104893997657e-08	101986236
521095	3	2.94157340996485e-08	101986236
521096	8	7.84419575990627e-08	101986236
521097	16	1.56883915198125e-07	101986236
521674	3	2.94157340996485e-08	101986236
522306	39	3.82404543295431e-07	101986236
522373	25	2.45131117497071e-07	101986236
523791	4	3.92209787995313e-08	101986236
523794	1	9.80524469988284e-09	101986236
525146	7	6.86367128991799e-08	101986236
525284	47	4.60846500894493e-07	101986236
525381	4	3.92209787995313e-08	101986236
525897	1	9.80524469988284e-09	101986236
525898	5	4.90262234994142e-08	101986236
525904	2	1.96104893997657e-08	101986236
525909	1	9.80524469988284e-09	101986236
525919	2	1.96104893997657e-08	101986236
526224	1	9.80524469988284e-09	101986236
526225	11	1.07857691698711e-07	101986236
526226	33	3.23573075096134e-07	101986236
526227	34	3.33378319796016e-07	101986236
529507	3	2.94157340996485e-08	101986236
530564	2	1.96104893997657e-08	101986236
531844	33	3.23573075096134e-07	101986236
535289	254	2.49053215377024e-06	101986236
536019	17	1.66689159898008e-07	101986236
536056	19	1.86299649297774e-07	101986236
536230	1	9.80524469988284e-09	101986236
537457	5	4.90262234994142e-08	101986236
537973	2	1.96104893997657e-08	101986236
543728	315	3.08865208046309e-06	101986236
543734	10	9.80524469988283e-08	101986236
543891	57	5.58898947893322e-07	101986236
543913	71	6.96172373691681e-07	101986236
544404	1	9.80524469988284e-09	101986236
544556	7	6.86367128991799e-08	101986236
545693	3	2.94157340996485e-08	101986236
546269	2	1.96104893997657e-08	101986236
546271	1	9.80524469988284e-09	101986236
546342	3	2.94157340996485e-08	101986236
546414	7	6.86367128991799e-08	101986236
548473	1	9.80524469988284e-09	101986236
548476	9	8.82472022989455e-08	101986236
548479	6	5.8831468199297e-08	101986236
550540	1	9.80524469988284e-09	101986236
550542	4	3.92209787995313e-08	101986236
551115	4	3.92209787995313e-08	101986236
551895	1	9.80524469988284e-09	101986236
552811	1	9.80524469988284e-09	101986236
553174	13	1.27468181098477e-07	101986236
553190	22	2.15715383397422e-07	101986236
553199	576	5.64782094713251e-06	101986236
553482	1	9.80524469988284e-09	101986236
555079	1	9.80524469988284e-09	101986236
555778	5	4.90262234994142e-08	101986236
556484	33	3.23573075096134e-07	101986236
557433	11	1.07857691698711e-07	101986236
557436	15	1.47078670498243e-07	101986236
557598	19	1.86299649297774e-07	101986236
557600	27	2.64741606896837e-07	101986236
557722	17	1.66689159898008e-07	101986236
557723	1	9.80524469988284e-09	101986236
557760	6	5.8831468199297e-08	101986236
559292	139	1.36292901328371e-06	101986236
559295	11	1.07857691698711e-07	101986236
559307	4	3.92209787995313e-08	101986236
561229	1	9.80524469988284e-09	101986236
561230	2	1.96104893997657e-08	101986236
561231	4	3.92209787995313e-08	101986236
561276	2	1.96104893997657e-08	101986236
561304	1	9.80524469988284e-09	101986236
565034	4	3.92209787995313e-08	101986236
565040	118	1.15701887458617e-06	101986236
565042	67	6.5695139489215e-07	101986236
565050	27	2.64741606896837e-07	101986236
565575	151	1.48059194968231e-06	101986236
565655	3	2.94157340996485e-08	101986236
566546	3	2.94157340996485e-08	101986236
567106	3	2.94157340996485e-08	101986236
568704	1	9.80524469988284e-09	101986236
568706	4	3.92209787995313e-08	101986236
568707	13	1.27468181098477e-07	101986236
568814	6	5.8831468199297e-08	101986236
568816	18	1.76494404597891e-07	101986236
570417	3	2.94157340996485e-08	101986236
571800	412	4.03976081635173e-06	101986236
572307	2	1.96104893997657e-08	101986236
572477	16	1.56883915198125e-07	101986236
572479	3	2.94157340996485e-08	101986236
572480	26	2.54936362196954e-07	101986236
572547	1	9.80524469988284e-09	101986236
573059	3	2.94157340996485e-08	101986236
573061	7	6.86367128991799e-08	101986236
573062	1	9.80524469988284e-09	101986236
573065	2	1.96104893997657e-08	101986236
573370	5	4.90262234994142e-08	101986236
573729	4	3.92209787995313e-08	101986236
574521	7	6.86367128991799e-08	101986236
575540	11	1.07857691698711e-07	101986236
575614	11	1.07857691698711e-07	101986236
577650	4	3.92209787995313e-08	101986236
578455	13	1.27468181098477e-07	101986236
579112	1	9.80524469988284e-09	101986236
579405	6	5.8831468199297e-08	101986236
580050	7	6.86367128991799e-08	101986236
580327	6	5.8831468199297e-08	101986236
580332	20	1.96104893997657e-07	101986236
582744	7	6.86367128991799e-08	101986236
582899	9	8.82472022989455e-08	101986236
583345	21	2.0591013869754e-07	101986236
583346	3	2.94157340996485e-08	101986236
583355	13	1.27468181098477e-07	101986236
584721	1	9.80524469988284e-09	101986236
585034	4	3.92209787995313e-08	101986236
585035	5	4.90262234994142e-08	101986236
585054	8	7.84419575990627e-08	101986236
585055	6	5.8831468199297e-08	101986236
585056	7	6.86367128991799e-08	101986236
585057	17	1.66689159898008e-07	101986236
585394	331	3.24553599566122e-06	101986236
585395	2	1.96104893997657e-08	101986236
585396	23	2.25520628097305e-07	101986236
585397	5	4.90262234994142e-08	101986236
590409	1	9.80524469988284e-09	101986236
590739	3	2.94157340996485e-08	101986236
590998	18	1.76494404597891e-07	101986236
591001	6	5.8831468199297e-08	101986236
591020	2	1.96104893997657e-08	101986236
591167	4	3.92209787995313e-08	101986236
591365	2	1.96104893997657e-08	101986236
591946	1	9.80524469988284e-09	101986236
592022	1	9.80524469988284e-09	101986236
592029	6	5.8831468199297e-08	101986236
592316	2	1.96104893997657e-08	101986236
593588	1	9.80524469988284e-09	101986236
593750	1	9.80524469988284e-09	101986236
593907	12	1.17662936398594e-07	101986236
595494	24	2.35325872797188e-07	101986236
595495	31	3.03962585696368e-07	101986236
595496	6	5.8831468199297e-08	101986236
595528	7	6.86367128991799e-08	101986236
595537	239	2.343453483272e-06	101986236
596153	245	2.40228495147129e-06	101986236
596154	191	1.87280173767762e-06	101986236
598659	6	5.8831468199297e-08	101986236
604162	3	2.94157340996485e-08	101986236
608538	2	1.96104893997657e-08	101986236
610130	50	4.90262234994142e-07	101986236
617121	1	9.80524469988284e-09	101986236
622759	11	1.07857691698711e-07	101986236
626418	23	2.25520628097305e-07	101986236
627192	21	2.0591013869754e-07	101986236
630588	1	9.80524469988284e-09	101986236
632772	26	2.54936362196954e-07	101986236
633147	4	3.92209787995313e-08	101986236
633149	31	3.03962585696368e-07	101986236
633699	9	8.82472022989455e-08	101986236
634176	1	9.80524469988284e-09	101986236
634177	1	9.80524469988284e-09	101986236
634452	1	9.80524469988284e-09	101986236
634456	1	9.80524469988284e-09	101986236
634498	4	3.92209787995313e-08	101986236
634499	4	3.92209787995313e-08	101986236
634500	17	1.66689159898008e-07	101986236
634503	2	1.96104893997657e-08	101986236
637379	35	3.43183564495899e-07	101986236
637887	2	1.96104893997657e-08	101986236
637905	2	1.96104893997657e-08	101986236
637909	6	5.8831468199297e-08	101986236
637910	2	1.96104893997657e-08	101986236
639283	9	8.82472022989455e-08	101986236
640081	58	5.68704192593204e-07	101986236
640131	11	1.07857691698711e-07	101986236
640132	5	4.90262234994142e-08	101986236
640510	11	1.07857691698711e-07	101986236
640511	14	1.3727342579836e-07	101986236
640512	10	9.80524469988283e-08	101986236
640513	4	3.92209787995313e-08	101986236
641491	1	9.80524469988284e-09	101986236
642492	6	5.8831468199297e-08	101986236
643561	152	1.49039719438219e-06	101986236
643562	1	9.80524469988284e-09	101986236
643648	2	1.96104893997657e-08	101986236
643867	6	5.8831468199297e-08	101986236
644042	8	7.84419575990627e-08	101986236
644282	6	5.8831468199297e-08	101986236
644283	6	5.8831468199297e-08	101986236
644284	3	2.94157340996485e-08	101986236
644651	2	1.96104893997657e-08	101986236
644801	18	1.76494404597891e-07	101986236
644966	3	2.94157340996485e-08	101986236
645127	4	3.92209787995313e-08	101986236
645462	2	1.96104893997657e-08	101986236
645463	35	3.43183564495899e-07	101986236
645464	7	6.86367128991799e-08	101986236
645657	3	2.94157340996485e-08	101986236
645991	4	3.92209787995313e-08	101986236
646529	14	1.3727342579836e-07	101986236
648757	1	9.80524469988284e-09	101986236
648999	2	1.96104893997657e-08	101986236
649349	11	1.07857691698711e-07	101986236
649638	4	3.92209787995313e-08	101986236
649639	1	9.80524469988284e-09	101986236
649831	6	5.8831468199297e-08	101986236
652103	34	3.33378319796016e-07	101986236
653045	6	5.8831468199297e-08	101986236
653733	3	2.94157340996485e-08	101986236
655815	14	1.3727342579836e-07	101986236
656024	3	2.94157340996485e-08	101986236
656519	3	2.94157340996485e-08	101986236
657308	14	1.3727342579836e-07	101986236
657309	521	5.10853248863896e-06	101986236
657310	3	2.94157340996485e-08	101986236
657313	458	4.49080207254634e-06	101986236
657314	371	3.63774578365653e-06	101986236
657315	306	3.00040487816415e-06	101986236
657316	159	1.55903390728137e-06	101986236
657317	620	6.07925171392736e-06	101986236
657318	696	6.82445031111845e-06	101986236
657319	109	1.06877167228723e-06	101986236
657321	428	4.19664473154985e-06	101986236
657322	526	5.15755871213837e-06	101986236
657323	547	5.36346885083591e-06	101986236
657324	5	4.90262234994142e-08	101986236
661367	6	5.8831468199297e-08	101986236
661410	11	1.07857691698711e-07	101986236
662755	11	1.07857691698711e-07	101986236
663278	9	8.82472022989455e-08	101986236
663917	4	3.92209787995313e-08	101986236
663951	1	9.80524469988284e-09	101986236
663954	1	9.80524469988284e-09	101986236
665029	1	9.80524469988284e-09	101986236
666681	61	5.98119926692853e-07	101986236
666685	15	1.47078670498243e-07	101986236
666686	4	3.92209787995313e-08	101986236
667015	75	7.35393352491213e-07	101986236
668336	1	9.80524469988284e-09	101986236
669502	2	1.96104893997657e-08	101986236
670307	3	2.94157340996485e-08	101986236
670487	1	9.80524469988284e-09	101986236
671143	1	9.80524469988284e-09	101986236
673862	2	1.96104893997657e-08	101986236
675635	18	1.76494404597891e-07	101986236
679897	2	1.96104893997657e-08	101986236
679935	111	1.08838216168699e-06	101986236
680198	14	1.3727342579836e-07	101986236
680646	5	4.90262234994142e-08	101986236
682634	1	9.80524469988284e-09	101986236
682795	5	4.90262234994142e-08	101986236
683837	1	9.80524469988284e-09	101986236
684738	18	1.76494404597891e-07	101986236
685038	2	1.96104893997657e-08	101986236
685727	18	1.76494404597891e-07	101986236
688245	110	1.07857691698711e-06	101986236
688270	18	1.76494404597891e-07	101986236
690566	20	1.96104893997657e-07	101986236
691437	6	5.8831468199297e-08	101986236
693216	3	2.94157340996485e-08	101986236
693444	2	1.96104893997657e-08	101986236
693746	8	7.84419575990627e-08	101986236
693970	4	3.92209787995313e-08	101986236
693974	4	3.92209787995313e-08	101986236
693977	1	9.80524469988284e-09	101986236
693978	25	2.45131117497071e-07	101986236
693979	51	5.00067479694025e-07	101986236
693982	5	4.90262234994142e-08	101986236
694427	14	1.3727342579836e-07	101986236
694569	2	1.96104893997657e-08	101986236
695560	9	8.82472022989455e-08	101986236
696216	6	5.8831468199297e-08	101986236
696406	2	1.96104893997657e-08	101986236
696747	2	1.96104893997657e-08	101986236
696748	2	1.96104893997657e-08	101986236
696749	16	1.56883915198125e-07	101986236
697281	5	4.90262234994142e-08	101986236
697283	1	9.80524469988284e-09	101986236
697284	1	9.80524469988284e-09	101986236
697329	37	3.62794053895665e-07	101986236
698737	1	9.80524469988284e-09	101986236
698758	2	1.96104893997657e-08	101986236
698761	2	1.96104893997657e-08	101986236
698936	1	9.80524469988284e-09	101986236
698948	2	1.96104893997657e-08	101986236
698964	1	9.80524469988284e-09	101986236
698965	1	9.80524469988284e-09	101986236
698972	1	9.80524469988284e-09	101986236
698973	1	9.80524469988284e-09	101986236
699032	17	1.66689159898008e-07	101986236
699033	10	9.80524469988283e-08	101986236
699037	16	1.56883915198125e-07	101986236
699246	3	2.94157340996485e-08	101986236
700015	1	9.80524469988284e-09	101986236
700508	8	7.84419575990627e-08	101986236
700598	38	3.72599298595548e-07	101986236
701177	1	9.80524469988284e-09	101986236
701347	1	9.80524469988284e-09	101986236
701521	1	9.80524469988284e-09	101986236
702113	26	2.54936362196954e-07	101986236
702459	30	2.94157340996485e-07	101986236
706191	1	9.80524469988284e-09	101986236
706587	2	1.96104893997657e-08	101986236
707241	6	5.8831468199297e-08	101986236
709032	5	4.90262234994142e-08	101986236
709986	1	9.80524469988284e-09	101986236
709991	129	1.26487656628489e-06	101986236
710421	6	5.8831468199297e-08	101986236
710685	12	1.17662936398594e-07	101986236
710686	4	3.92209787995313e-08	101986236
710696	16	1.56883915198125e-07	101986236
712898	3	2.94157340996485e-08	101986236
712938	4	3.92209787995313e-08	101986236
712961	9	8.82472022989455e-08	101986236
713604	6	5.8831468199297e-08	101986236
714313	10	9.80524469988283e-08	101986236
714962	1	9.80524469988284e-09	101986236
715451	1	9.80524469988284e-09	101986236
716540	1	9.80524469988284e-09	101986236
716541	28	2.74546851596719e-07	101986236
716544	2	1.96104893997657e-08	101986236
717605	4	3.92209787995313e-08	101986236
717608	75	7.35393352491213e-07	101986236
717774	5	4.90262234994142e-08	101986236
717785	5	4.90262234994142e-08	101986236
717959	82	8.04030065390392e-07	101986236
717960	148	1.45117621558266e-06	101986236
717961	79	7.74614331290744e-07	101986236
717962	307	3.01021012286403e-06	101986236
718251	1	9.80524469988284e-09	101986236
718252	481	4.71632270064364e-06	101986236
718254	8	7.84419575990627e-08	101986236
718255	297	2.9121576758652e-06	101986236
718271	9	8.82472022989455e-08	101986236
718274	9	8.82472022989455e-08	101986236
720554	10	9.80524469988283e-08	101986236
722911	33	3.23573075096134e-07	101986236
741091	11	1.07857691698711e-07	101986236
742013	244	2.39247970677141e-06	101986236
743299	4	3.92209787995313e-08	101986236
743525	649	6.36360381022396e-06	101986236
743718	21	2.0591013869754e-07	101986236
743720	28	2.74546851596719e-07	101986236
743721	22	2.15715383397422e-07	101986236
743722	9	8.82472022989455e-08	101986236
743965	2	1.96104893997657e-08	101986236
744985	1	9.80524469988284e-09	101986236
745277	5	4.90262234994142e-08	101986236
745310	43	4.21625522094962e-07	101986236
745776	12	1.17662936398594e-07	101986236
746361	7	6.86367128991799e-08	101986236
746697	11	1.07857691698711e-07	101986236
748247	23	2.25520628097305e-07	101986236
748280	16	1.56883915198125e-07	101986236
748671	7	6.86367128991799e-08	101986236
748727	4	3.92209787995313e-08	101986236
749219	12	1.17662936398594e-07	101986236
749222	2	1.96104893997657e-08	101986236
749414	5	4.90262234994142e-08	101986236
749927	12	1.17662936398594e-07	101986236
751585	124	1.21585034278547e-06	101986236
751945	55	5.39288458493556e-07	101986236
754035	12	1.17662936398594e-07	101986236
754252	10	9.80524469988283e-08	101986236
754476	2	1.96104893997657e-08	101986236
754477	4	3.92209787995313e-08	101986236
754507	1	9.80524469988284e-09	101986236
755732	35	3.43183564495899e-07	101986236
756272	5	4.90262234994142e-08	101986236
757424	74	7.2558810779133e-07	101986236
757425	2	1.96104893997657e-08	101986236
758793	14	1.3727342579836e-07	101986236
759350	68	6.66756639592033e-07	101986236
759362	5	4.90262234994142e-08	101986236
759913	1	9.80524469988284e-09	101986236
759914	3	2.94157340996485e-08	101986236
760154	2	1.96104893997657e-08	101986236
760192	23	2.25520628097305e-07	101986236
760568	1	9.80524469988284e-09	101986236
760570	12	1.17662936398594e-07	101986236
761193	9	8.82472022989455e-08	101986236
761659	1	9.80524469988284e-09	101986236
762051	4	3.92209787995313e-08	101986236
762376	61	5.98119926692853e-07	101986236
762550	1	9.80524469988284e-09	101986236
762570	1	9.80524469988284e-09	101986236
762633	103	1.00994020408793e-06	101986236
762903	21	2.0591013869754e-07	101986236
762948	2	1.96104893997657e-08	101986236
765698	9	8.82472022989455e-08	101986236
765911	5	4.90262234994142e-08	101986236
765912	3	2.94157340996485e-08	101986236
765952	1	9.80524469988284e-09	101986236
767029	3	2.94157340996485e-08	101986236
767031	6	5.8831468199297e-08	101986236
767434	3	2.94157340996485e-08	101986236
767453	2	1.96104893997657e-08	101986236
767455	4	3.92209787995313e-08	101986236
767462	3	2.94157340996485e-08	101986236
767463	95	9.31498246488869e-07	101986236
767468	2	1.96104893997657e-08	101986236
767817	1	9.80524469988284e-09	101986236
768066	4	3.92209787995313e-08	101986236
768486	5	4.90262234994142e-08	101986236
768490	1	9.80524469988284e-09	101986236
768670	3	2.94157340996485e-08	101986236
768704	1	9.80524469988284e-09	101986236
768706	1	9.80524469988284e-09	101986236
798128	93	9.11887757089104e-07	101986236
856793	4	3.92209787995313e-08	101986236
857087	6	5.8831468199297e-08	101986236
858619	5	4.90262234994142e-08	101986236
859653	1	9.80524469988284e-09	101986236
859654	1	9.80524469988284e-09	101986236
859655	15	1.47078670498243e-07	101986236
859656	34	3.33378319796016e-07	101986236
859657	40	3.92209787995313e-07	101986236
861208	7	6.86367128991799e-08	101986236
861360	14	1.3727342579836e-07	101986236
862719	15	1.47078670498243e-07	101986236
862751	6	5.8831468199297e-08	101986236
862908	2	1.96104893997657e-08	101986236
862962	137	1.34331852388395e-06	101986236
862964	3	2.94157340996485e-08	101986236
862965	3	2.94157340996485e-08	101986236
862966	4	3.92209787995313e-08	101986236
862967	2	1.96104893997657e-08	101986236
862968	3	2.94157340996485e-08	101986236
862970	2	1.96104893997657e-08	101986236
862971	2	1.96104893997657e-08	101986236
865938	6	5.8831468199297e-08	101986236
866536	6	5.8831468199297e-08	101986236
866768	55	5.39288458493556e-07	101986236
866777	13	1.27468181098477e-07	101986236
867900	6	5.8831468199297e-08	101986236
867902	1	9.80524469988284e-09	101986236
867904	1	9.80524469988284e-09	101986236
868131	2	1.96104893997657e-08	101986236
868132	2	1.96104893997657e-08	101986236
868595	2	1.96104893997657e-08	101986236
868597	20	1.96104893997657e-07	101986236
869209	15	1.47078670498243e-07	101986236
869210	1	9.80524469988284e-09	101986236
869211	1	9.80524469988284e-09	101986236
869309	6	5.8831468199297e-08	101986236
869729	24	2.35325872797188e-07	101986236
871584	1	9.80524469988284e-09	101986236
871585	36	3.52988809195782e-07	101986236
871963	2	1.96104893997657e-08	101986236
875328	6	5.8831468199297e-08	101986236
879243	1	9.80524469988284e-09	101986236
880070	2	1.96104893997657e-08	101986236
880071	30	2.94157340996485e-07	101986236
880447	2	1.96104893997657e-08	101986236
880591	6	5.8831468199297e-08	101986236
880633	2	1.96104893997657e-08	101986236
880758	45	4.41236011494728e-07	101986236
882378	7	6.86367128991799e-08	101986236
882884	2	1.96104893997657e-08	101986236
883062	29	2.84352096296602e-07	101986236
884204	1	9.80524469988284e-09	101986236
885276	2	1.96104893997657e-08	101986236
886293	6	5.8831468199297e-08	101986236
886377	2	1.96104893997657e-08	101986236
886882	3	2.94157340996485e-08	101986236
887061	5	4.90262234994142e-08	101986236
889738	19	1.86299649297774e-07	101986236
889932	2	1.96104893997657e-08	101986236
890402	100	9.80524469988283e-07	101986236
891391	11	1.07857691698711e-07	101986236
891968	2	1.96104893997657e-08	101986236
903503	3	2.94157340996485e-08	101986236
903814	28	2.74546851596719e-07	101986236
905079	17	1.66689159898008e-07	101986236
906968	5	4.90262234994142e-08	101986236
907265	3	2.94157340996485e-08	101986236
907269	3	2.94157340996485e-08	101986236
908937	14	1.3727342579836e-07	101986236
909946	1	9.80524469988284e-09	101986236
909952	42	4.11820277395079e-07	101986236
909954	2	1.96104893997657e-08	101986236
910348	6	5.8831468199297e-08	101986236
911045	5	4.90262234994142e-08	101986236
914149	1	9.80524469988284e-09	101986236
926556	1	9.80524469988284e-09	101986236
926562	5	4.90262234994142e-08	101986236
926566	6	5.8831468199297e-08	101986236
926569	2	1.96104893997657e-08	101986236
926570	7	6.86367128991799e-08	101986236
927666	7	6.86367128991799e-08	101986236
927704	8	7.84419575990627e-08	101986236
929102	8	7.84419575990627e-08	101986236
929439	2	1.96104893997657e-08	101986236
929506	2	1.96104893997657e-08	101986236
929556	16	1.56883915198125e-07	101986236
929562	16	1.56883915198125e-07	101986236
930169	2	1.96104893997657e-08	101986236
930171	6	5.8831468199297e-08	101986236
930944	13	1.27468181098477e-07	101986236
931276	20	1.96104893997657e-07	101986236
931281	12	1.17662936398594e-07	101986236
931626	10	9.80524469988283e-08	101986236
931890	8	7.84419575990627e-08	101986236
932677	1	9.80524469988284e-09	101986236
935296	4	3.92209787995313e-08	101986236
935588	1	9.80524469988284e-09	101986236
935589	2	1.96104893997657e-08	101986236
935593	1	9.80524469988284e-09	101986236
935897	2	1.96104893997657e-08	101986236
936153	6	5.8831468199297e-08	101986236
936154	1	9.80524469988284e-09	101986236
936156	2	1.96104893997657e-08	101986236
936157	1	9.80524469988284e-09	101986236
937773	3	2.94157340996485e-08	101986236
937777	2	1.96104893997657e-08	101986236
940190	10	9.80524469988283e-08	101986236
941193	1	9.80524469988284e-09	101986236
941639	6	5.8831468199297e-08	101986236
944168	1	9.80524469988284e-09	101986236
944546	47	4.60846500894493e-07	101986236
944547	92	9.02082512389221e-07	101986236
945021	1	9.80524469988284e-09	101986236
945556	7	6.86367128991799e-08	101986236
945704	5	4.90262234994142e-08	101986236
945711	1	9.80524469988284e-09	101986236
945712	1	9.80524469988284e-09	101986236
945713	1	9.80524469988284e-09	101986236
946362	2	1.96104893997657e-08	101986236
946483	17	1.66689159898008e-07	101986236
953739	5	4.90262234994142e-08	101986236
956149	2	1.96104893997657e-08	101986236
977880	45	4.41236011494728e-07	101986236
979556	32	3.13767830396251e-07	101986236
980514	5	4.90262234994142e-08	101986236
981222	2	1.96104893997657e-08	101986236
981368	8	7.84419575990627e-08	101986236
981539	1	9.80524469988284e-09	101986236
981540	12	1.17662936398594e-07	101986236
983544	25	2.45131117497071e-07	101986236
983545	2	1.96104893997657e-08	101986236
983548	13	1.27468181098477e-07	101986236
983917	159	1.55903390728137e-06	101986236
984262	3	2.94157340996485e-08	101986236
984892	3	2.94157340996485e-08	101986236
985665	1	9.80524469988284e-09	101986236
990288	3	2.94157340996485e-08	101986236
990315	28	2.74546851596719e-07	101986236
990316	26	2.54936362196954e-07	101986236
990317	6	5.8831468199297e-08	101986236
991791	1	9.80524469988284e-09	101986236
991905	14	1.3727342579836e-07	101986236
992406	8	7.84419575990627e-08	101986236
993512	1	9.80524469988284e-09	101986236
994476	16	1.56883915198125e-07	101986236
994484	74	7.2558810779133e-07	101986236
996285	13	1.27468181098477e-07	101986236
998088	31	3.03962585696368e-07	101986236
998820	1	9.80524469988284e-09	101986236
999541	23	2.25520628097305e-07	101986236
999552	8	7.84419575990627e-08	101986236
999953	3	2.94157340996485e-08	101986236
1001583	7	6.86367128991799e-08	101986236
1001585	20	1.96104893997657e-07	101986236
1002672	2	1.96104893997657e-08	101986236
1002809	43	4.21625522094962e-07	101986236
1003195	14	1.3727342579836e-07	101986236
1004952	1	9.80524469988284e-09	101986236
1005041	7	6.86367128991799e-08	101986236
1005042	7	6.86367128991799e-08	101986236
1005048	75	7.35393352491213e-07	101986236
1005058	1	9.80524469988284e-09	101986236
1006007	1	9.80524469988284e-09	101986236
1006543	1	9.80524469988284e-09	101986236
1006551	22	2.15715383397422e-07	101986236
1007064	1	9.80524469988284e-09	101986236
1007105	16	1.56883915198125e-07	101986236
1008459	1	9.80524469988284e-09	101986236
1009464	44	4.31430766794845e-07	101986236
1009846	24	2.35325872797188e-07	101986236
1016998	1	9.80524469988284e-09	101986236
1017264	3	2.94157340996485e-08	101986236
1028307	4	3.92209787995313e-08	101986236
1029756	4	3.92209787995313e-08	101986236
1030843	4	3.92209787995313e-08	101986236
1031709	24	2.35325872797188e-07	101986236
1031710	10	9.80524469988283e-08	101986236
1031711	17	1.66689159898008e-07	101986236
1032480	14	1.3727342579836e-07	101986236
1033813	4	3.92209787995313e-08	101986236
1033837	2	1.96104893997657e-08	101986236
1034807	187	1.83358075887809e-06	101986236
1034809	1	9.80524469988284e-09	101986236
1035817	31	3.03962585696368e-07	101986236
1036172	22	2.15715383397422e-07	101986236
1036672	4	3.92209787995313e-08	101986236
1036743	3	2.94157340996485e-08	101986236
1037409	49	4.80456990294259e-07	101986236
1037911	231	2.26501152567293e-06	101986236
1041826	88	8.62861533589689e-07	101986236
1042156	35	3.43183564495899e-07	101986236
1042417	1	9.80524469988284e-09	101986236
1042876	21	2.0591013869754e-07	101986236
1042878	34	3.33378319796016e-07	101986236
1045854	3	2.94157340996485e-08	101986236
1045855	29	2.84352096296602e-07	101986236
1045856	3	2.94157340996485e-08	101986236
1045858	9	8.82472022989455e-08	101986236
1046624	4	3.92209787995313e-08	101986236
1046629	40	3.92209787995313e-07	101986236
1048332	35	3.43183564495899e-07	101986236
1049565	15	1.47078670498243e-07	101986236
1051074	19	1.86299649297774e-07	101986236
1054217	1	9.80524469988284e-09	101986236
1064535	28	2.74546851596719e-07	101986236
1064539	13	1.27468181098477e-07	101986236
1064592	6	5.8831468199297e-08	101986236
1069533	14	1.3727342579836e-07	101986236
1069534	5	4.90262234994142e-08	101986236
1069642	1	9.80524469988284e-09	101986236
1071378	4	3.92209787995313e-08	101986236
1071381	1	9.80524469988284e-09	101986236
1071382	4	3.92209787995313e-08	101986236
1071400	7	6.86367128991799e-08	101986236
1072459	5	4.90262234994142e-08	101986236
1075089	10	9.80524469988283e-08	101986236
1075399	1	9.80524469988284e-09	101986236
1076934	30	2.94157340996485e-07	101986236
1080228	2	1.96104893997657e-08	101986236
1082931	4	3.92209787995313e-08	101986236
1088720	1	9.80524469988284e-09	101986236
1089456	18	1.76494404597891e-07	101986236
1089553	9	8.82472022989455e-08	101986236
1090974	1	9.80524469988284e-09	101986236
1091045	194	1.90221747177727e-06	101986236
1091494	9	8.82472022989455e-08	101986236
1091495	1	9.80524469988284e-09	101986236
1093141	28	2.74546851596719e-07	101986236
1093787	11	1.07857691698711e-07	101986236
1094466	72	7.05977618391564e-07	101986236
1094489	1	9.80524469988284e-09	101986236
1095774	1	9.80524469988284e-09	101986236
1096995	1	9.80524469988284e-09	101986236
1096996	35	3.43183564495899e-07	101986236
1097668	29	2.84352096296602e-07	101986236
1097677	16	1.56883915198125e-07	101986236
1104320	1	9.80524469988284e-09	101986236
1104322	22	2.15715383397422e-07	101986236
1104325	5	4.90262234994142e-08	101986236
1104326	7	6.86367128991799e-08	101986236
1105108	1	9.80524469988284e-09	101986236
1107880	20	1.96104893997657e-07	101986236
1110502	10	9.80524469988283e-08	101986236
1110509	1	9.80524469988284e-09	101986236
1111068	1	9.80524469988284e-09	101986236
1111069	59	5.78509437293087e-07	101986236
1111678	15	1.47078670498243e-07	101986236
1112204	8	7.84419575990627e-08	101986236
1114965	14	1.3727342579836e-07	101986236
1114966	4	3.92209787995313e-08	101986236
1114967	61	5.98119926692853e-07	101986236
1114969	560	5.49093703193439e-06	101986236
1114970	67	6.5695139489215e-07	101986236
1116231	14	1.3727342579836e-07	101986236
1117647	3	2.94157340996485e-08	101986236
1117943	5	4.90262234994142e-08	101986236
1118963	16	1.56883915198125e-07	101986236
1121335	10	9.80524469988283e-08	101986236
1121353	17	1.66689159898008e-07	101986236
1121362	10	9.80524469988283e-08	101986236
1123519	19	1.86299649297774e-07	101986236
1123523	1	9.80524469988284e-09	101986236
1123863	2	1.96104893997657e-08	101986236
1124936	2	1.96104893997657e-08	101986236
1124983	58	5.68704192593204e-07	101986236
1124991	1	9.80524469988284e-09	101986236
1125630	15	1.47078670498243e-07	101986236
1127134	12	1.17662936398594e-07	101986236
1128398	4	3.92209787995313e-08	101986236
1129794	1	9.80524469988284e-09	101986236
1131462	1	9.80524469988284e-09	101986236
1133568	3	2.94157340996485e-08	101986236
1133592	1	9.80524469988284e-09	101986236
1133849	8	7.84419575990627e-08	101986236
1133850	5	4.90262234994142e-08	101986236
1133852	3	2.94157340996485e-08	101986236
1133853	11	1.07857691698711e-07	101986236
1134454	273	2.67683180306801e-06	101986236
1136179	2833	2.77782582347681e-05	101986236
1137651	6	5.8831468199297e-08	101986236
1138308	1	9.80524469988284e-09	101986236
1138382	2	1.96104893997657e-08	101986236
1138383	13	1.27468181098477e-07	101986236
1138871	1	9.80524469988284e-09	101986236
1142394	1	9.80524469988284e-09	101986236
1144275	3	2.94157340996485e-08	101986236
1146883	23	2.25520628097305e-07	101986236
1147128	1	9.80524469988284e-09	101986236
1147129	2	1.96104893997657e-08	101986236
1150469	2	1.96104893997657e-08	101986236
1151116	9	8.82472022989455e-08	101986236
1155071	4	3.92209787995313e-08	101986236
1155766	4	3.92209787995313e-08	101986236
1155777	1	9.80524469988284e-09	101986236
1156431	4	3.92209787995313e-08	101986236
1156433	5	4.90262234994142e-08	101986236
1156913	7	6.86367128991799e-08	101986236
1157951	1	9.80524469988284e-09	101986236
1161918	2	1.96104893997657e-08	101986236
1163389	1	9.80524469988284e-09	101986236
1163399	22	2.15715383397422e-07	101986236
1163617	18	1.76494404597891e-07	101986236
1163748	2	1.96104893997657e-08	101986236
1166016	3	2.94157340996485e-08	101986236
1166018	3	2.94157340996485e-08	101986236
1166130	3	2.94157340996485e-08	101986236
1167629	1	9.80524469988284e-09	101986236
1167634	47	4.60846500894493e-07	101986236
1168287	2	1.96104893997657e-08	101986236
1170318	25	2.45131117497071e-07	101986236
1170562	1	9.80524469988284e-09	101986236
1171373	3	2.94157340996485e-08	101986236
1171376	3	2.94157340996485e-08	101986236
1171377	2	1.96104893997657e-08	101986236
1173020	38	3.72599298595548e-07	101986236
1173022	4	3.92209787995313e-08	101986236
1173025	1	9.80524469988284e-09	101986236
1173026	1	9.80524469988284e-09	101986236
1173027	1	9.80524469988284e-09	101986236
1173427	1	9.80524469988284e-09	101986236
1179773	12	1.17662936398594e-07	101986236
1183438	1	9.80524469988284e-09	101986236
1184267	4	3.92209787995313e-08	101986236
1185652	4	3.92209787995313e-08	101986236
1186051	1	9.80524469988284e-09	101986236
1187956	21	2.0591013869754e-07	101986236
1191061	37	3.62794053895665e-07	101986236
1192196	4	3.92209787995313e-08	101986236
1193292	29	2.84352096296602e-07	101986236
1193806	1	9.80524469988284e-09	101986236
1194526	22	2.15715383397422e-07	101986236
1196325	22	2.15715383397422e-07	101986236
1196835	22	2.15715383397422e-07	101986236
1198114	3	2.94157340996485e-08	101986236
1198232	1	9.80524469988284e-09	101986236
1198627	2	1.96104893997657e-08	101986236
1198676	6	5.8831468199297e-08	101986236
1199187	2	1.96104893997657e-08	101986236
1200352	6	5.8831468199297e-08	101986236
1201294	1	9.80524469988284e-09	101986236
1202537	1	9.80524469988284e-09	101986236
1202772	1	9.80524469988284e-09	101986236
1203460	3	2.94157340996485e-08	101986236
1204414	38	3.72599298595548e-07	101986236
1205910	10	9.80524469988283e-08	101986236
1206105	5	4.90262234994142e-08	101986236
1206109	2	1.96104893997657e-08	101986236
1207075	64	6.27535660792501e-07	101986236
1208658	4	3.92209787995313e-08	101986236
1208660	12	1.17662936398594e-07	101986236
1208918	1	9.80524469988284e-09	101986236
1208920	1	9.80524469988284e-09	101986236
1208921	1	9.80524469988284e-09	101986236
1209989	2	1.96104893997657e-08	101986236
1211025	3	2.94157340996485e-08	101986236
1211579	28	2.74546851596719e-07	101986236
1214101	5	4.90262234994142e-08	101986236
1214242	5	4.90262234994142e-08	101986236
1215088	26	2.54936362196954e-07	101986236
1215914	2	1.96104893997657e-08	101986236
1216976	28	2.74546851596719e-07	101986236
1217984	4	3.92209787995313e-08	101986236
1218933	1	9.80524469988284e-09	101986236
1220533	2	1.96104893997657e-08	101986236
1224163	3	2.94157340996485e-08	101986236
1224746	2	1.96104893997657e-08	101986236
1228997	6	5.8831468199297e-08	101986236
1229205	6	5.8831468199297e-08	101986236
1229512	1	9.80524469988284e-09	101986236
1229758	2	1.96104893997657e-08	101986236
1229908	5	4.90262234994142e-08	101986236
1229909	2	1.96104893997657e-08	101986236
1231072	6	5.8831468199297e-08	101986236
1231626	1	9.80524469988284e-09	101986236
1232381	9	8.82472022989455e-08	101986236
1232383	1	9.80524469988284e-09	101986236
1232724	1	9.80524469988284e-09	101986236
1233873	2	1.96104893997657e-08	101986236
1234380	2	1.96104893997657e-08	101986236
1234679	68	6.66756639592033e-07	101986236
1235990	1	9.80524469988284e-09	101986236
1236689	3	2.94157340996485e-08	101986236
1236903	3	2.94157340996485e-08	101986236
1236908	1	9.80524469988284e-09	101986236
1239881	1	9.80524469988284e-09	101986236
1241583	1	9.80524469988284e-09	101986236
1245469	38	3.72599298595548e-07	101986236
1245471	49	4.80456990294259e-07	101986236
1246301	169	1.6570863542802e-06	101986236
1246365	2	1.96104893997657e-08	101986236
1246995	11	1.07857691698711e-07	101986236
1249480	2	1.96104893997657e-08	101986236
1249634	1	9.80524469988284e-09	101986236
1249661	8	7.84419575990627e-08	101986236
1254432	11	1.07857691698711e-07	101986236
1254439	5	4.90262234994142e-08	101986236
1255043	3	2.94157340996485e-08	101986236
1257118	2	1.96104893997657e-08	101986236
1260251	1	9.80524469988284e-09	101986236
1260292	2	1.96104893997657e-08	101986236
1261557	3	2.94157340996485e-08	101986236
1262161	2	1.96104893997657e-08	101986236
1262456	31	3.03962585696368e-07	101986236
1265601	2	1.96104893997657e-08	101986236
1266738	2	1.96104893997657e-08	101986236
1266845	26	2.54936362196954e-07	101986236
1267577	3	2.94157340996485e-08	101986236
1267754	2	1.96104893997657e-08	101986236
1271752	1	9.80524469988284e-09	101986236
1271863	4	3.92209787995313e-08	101986236
1273173	1	9.80524469988284e-09	101986236
1276220	1	9.80524469988284e-09	101986236
1276221	1	9.80524469988284e-09	101986236
1276282	10	9.80524469988283e-08	101986236
1278073	3	2.94157340996485e-08	101986236
1279008	1	9.80524469988284e-09	101986236
1280938	3	2.94157340996485e-08	101986236
1282356	137	1.34331852388395e-06	101986236
1283331	6	5.8831468199297e-08	101986236
1286170	5	4.90262234994142e-08	101986236
1288394	43	4.21625522094962e-07	101986236
1292033	2	1.96104893997657e-08	101986236
1294143	25	2.45131117497071e-07	101986236
1298593	1	9.80524469988284e-09	101986236
1298917	1	9.80524469988284e-09	101986236
1300150	1	9.80524469988284e-09	101986236
1302863	1	9.80524469988284e-09	101986236
1303024	1	9.80524469988284e-09	101986236
1303518	1	9.80524469988284e-09	101986236
1303692	1	9.80524469988284e-09	101986236
1304892	1	9.80524469988284e-09	101986236
1305849	12	1.17662936398594e-07	101986236
1310161	8	7.84419575990627e-08	101986236
1313172	5	4.90262234994142e-08	101986236
1314884	8	7.84419575990627e-08	101986236
1316933	1	9.80524469988284e-09	101986236
1318615	2	1.96104893997657e-08	101986236
1322346	1	9.80524469988284e-09	101986236
1327988	4	3.92209787995313e-08	101986236
1328306	2	1.96104893997657e-08	101986236
1331671	40	3.92209787995313e-07	101986236
1332188	12	1.17662936398594e-07	101986236
1334187	2	1.96104893997657e-08	101986236
1335307	1	9.80524469988284e-09	101986236
1338032	4	3.92209787995313e-08	101986236
1338518	1	9.80524469988284e-09	101986236
1340495	7	6.86367128991799e-08	101986236
1340851	4	3.92209787995313e-08	101986236
1341692	2	1.96104893997657e-08	101986236
1343076	1	9.80524469988284e-09	101986236
1343740	6	5.8831468199297e-08	101986236
1345695	16	1.56883915198125e-07	101986236
1345697	1	9.80524469988284e-09	101986236
1346614	8	7.84419575990627e-08	101986236
1348660	1	9.80524469988284e-09	101986236
1348662	3	2.94157340996485e-08	101986236
1355100	2	1.96104893997657e-08	101986236
1357994	1	9.80524469988284e-09	101986236
1358027	1	9.80524469988284e-09	101986236
1367477	4	3.92209787995313e-08	101986236
1367491	2	1.96104893997657e-08	101986236
1367847	12	1.17662936398594e-07	101986236
1379702	19	1.86299649297774e-07	101986236
1380774	14	1.3727342579836e-07	101986236
1380908	31	3.03962585696368e-07	101986236
1382700	2	1.96104893997657e-08	101986236
1384484	11	1.07857691698711e-07	101986236
1385727	2	1.96104893997657e-08	101986236
1389489	10	9.80524469988283e-08	101986236
1392476	3	2.94157340996485e-08	101986236
1394709	2	1.96104893997657e-08	101986236
1394711	6	5.8831468199297e-08	101986236
1399116	5	4.90262234994142e-08	101986236
1400867	3	2.94157340996485e-08	101986236
1401659	7	6.86367128991799e-08	101986236
1406864	3	2.94157340996485e-08	101986236
1408206	2	1.96104893997657e-08	101986236
1408272	2	1.96104893997657e-08	101986236
1415629	3	2.94157340996485e-08	101986236
1415630	320	3.13767830396251e-06	101986236
1415784	1	9.80524469988284e-09	101986236
1416914	25	2.45131117497071e-07	101986236
1423144	1	9.80524469988284e-09	101986236
1427342	8	7.84419575990627e-08	101986236
1430440	4	3.92209787995313e-08	101986236
1435044	6	5.8831468199297e-08	101986236
1435058	3	2.94157340996485e-08	101986236
1435356	17	1.66689159898008e-07	101986236
1436140	52	5.09872724393907e-07	101986236
