Tax.ID	Frequency	Proportion	Total
394	13	1.18028561313913e-07	110142832
882	1	9.07912010107022e-09	110142832
883	8	7.26329608085617e-08	110142832
1140	1	9.07912010107022e-09	110142832
1148	2	1.81582402021404e-08	110142832
1511	11	9.98703211117724e-08	110142832
1639	6	5.44747206064213e-08	110142832
2762	14	1.27107681414983e-07	110142832
2769	17	1.54345041718194e-07	110142832
2771	3	2.72373603032107e-08	110142832
2787	11	9.98703211117724e-08	110142832
2829	11	9.98703211117724e-08	110142832
2832	2	1.81582402021404e-08	110142832
2839	93	8.4435816939953e-07	110142832
2850	151	1.3709471352616e-06	110142832
2880	2	1.81582402021404e-08	110142832
2898	1	9.07912010107022e-09	110142832
2903	2	1.81582402021404e-08	110142832
2986	3	2.72373603032107e-08	110142832
3037	1	9.07912010107022e-09	110142832
4770	6	5.44747206064213e-08	110142832
4950	24	2.17898882425685e-07	110142832
5061	2	1.81582402021404e-08	110142832
5145	1	9.07912010107022e-09	110142832
5518	13	1.18028561313913e-07	110142832
5661	6	5.44747206064213e-08	110142832
5749	2	1.81582402021404e-08	110142832
5762	2	1.81582402021404e-08	110142832
5786	19	1.72503281920334e-07	110142832
5823	1	9.07912010107022e-09	110142832
5851	6	5.44747206064213e-08	110142832
5872	2	1.81582402021404e-08	110142832
5885	4	3.63164804042809e-08	110142832
5901	5	4.53956005053511e-08	110142832
5905	4	3.63164804042809e-08	110142832
5907	3	2.72373603032107e-08	110142832
5908	3	2.72373603032107e-08	110142832
5911	8	7.26329608085617e-08	110142832
5932	17	1.54345041718194e-07	110142832
28072	2	1.81582402021404e-08	110142832
28985	2	1.81582402021404e-08	110142832
31271	2	1.81582402021404e-08	110142832
31532	2	1.81582402021404e-08	110142832
31964	52	4.72114245255651e-07	110142832
32049	2	1.81582402021404e-08	110142832
32051	4	3.63164804042809e-08	110142832
35128	108	9.80544970915584e-07	110142832
35688	5	4.53956005053511e-08	110142832
36809	12	1.08949441212843e-07	110142832
37692	3	2.72373603032107e-08	110142832
38271	2	1.81582402021404e-08	110142832
41431	1	9.07912010107022e-09	110142832
42746	2	1.81582402021404e-08	110142832
43925	2	1.81582402021404e-08	110142832
43926	1	9.07912010107022e-09	110142832
43989	1	9.07912010107022e-09	110142832
44056	10	9.07912010107022e-08	110142832
44058	6	5.44747206064213e-08	110142832
45406	1	9.07912010107022e-09	110142832
47573	3	2.72373603032107e-08	110142832
48483	1	9.07912010107022e-09	110142832
49266	7	6.35538407074915e-08	110142832
52970	10	9.07912010107022e-08	110142832
55529	22	1.99740642223545e-07	110142832
55884	1	9.07912010107022e-09	110142832
56107	5	4.53956005053511e-08	110142832
56780	1	9.07912010107022e-09	110142832
59374	8	7.26329608085617e-08	110142832
59748	2	1.81582402021404e-08	110142832
59922	2	1.81582402021404e-08	110142832
60480	3	2.72373603032107e-08	110142832
60481	79	7.17250487984547e-07	110142832
62928	60	5.44747206064213e-07	110142832
62977	68	6.17380166872775e-07	110142832
63118	1	9.07912010107022e-09	110142832
63186	9	8.1712080909632e-08	110142832
63737	9	8.1712080909632e-08	110142832
64471	6	5.44747206064213e-08	110142832
65071	8	7.26329608085617e-08	110142832
65393	1	9.07912010107022e-09	110142832
66692	4	3.63164804042809e-08	110142832
67593	2	1.81582402021404e-08	110142832
69328	30	2.72373603032107e-07	110142832
71421	1	9.07912010107022e-09	110142832
72520	7	6.35538407074915e-08	110142832
74557	3	2.72373603032107e-08	110142832
75379	37	3.35927443739598e-07	110142832
76114	28	2.54215362829966e-07	110142832
76869	41	3.72243924143879e-07	110142832
78245	43	3.90402164346019e-07	110142832
79929	1	9.07912010107022e-09	110142832
82654	6	5.44747206064213e-08	110142832
83406	14	1.27107681414983e-07	110142832
84588	2	1.81582402021404e-08	110142832
85569	3	2.72373603032107e-08	110142832
85643	95	8.62516409601671e-07	110142832
86416	9	8.1712080909632e-08	110142832
88149	4	3.63164804042809e-08	110142832
91891	1	9.07912010107022e-09	110142832
94122	39	3.54085683941739e-07	110142832
96561	2	1.81582402021404e-08	110142832
96563	50	4.53956005053511e-07	110142832
99179	1	9.07912010107022e-09	110142832
99287	1	9.07912010107022e-09	110142832
99598	1	9.07912010107022e-09	110142832
100226	9	8.1712080909632e-08	110142832
101510	129	1.17120649303806e-06	110142832
105559	4	3.63164804042809e-08	110142832
106370	4	3.63164804042809e-08	110142832
109269	5	4.53956005053511e-08	110142832
110662	5	4.53956005053511e-08	110142832
111780	2	1.81582402021404e-08	110142832
111781	4	3.63164804042809e-08	110142832
114615	43	3.90402164346019e-07	110142832
115713	2	1.81582402021404e-08	110142832
118163	2	1.81582402021404e-08	110142832
120807	6	5.44747206064213e-08	110142832
122586	1	9.07912010107022e-09	110142832
122587	10	9.07912010107022e-08	110142832
123214	2	1.81582402021404e-08	110142832
126793	2	1.81582402021404e-08	110142832
134676	18	1.63424161819264e-07	110142832
136089	1	9.07912010107022e-09	110142832
137722	16	1.45265921617123e-07	110142832
151537	1	9.07912010107022e-09	110142832
151538	1	9.07912010107022e-09	110142832
151599	1	9.07912010107022e-09	110142832
153948	26	2.36057122627826e-07	110142832
155864	14	1.27107681414983e-07	110142832
156889	8	7.26329608085617e-08	110142832
158189	11	9.98703211117724e-08	110142832
158190	2	1.81582402021404e-08	110142832
159087	75	6.80934007580266e-07	110142832
160488	27	2.45136242728896e-07	110142832
160490	1	9.07912010107022e-09	110142832
160491	1	9.07912010107022e-09	110142832
160492	3	2.72373603032107e-08	110142832
160619	118	1.07133617192629e-06	110142832
164037	4	3.63164804042809e-08	110142832
164328	5	4.53956005053511e-08	110142832
164756	48	4.3579776485137e-07	110142832
164757	4	3.63164804042809e-08	110142832
167542	2	1.81582402021404e-08	110142832
169963	1	9.07912010107022e-09	110142832
171101	14	1.27107681414983e-07	110142832
172968	1	9.07912010107022e-09	110142832
176279	70	6.35538407074915e-07	110142832
176280	74	6.71854887479196e-07	110142832
176299	11	9.98703211117724e-08	110142832
177437	1	9.07912010107022e-09	110142832
179408	34	3.08690083436387e-07	110142832
186103	1	9.07912010107022e-09	110142832
187272	25	2.26978002526755e-07	110142832
187303	12	1.08949441212843e-07	110142832
187420	1	9.07912010107022e-09	110142832
189423	1	9.07912010107022e-09	110142832
189918	23	2.08819762324615e-07	110142832
190304	5	4.53956005053511e-08	110142832
190485	266	2.41504594688468e-06	110142832
190486	22	1.99740642223545e-07	110142832
190650	55	4.99351605558862e-07	110142832
192222	1	9.07912010107022e-09	110142832
192952	29	2.63294482931036e-07	110142832
194439	7	6.35538407074915e-08	110142832
194699	1	9.07912010107022e-09	110142832
195102	1	9.07912010107022e-09	110142832
195103	45	4.0856040454816e-07	110142832
195253	1	9.07912010107022e-09	110142832
196162	53	4.81193365356722e-07	110142832
196164	232	2.10635586344829e-06	110142832
196600	1	9.07912010107022e-09	110142832
196627	1	9.07912010107022e-09	110142832
198214	1	9.07912010107022e-09	110142832
198628	5	4.53956005053511e-08	110142832
199310	2	1.81582402021404e-08	110142832
203119	25	2.26978002526755e-07	110142832
203120	13	1.18028561313913e-07	110142832
203122	6	5.44747206064213e-08	110142832
203123	3	2.72373603032107e-08	110142832
203124	5	4.53956005053511e-08	110142832
203267	2	1.81582402021404e-08	110142832
203275	37	3.35927443739598e-07	110142832
204536	2	1.81582402021404e-08	110142832
204669	5	4.53956005053511e-08	110142832
204773	109	9.89624091016654e-07	110142832
205913	290	2.63294482931036e-06	110142832
205914	14	1.27107681414983e-07	110142832
205918	38	3.45006563840668e-07	110142832
205920	1	9.07912010107022e-09	110142832
205922	145	1.31647241465518e-06	110142832
206672	22	1.99740642223545e-07	110142832
207559	15	1.36186801516053e-07	110142832
208435	9	8.1712080909632e-08	110142832
208596	55	4.99351605558862e-07	110142832
208963	64	5.81063686468494e-07	110142832
208964	66	5.99221926670634e-07	110142832
209261	1	9.07912010107022e-09	110142832
210007	4	3.63164804042809e-08	110142832
211110	1	9.07912010107022e-09	110142832
211586	1	9.07912010107022e-09	110142832
212717	17	1.54345041718194e-07	110142832
213775	1	9.07912010107022e-09	110142832
213810	17	1.54345041718194e-07	110142832
214092	4	3.63164804042809e-08	110142832
214684	19	1.72503281920334e-07	110142832
216389	2	1.81582402021404e-08	110142832
216432	19	1.72503281920334e-07	110142832
216591	23	2.08819762324615e-07	110142832
216592	12	1.08949441212843e-07	110142832
216594	6	5.44747206064213e-08	110142832
216595	480	4.3579776485137e-06	110142832
216596	50	4.53956005053511e-07	110142832
216599	4	3.63164804042809e-08	110142832
216895	1	9.07912010107022e-09	110142832
218491	1	9.07912010107022e-09	110142832
218493	1	9.07912010107022e-09	110142832
218495	9	8.1712080909632e-08	110142832
218496	1	9.07912010107022e-09	110142832
220341	1178	1.06952034790607e-05	110142832
220664	48	4.3579776485137e-07	110142832
220668	1	9.07912010107022e-09	110142832
221029	1	9.07912010107022e-09	110142832
221109	4	3.63164804042809e-08	110142832
221721	1	9.07912010107022e-09	110142832
221988	4	3.63164804042809e-08	110142832
222523	6	5.44747206064213e-08	110142832
223283	52	4.72114245255651e-07	110142832
224308	3	2.72373603032107e-08	110142832
224324	4	3.63164804042809e-08	110142832
224719	2	1.81582402021404e-08	110142832
224911	53	4.81193365356722e-07	110142832
224914	5	4.53956005053511e-08	110142832
225849	1	9.07912010107022e-09	110142832
225937	2	1.81582402021404e-08	110142832
226185	31	2.81452723133177e-07	110142832
226186	757	6.87289391651015e-06	110142832
227086	8	7.26329608085617e-08	110142832
227882	10	9.07912010107022e-08	110142832
227941	2	1.81582402021404e-08	110142832
228400	4	3.63164804042809e-08	110142832
228405	8	7.26329608085617e-08	110142832
228410	9	8.1712080909632e-08	110142832
229533	4	3.63164804042809e-08	110142832
231023	27	2.45136242728896e-07	110142832
232721	1228	1.11491594841142e-05	110142832
233412	1	9.07912010107022e-09	110142832
234267	3	2.72373603032107e-08	110142832
234621	4330	3.9312590037634e-05	110142832
234831	10	9.07912010107022e-08	110142832
235279	1	9.07912010107022e-09	110142832
240015	3	2.72373603032107e-08	110142832
242231	2	1.81582402021404e-08	110142832
242507	3	2.72373603032107e-08	110142832
242619	3	2.72373603032107e-08	110142832
243090	2	1.81582402021404e-08	110142832
243159	3	2.72373603032107e-08	110142832
243161	1	9.07912010107022e-09	110142832
243230	9	8.1712080909632e-08	110142832
243231	3	2.72373603032107e-08	110142832
243233	13	1.18028561313913e-07	110142832
243243	15	1.36186801516053e-07	110142832
243265	3	2.72373603032107e-08	110142832
243275	1	9.07912010107022e-09	110142832
243276	4	3.63164804042809e-08	110142832
243365	38	3.45006563840668e-07	110142832
245014	250	2.26978002526755e-06	110142832
245018	629	5.71076654357317e-06	110142832
246194	2	1.81582402021404e-08	110142832
246195	8	7.26329608085617e-08	110142832
246196	10	9.07912010107022e-08	110142832
246197	11	9.98703211117724e-08	110142832
246198	19	1.72503281920334e-07	110142832
246200	3	2.72373603032107e-08	110142832
247156	21	1.90661522122475e-07	110142832
251221	3	2.72373603032107e-08	110142832
251229	10	9.07912010107022e-08	110142832
257310	58	5.26588965862073e-07	110142832
257311	14	1.27107681414983e-07	110142832
257313	37	3.35927443739598e-07	110142832
257314	6	5.44747206064213e-08	110142832
258594	27	2.45136242728896e-07	110142832
259536	354	3.21400851577886e-06	110142832
261292	146	1.32555153475625e-06	110142832
261658	4	3.63164804042809e-08	110142832
262316	7	6.35538407074915e-08	110142832
262543	10	9.07912010107022e-08	110142832
262724	36	3.26848323638528e-07	110142832
262728	1	9.07912010107022e-09	110142832
262768	2	1.81582402021404e-08	110142832
263358	13	1.18028561313913e-07	110142832
263374	1	9.07912010107022e-09	110142832
264198	70	6.35538407074915e-07	110142832
264199	46	4.1763952464923e-07	110142832
264201	1	9.07912010107022e-09	110142832
264203	6	5.44747206064213e-08	110142832
264462	16	1.45265921617123e-07	110142832
264730	47	4.267186447503e-07	110142832
264731	32	2.90531843234247e-07	110142832
265072	22	1.99740642223545e-07	110142832
266117	5	4.53956005053511e-08	110142832
266264	88	7.98962568894179e-07	110142832
266265	25	2.26978002526755e-07	110142832
266779	38	3.45006563840668e-07	110142832
266834	10	9.07912010107022e-08	110142832
266835	22	1.99740642223545e-07	110142832
266940	18	1.63424161819264e-07	110142832
267608	72	6.53696647277056e-07	110142832
267747	33	2.99610963335317e-07	110142832
269084	1	9.07912010107022e-09	110142832
269482	46	4.1763952464923e-07	110142832
269796	7	6.35538407074915e-08	110142832
269797	29	2.63294482931036e-07	110142832
269798	53	4.81193365356722e-07	110142832
269799	3	2.72373603032107e-08	110142832
269800	3	2.72373603032107e-08	110142832
271848	17	1.54345041718194e-07	110142832
272123	3	2.72373603032107e-08	110142832
272559	93	8.4435816939953e-07	110142832
272560	1	9.07912010107022e-09	110142832
272562	4	3.63164804042809e-08	110142832
272563	78	7.08171367883477e-07	110142832
272564	5	4.53956005053511e-08	110142832
272568	22	1.99740642223545e-07	110142832
272620	82	7.44487848287758e-07	110142832
272621	3	2.72373603032107e-08	110142832
272622	71	6.44617527175985e-07	110142832
272623	77	6.99092247782407e-07	110142832
272624	2	1.81582402021404e-08	110142832
272626	9	8.1712080909632e-08	110142832
272630	24	2.17898882425685e-07	110142832
272631	2	1.81582402021404e-08	110142832
272632	3	2.72373603032107e-08	110142832
272635	2	1.81582402021404e-08	110142832
272831	31	2.81452723133177e-07	110142832
272843	2	1.81582402021404e-08	110142832
272942	16	1.45265921617123e-07	110142832
272943	3	2.72373603032107e-08	110142832
272944	1	9.07912010107022e-09	110142832
272947	1	9.07912010107022e-09	110142832
273068	1	9.07912010107022e-09	110142832
273119	1	9.07912010107022e-09	110142832
273121	4	3.63164804042809e-08	110142832
273123	2	1.81582402021404e-08	110142832
278137	15	1.36186801516053e-07	110142832
278197	22	1.99740642223545e-07	110142832
279010	5	4.53956005053511e-08	110142832
279238	32	2.90531843234247e-07	110142832
279808	10	9.07912010107022e-08	110142832
280463	34	3.08690083436387e-07	110142832
280699	3	2.72373603032107e-08	110142832
280701	1	9.07912010107022e-09	110142832
281090	20	1.81582402021404e-07	110142832
281310	2	1.81582402021404e-08	110142832
282459	1	9.07912010107022e-09	110142832
283165	1	9.07912010107022e-09	110142832
283166	2	1.81582402021404e-08	110142832
283942	2	1.81582402021404e-08	110142832
284590	14	1.27107681414983e-07	110142832
284591	1	9.07912010107022e-09	110142832
284592	2	1.81582402021404e-08	110142832
284593	10	9.07912010107022e-08	110142832
284811	7	6.35538407074915e-08	110142832
284812	14	1.27107681414983e-07	110142832
285951	2	1.81582402021404e-08	110142832
286636	1	9.07912010107022e-09	110142832
288000	58	5.26588965862073e-07	110142832
288705	8	7.26329608085617e-08	110142832
289376	3	2.72373603032107e-08	110142832
289380	10	9.07912010107022e-08	110142832
290315	1	9.07912010107022e-09	110142832
290317	2	1.81582402021404e-08	110142832
290318	2	1.81582402021404e-08	110142832
290338	7	6.35538407074915e-08	110142832
290339	17	1.54345041718194e-07	110142832
290340	54	4.90272485457792e-07	110142832
290397	3	2.72373603032107e-08	110142832
290398	9	8.1712080909632e-08	110142832
290399	27	2.45136242728896e-07	110142832
290400	1	9.07912010107022e-09	110142832
290402	34	3.08690083436387e-07	110142832
290512	1	9.07912010107022e-09	110142832
290633	3	2.72373603032107e-08	110142832
291112	2	1.81582402021404e-08	110142832
291272	1	9.07912010107022e-09	110142832
291331	14	1.27107681414983e-07	110142832
292414	1	9.07912010107022e-09	110142832
292415	30	2.72373603032107e-07	110142832
292459	4	3.63164804042809e-08	110142832
292564	7	6.35538407074915e-08	110142832
293613	3	2.72373603032107e-08	110142832
293614	1	9.07912010107022e-09	110142832
293826	8	7.26329608085617e-08	110142832
295405	309	2.8054481112307e-06	110142832
296543	108	9.80544970915584e-07	110142832
296591	487	4.4215314892212e-06	110142832
298386	2	1.81582402021404e-08	110142832
298653	12	1.08949441212843e-07	110142832
298654	16	1.45265921617123e-07	110142832
299768	27	2.45136242728896e-07	110142832
300267	4	3.63164804042809e-08	110142832
300269	4	3.63164804042809e-08	110142832
300852	36	3.26848323638528e-07	110142832
304863	1	9.07912010107022e-09	110142832
306537	5	4.53956005053511e-08	110142832
309798	2	1.81582402021404e-08	110142832
309799	2	1.81582402021404e-08	110142832
309807	1	9.07912010107022e-09	110142832
311402	10	9.07912010107022e-08	110142832
311403	10	9.07912010107022e-08	110142832
311424	1	9.07912010107022e-09	110142832
312153	39	3.54085683941739e-07	110142832
312309	1	9.07912010107022e-09	110142832
313595	11	9.98703211117724e-08	110142832
313596	11	9.98703211117724e-08	110142832
313598	42	3.81323044244949e-07	110142832
313603	6	5.44747206064213e-08	110142832
314225	13	1.18028561313913e-07	110142832
314282	1	9.07912010107022e-09	110142832
314315	13	1.18028561313913e-07	110142832
314565	184	1.67055809859692e-06	110142832
314723	1	9.07912010107022e-09	110142832
315730	2	1.81582402021404e-08	110142832
315749	7	6.35538407074915e-08	110142832
315750	5	4.53956005053511e-08	110142832
316055	38	3.45006563840668e-07	110142832
316056	23	2.08819762324615e-07	110142832
316057	31	2.81452723133177e-07	110142832
316058	45	4.0856040454816e-07	110142832
316067	3	2.72373603032107e-08	110142832
316273	8	7.26329608085617e-08	110142832
316275	4	3.63164804042809e-08	110142832
316278	6	5.44747206064213e-08	110142832
316385	44	3.9948128444709e-07	110142832
316401	5	4.53956005053511e-08	110142832
316407	1	9.07912010107022e-09	110142832
317025	3	2.72373603032107e-08	110142832
317655	30	2.72373603032107e-07	110142832
317936	1	9.07912010107022e-09	110142832
318161	1	9.07912010107022e-09	110142832
318167	35	3.17769203537458e-07	110142832
318586	33	2.99610963335317e-07	110142832
319224	5	4.53956005053511e-08	110142832
319795	34	3.08690083436387e-07	110142832
320373	6	5.44747206064213e-08	110142832
320388	29	2.63294482931036e-07	110142832
320389	5	4.53956005053511e-08	110142832
321314	1	9.07912010107022e-09	110142832
321327	2	1.81582402021404e-08	110142832
321332	1	9.07912010107022e-09	110142832
321956	30	2.72373603032107e-07	110142832
321967	11	9.98703211117724e-08	110142832
322098	1	9.07912010107022e-09	110142832
322104	4	3.63164804042809e-08	110142832
322159	336	3.05058435395959e-06	110142832
322710	31	2.81452723133177e-07	110142832
323097	19	1.72503281920334e-07	110142832
323098	19	1.72503281920334e-07	110142832
323259	23	2.08819762324615e-07	110142832
323261	1	9.07912010107022e-09	110142832
323848	1	9.07912010107022e-09	110142832
323850	8	7.26329608085617e-08	110142832
324057	4	3.63164804042809e-08	110142832
324602	1	9.07912010107022e-09	110142832
324831	10	9.07912010107022e-08	110142832
324925	2	1.81582402021404e-08	110142832
325240	15	1.36186801516053e-07	110142832
326297	12	1.08949441212843e-07	110142832
326298	20	1.81582402021404e-07	110142832
326423	9	8.1712080909632e-08	110142832
326424	17	1.54345041718194e-07	110142832
326425	1	9.07912010107022e-09	110142832
326426	13	1.18028561313913e-07	110142832
326427	1	9.07912010107022e-09	110142832
326442	6	5.44747206064213e-08	110142832
329726	5	4.53956005053511e-08	110142832
330214	10	9.07912010107022e-08	110142832
330879	5	4.53956005053511e-08	110142832
331111	69	6.26459286973845e-07	110142832
331112	50	4.53956005053511e-07	110142832
331271	109	9.89624091016654e-07	110142832
331272	34	3.08690083436387e-07	110142832
331636	1	9.07912010107022e-09	110142832
331678	2	1.81582402021404e-08	110142832
333849	12	1.08949441212843e-07	110142832
334380	1	9.07912010107022e-09	110142832
334390	3	2.72373603032107e-08	110142832
334413	23	2.08819762324615e-07	110142832
335283	20	1.81582402021404e-07	110142832
335284	485	4.40337324901906e-06	110142832
335541	9	8.1712080909632e-08	110142832
335543	5	4.53956005053511e-08	110142832
335659	57	5.17509845761002e-07	110142832
335992	1	9.07912010107022e-09	110142832
336407	1	9.07912010107022e-09	110142832
337191	7	6.35538407074915e-08	110142832
338187	2	1.81582402021404e-08	110142832
338963	3	2.72373603032107e-08	110142832
338966	14	1.27107681414983e-07	110142832
338969	293	2.66018218961357e-06	110142832
339670	292	2.6511030695125e-06	110142832
339671	1	9.07912010107022e-09	110142832
339860	10	9.07912010107022e-08	110142832
340099	1	9.07912010107022e-09	110142832
340100	143	1.29831417445304e-06	110142832
340177	3	2.72373603032107e-08	110142832
340322	72	6.53696647277056e-07	110142832
342108	15	1.36186801516053e-07	110142832
342109	4	3.63164804042809e-08	110142832
342451	14	1.27107681414983e-07	110142832
342610	8	7.26329608085617e-08	110142832
343509	4	3.63164804042809e-08	110142832
343516	1	9.07912010107022e-09	110142832
344609	39	3.54085683941739e-07	110142832
345073	5	4.53956005053511e-08	110142832
345219	8	7.26329608085617e-08	110142832
347253	102	9.26070250309162e-07	110142832
347255	1	9.07912010107022e-09	110142832
347328	1	9.07912010107022e-09	110142832
347515	10	9.07912010107022e-08	110142832
347834	8	7.26329608085617e-08	110142832
348058	4	3.63164804042809e-08	110142832
349101	17	1.54345041718194e-07	110142832
349102	28	2.54215362829966e-07	110142832
349106	107	9.71465850814513e-07	110142832
349124	7	6.35538407074915e-08	110142832
349161	5	4.53956005053511e-08	110142832
349163	9	8.1712080909632e-08	110142832
349215	4	3.63164804042809e-08	110142832
349307	1	9.07912010107022e-09	110142832
349519	6	5.44747206064213e-08	110142832
349520	3	2.72373603032107e-08	110142832
349521	6	5.44747206064213e-08	110142832
349741	174	1.57976689758622e-06	110142832
349746	1	9.07912010107022e-09	110142832
349747	6	5.44747206064213e-08	110142832
350054	25	2.26978002526755e-07	110142832
350058	25	2.26978002526755e-07	110142832
350688	4	3.63164804042809e-08	110142832
351348	39	3.54085683941739e-07	110142832
351605	5	4.53956005053511e-08	110142832
351607	7	6.35538407074915e-08	110142832
351627	3	2.72373603032107e-08	110142832
351745	8	7.26329608085617e-08	110142832
351746	46	4.1763952464923e-07	110142832
352472	7	6.35538407074915e-08	110142832
352914	5	4.53956005053511e-08	110142832
353151	10	9.07912010107022e-08	110142832
353152	7	6.35538407074915e-08	110142832
353153	24	2.17898882425685e-07	110142832
353496	5	4.53956005053511e-08	110142832
354242	22	1.99740642223545e-07	110142832
355276	8	7.26329608085617e-08	110142832
355277	5	4.53956005053511e-08	110142832
355278	8	7.26329608085617e-08	110142832
357244	1	9.07912010107022e-09	110142832
357348	18	1.63424161819264e-07	110142832
357544	4	3.63164804042809e-08	110142832
357804	4	3.63164804042809e-08	110142832
357809	98	8.89753769904881e-07	110142832
358220	830	7.53566968388828e-06	110142832
358681	3	2.72373603032107e-08	110142832
359786	7	6.35538407074915e-08	110142832
360094	29	2.63294482931036e-07	110142832
360095	4	3.63164804042809e-08	110142832
360102	21	1.90661522122475e-07	110142832
360106	4	3.63164804042809e-08	110142832
360109	4	3.63164804042809e-08	110142832
360115	5	4.53956005053511e-08	110142832
360910	31	2.81452723133177e-07	110142832
360911	2	1.81582402021404e-08	110142832
362242	8	7.26329608085617e-08	110142832
362663	120	1.08949441212843e-06	110142832
362948	4	3.63164804042809e-08	110142832
363253	3	2.72373603032107e-08	110142832
364106	1	9.07912010107022e-09	110142832
365044	1879	1.70596666699109e-05	110142832
365046	295	2.67834042981571e-06	110142832
365659	40	3.63164804042809e-07	110142832
366394	13	1.18028561313913e-07	110142832
366602	49	4.44876884952441e-07	110142832
367737	183	1.66147897849585e-06	110142832
367775	33	2.99610963335317e-07	110142832
367928	326	2.95979315294889e-06	110142832
368407	8	7.26329608085617e-08	110142832
369723	12	1.08949441212843e-07	110142832
370354	6	5.44747206064213e-08	110142832
370438	5	4.53956005053511e-08	110142832
370553	5	4.53956005053511e-08	110142832
372461	3	2.72373603032107e-08	110142832
373153	21	1.90661522122475e-07	110142832
373384	100	9.07912010107022e-07	110142832
373410	1	9.07912010107022e-09	110142832
373411	1	9.07912010107022e-09	110142832
373903	5	4.53956005053511e-08	110142832
373994	5	4.53956005053511e-08	110142832
374463	1	9.07912010107022e-09	110142832
374833	4	3.63164804042809e-08	110142832
374930	4	3.63164804042809e-08	110142832
374931	4	3.63164804042809e-08	110142832
375286	68	6.17380166872775e-07	110142832
375451	3	2.72373603032107e-08	110142832
376686	773	7.01815983812728e-06	110142832
376758	1	9.07912010107022e-09	110142832
377628	16	1.45265921617123e-07	110142832
377629	15	1.36186801516053e-07	110142832
378753	19	1.72503281920334e-07	110142832
378806	6	5.44747206064213e-08	110142832
379066	3	2.72373603032107e-08	110142832
379731	101	9.16991130208092e-07	110142832
379891	1	9.07912010107022e-09	110142832
380358	12	1.08949441212843e-07	110142832
380394	5	4.53956005053511e-08	110142832
380703	111	1.00778233121879e-06	110142832
380749	1	9.07912010107022e-09	110142832
381666	125	1.13489001263378e-06	110142832
381754	64	5.81063686468494e-07	110142832
381764	1	9.07912010107022e-09	110142832
382245	278	2.52399538809752e-06	110142832
382638	3	2.72373603032107e-08	110142832
382640	4	3.63164804042809e-08	110142832
383372	1	9.07912010107022e-09	110142832
383407	19	1.72503281920334e-07	110142832
383629	7	6.35538407074915e-08	110142832
384676	108	9.80544970915584e-07	110142832
385025	3	2.72373603032107e-08	110142832
386043	13	1.18028561313913e-07	110142832
386415	6	5.44747206064213e-08	110142832
386585	19	1.72503281920334e-07	110142832
386656	15	1.36186801516053e-07	110142832
387092	2	1.81582402021404e-08	110142832
387093	1	9.07912010107022e-09	110142832
387344	14	1.27107681414983e-07	110142832
387662	1	9.07912010107022e-09	110142832
388919	19	1.72503281920334e-07	110142832
390235	55	4.99351605558862e-07	110142832
390236	4	3.63164804042809e-08	110142832
390333	89	8.08041688995249e-07	110142832
391008	49	4.44876884952441e-07	110142832
391009	1	9.07912010107022e-09	110142832
391037	11	9.98703211117724e-08	110142832
391038	13	1.18028561313913e-07	110142832
391165	9	8.1712080909632e-08	110142832
391295	12	1.08949441212843e-07	110142832
391296	9	8.1712080909632e-08	110142832
391616	4	3.63164804042809e-08	110142832
391619	3	2.72373603032107e-08	110142832
391626	7	6.35538407074915e-08	110142832
391735	285	2.58754922880501e-06	110142832
391896	3	2.72373603032107e-08	110142832
391904	128	1.16212737293699e-06	110142832
392021	1	9.07912010107022e-09	110142832
392300	1	9.07912010107022e-09	110142832
392499	68	6.17380166872775e-07	110142832
392500	3	2.72373603032107e-08	110142832
393011	18	1.63424161819264e-07	110142832
393115	6	5.44747206064213e-08	110142832
393305	58	5.26588965862073e-07	110142832
393595	28	2.54215362829966e-07	110142832
394221	16	1.45265921617123e-07	110142832
394503	7	6.35538407074915e-08	110142832
395019	170	1.54345041718194e-06	110142832
395491	5	4.53956005053511e-08	110142832
395492	11	9.98703211117724e-08	110142832
395494	22	1.99740642223545e-07	110142832
395495	396	3.59533156002381e-06	110142832
395960	33	2.99610963335317e-07	110142832
395961	14	1.27107681414983e-07	110142832
395962	1	9.07912010107022e-09	110142832
395963	10	9.07912010107022e-08	110142832
395965	12	1.08949441212843e-07	110142832
396513	3	2.72373603032107e-08	110142832
396588	24	2.17898882425685e-07	110142832
396595	3	2.72373603032107e-08	110142832
397945	398	3.61348980022595e-06	110142832
398511	1	9.07912010107022e-09	110142832
398527	24	2.17898882425685e-07	110142832
398577	13	1.18028561313913e-07	110142832
398578	651	5.91050718579671e-06	110142832
398579	3	2.72373603032107e-08	110142832
398580	9	8.1712080909632e-08	110142832
398767	3	2.72373603032107e-08	110142832
399599	3	2.72373603032107e-08	110142832
399726	5	4.53956005053511e-08	110142832
399739	68	6.17380166872775e-07	110142832
399741	6	5.44747206064213e-08	110142832
399742	7	6.35538407074915e-08	110142832
399781	1	9.07912010107022e-09	110142832
399804	3	2.72373603032107e-08	110142832
400667	263	2.38780858658147e-06	110142832
400668	14	1.27107681414983e-07	110142832
400673	7	6.35538407074915e-08	110142832
400756	93	8.4435816939953e-07	110142832
401053	7	6.35538407074915e-08	110142832
401473	27	2.45136242728896e-07	110142832
401614	3	2.72373603032107e-08	110142832
402612	575	5.22049405811537e-06	110142832
402626	73	6.62775767378126e-07	110142832
402881	36	3.26848323638528e-07	110142832
402882	8	7.26329608085617e-08	110142832
403677	108	9.80544970915584e-07	110142832
403833	6	5.44747206064213e-08	110142832
404380	8	7.26329608085617e-08	110142832
404589	8	7.26329608085617e-08	110142832
405416	190	1.72503281920334e-06	110142832
405440	7	6.35538407074915e-08	110142832
405441	1	9.07912010107022e-09	110142832
405534	1	9.07912010107022e-09	110142832
405566	7	6.35538407074915e-08	110142832
405948	15	1.36186801516053e-07	110142832
405955	108	9.80544970915584e-07	110142832
406425	19	1.72503281920334e-07	110142832
406818	1	9.07912010107022e-09	110142832
407976	8	7.26329608085617e-08	110142832
409438	14	1.27107681414983e-07	110142832
410289	7	6.35538407074915e-08	110142832
410358	16	1.45265921617123e-07	110142832
411154	36	3.26848323638528e-07	110142832
412022	17	1.54345041718194e-07	110142832
412030	3	2.72373603032107e-08	110142832
412133	1	9.07912010107022e-09	110142832
412419	1	9.07912010107022e-09	110142832
412694	14	1.27107681414983e-07	110142832
412965	3	2.72373603032107e-08	110142832
413404	4	3.63164804042809e-08	110142832
413997	3	2.72373603032107e-08	110142832
413999	16	1.45265921617123e-07	110142832
414684	15	1.36186801516053e-07	110142832
414970	1	9.07912010107022e-09	110142832
416269	10	9.07912010107022e-08	110142832
416276	3	2.72373603032107e-08	110142832
416344	14	1.27107681414983e-07	110142832
416870	37	3.35927443739598e-07	110142832
418127	1	9.07912010107022e-09	110142832
419610	37	3.35927443739598e-07	110142832
419947	4	3.63164804042809e-08	110142832
420246	9	8.1712080909632e-08	110142832
420247	122	1.10765265233057e-06	110142832
420662	249	2.26070090516648e-06	110142832
420889	3	2.72373603032107e-08	110142832
420890	1	9.07912010107022e-09	110142832
423211	7	6.35538407074915e-08	110142832
423212	4	3.63164804042809e-08	110142832
423368	44	3.9948128444709e-07	110142832
423536	48	4.3579776485137e-07	110142832
424182	10	9.07912010107022e-08	110142832
425011	34	3.08690083436387e-07	110142832
425104	1	9.07912010107022e-09	110142832
426114	33	2.99610963335317e-07	110142832
426117	35	3.17769203537458e-07	110142832
426355	56	5.08430725659932e-07	110142832
426430	6	5.44747206064213e-08	110142832
428406	71	6.44617527175985e-07	110142832
430066	1	9.07912010107022e-09	110142832
431895	11	9.98703211117724e-08	110142832
431943	18	1.63424161819264e-07	110142832
431946	4	3.63164804042809e-08	110142832
431947	15	1.36186801516053e-07	110142832
434131	1	9.07912010107022e-09	110142832
434922	6	5.44747206064213e-08	110142832
434923	6	5.44747206064213e-08	110142832
434924	4	3.63164804042809e-08	110142832
435258	5	4.53956005053511e-08	110142832
435590	4087	3.7106363853074e-05	110142832
435591	581	5.2749687787218e-06	110142832
435998	8	7.26329608085617e-08	110142832
436114	1	9.07912010107022e-09	110142832
436308	1	9.07912010107022e-09	110142832
436717	87	7.89883448793109e-07	110142832
438753	28	2.54215362829966e-07	110142832
439235	2	1.81582402021404e-08	110142832
439292	2	1.81582402021404e-08	110142832
439375	22	1.99740642223545e-07	110142832
439843	1183	1.07405990795661e-05	110142832
439855	41	3.72243924143879e-07	110142832
440085	34	3.08690083436387e-07	110142832
441375	15	1.36186801516053e-07	110142832
441620	50	4.53956005053511e-07	110142832
441768	89	8.08041688995249e-07	110142832
441771	2	1.81582402021404e-08	110142832
441772	1	9.07912010107022e-09	110142832
442563	12	1.08949441212843e-07	110142832
443143	5	4.53956005053511e-08	110142832
443144	4	3.63164804042809e-08	110142832
443218	3	2.72373603032107e-08	110142832
443906	77	6.99092247782407e-07	110142832
444177	7	6.35538407074915e-08	110142832
444178	9	8.1712080909632e-08	110142832
444179	2	1.81582402021404e-08	110142832
445932	2	1.81582402021404e-08	110142832
446462	18	1.63424161819264e-07	110142832
446465	11	9.98703211117724e-08	110142832
446466	14	1.27107681414983e-07	110142832
446468	12	1.08949441212843e-07	110142832
446469	49	4.44876884952441e-07	110142832
446470	10	9.07912010107022e-08	110142832
446471	16	1.45265921617123e-07	110142832
447217	8	7.26329608085617e-08	110142832
448385	19	1.72503281920334e-07	110142832
449447	5	4.53956005053511e-08	110142832
450851	36	3.26848323638528e-07	110142832
452471	2	1.81582402021404e-08	110142832
452637	19	1.72503281920334e-07	110142832
452638	29	2.63294482931036e-07	110142832
452652	20	1.81582402021404e-07	110142832
452662	38	3.45006563840668e-07	110142832
452863	7	6.35538407074915e-08	110142832
454169	1177	1.06861243589596e-05	110142832
455488	6	5.44747206064213e-08	110142832
455632	22	1.99740642223545e-07	110142832
456481	8	7.26329608085617e-08	110142832
457425	11	9.98703211117724e-08	110142832
458233	14	1.27107681414983e-07	110142832
458234	1	9.07912010107022e-09	110142832
458817	4	3.63164804042809e-08	110142832
459349	338	3.06874259416173e-06	110142832
460265	30	2.72373603032107e-07	110142832
462590	1	9.07912010107022e-09	110142832
463136	1	9.07912010107022e-09	110142832
464988	13	1.18028561313913e-07	110142832
465515	60	5.44747206064213e-07	110142832
465817	3	2.72373603032107e-08	110142832
467705	9	8.1712080909632e-08	110142832
469008	1	9.07912010107022e-09	110142832
469371	7	6.35538407074915e-08	110142832
469378	4	3.63164804042809e-08	110142832
469383	11	9.98703211117724e-08	110142832
469604	2	1.81582402021404e-08	110142832
469607	4	3.63164804042809e-08	110142832
471223	12	1.08949441212843e-07	110142832
471852	9	8.1712080909632e-08	110142832
471853	13	1.18028561313913e-07	110142832
471854	52	4.72114245255651e-07	110142832
471855	9	8.1712080909632e-08	110142832
471856	10	9.07912010107022e-08	110142832
471857	5	4.53956005053511e-08	110142832
474186	2	1.81582402021404e-08	110142832
477641	24	2.17898882425685e-07	110142832
477974	1	9.07912010107022e-09	110142832
478434	1	9.07912010107022e-09	110142832
478801	20	1.81582402021404e-07	110142832
479431	41	3.72243924143879e-07	110142832
479432	15	1.36186801516053e-07	110142832
479433	15	1.36186801516053e-07	110142832
479434	1	9.07912010107022e-09	110142832
479435	15	1.36186801516053e-07	110142832
479436	15	1.36186801516053e-07	110142832
479437	28	2.54215362829966e-07	110142832
480119	62	5.62905446266354e-07	110142832
480224	1	9.07912010107022e-09	110142832
481009	1	9.07912010107022e-09	110142832
481448	3	2.72373603032107e-08	110142832
481743	10	9.07912010107022e-08	110142832
481805	150	1.36186801516053e-06	110142832
481877	12	1.08949441212843e-07	110142832
482957	43	3.90402164346019e-07	110142832
483179	5	4.53956005053511e-08	110142832
483219	6	5.44747206064213e-08	110142832
484020	20	1.81582402021404e-07	110142832
484021	68	6.17380166872775e-07	110142832
484022	2	1.81582402021404e-08	110142832
484906	3	2.72373603032107e-08	110142832
485915	5	4.53956005053511e-08	110142832
485917	59	5.35668085963143e-07	110142832
485918	25	2.26978002526755e-07	110142832
487213	6	5.44747206064213e-08	110142832
487214	10	9.07912010107022e-08	110142832
487521	11	9.98703211117724e-08	110142832
488221	2	1.81582402021404e-08	110142832
488222	1	9.07912010107022e-09	110142832
488223	3	2.72373603032107e-08	110142832
489653	2	1.81582402021404e-08	110142832
490759	5	4.53956005053511e-08	110142832
490912	1	9.07912010107022e-09	110142832
491077	5	4.53956005053511e-08	110142832
491915	21	1.90661522122475e-07	110142832
491916	17	1.54345041718194e-07	110142832
491952	2	1.81582402021404e-08	110142832
494269	3	2.72373603032107e-08	110142832
497978	87	7.89883448793109e-07	110142832
498211	27	2.45136242728896e-07	110142832
498213	6	5.44747206064213e-08	110142832
498214	1	9.07912010107022e-09	110142832
498216	4	3.63164804042809e-08	110142832
498217	2	1.81582402021404e-08	110142832
498761	4	3.63164804042809e-08	110142832
502025	14	1.27107681414983e-07	110142832
502558	8	7.26329608085617e-08	110142832
502800	1	9.07912010107022e-09	110142832
502801	4	3.63164804042809e-08	110142832
504472	17	1.54345041718194e-07	110142832
504474	14	1.27107681414983e-07	110142832
504728	69	6.26459286973845e-07	110142832
504832	53	4.81193365356722e-07	110142832
505682	1	9.07912010107022e-09	110142832
505711	2	1.81582402021404e-08	110142832
507522	11	9.98703211117724e-08	110142832
508765	13	1.18028561313913e-07	110142832
508767	2	1.81582402021404e-08	110142832
508771	18	1.63424161819264e-07	110142832
509169	327	2.96887227304996e-06	110142832
509170	106	9.62386730713443e-07	110142832
509173	592	5.37483909983357e-06	110142832
509190	51	4.63035125154581e-07	110142832
510516	7	6.35538407074915e-08	110142832
511051	2	1.81582402021404e-08	110142832
511062	8	7.26329608085617e-08	110142832
511437	8	7.26329608085617e-08	110142832
511691	6	5.44747206064213e-08	110142832
511995	2	1.81582402021404e-08	110142832
512564	2	1.81582402021404e-08	110142832
512565	14	1.27107681414983e-07	110142832
512566	5	4.53956005053511e-08	110142832
515619	1377	1.25019483791737e-05	110142832
515620	284	2.57847010870394e-06	110142832
515621	3	2.72373603032107e-08	110142832
515622	17	1.54345041718194e-07	110142832
515635	2	1.81582402021404e-08	110142832
516950	27	2.45136242728896e-07	110142832
517417	4	3.63164804042809e-08	110142832
517418	2	1.81582402021404e-08	110142832
518766	3	2.72373603032107e-08	110142832
519441	5	4.53956005053511e-08	110142832
521006	2	1.81582402021404e-08	110142832
521011	2	1.81582402021404e-08	110142832
521095	3	2.72373603032107e-08	110142832
521096	8	7.26329608085617e-08	110142832
521097	31	2.81452723133177e-07	110142832
521098	3	2.72373603032107e-08	110142832
521674	1	9.07912010107022e-09	110142832
522306	63	5.71984566367424e-07	110142832
522373	60	5.44747206064213e-07	110142832
523791	4	3.63164804042809e-08	110142832
523794	4	3.63164804042809e-08	110142832
523796	1	9.07912010107022e-09	110142832
525146	7	6.35538407074915e-08	110142832
525284	11	9.98703211117724e-08	110142832
525381	6	5.44747206064213e-08	110142832
525897	4	3.63164804042809e-08	110142832
525898	5	4.53956005053511e-08	110142832
525903	5	4.53956005053511e-08	110142832
525904	2	1.81582402021404e-08	110142832
525909	4	3.63164804042809e-08	110142832
525919	9	8.1712080909632e-08	110142832
526218	7	6.35538407074915e-08	110142832
526222	3	2.72373603032107e-08	110142832
526225	31	2.81452723133177e-07	110142832
526226	34	3.08690083436387e-07	110142832
526227	31	2.81452723133177e-07	110142832
529507	4	3.63164804042809e-08	110142832
530564	4	3.63164804042809e-08	110142832
531844	58	5.26588965862073e-07	110142832
535289	480	4.3579776485137e-06	110142832
536019	15	1.36186801516053e-07	110142832
536056	20	1.81582402021404e-07	110142832
536230	2	1.81582402021404e-08	110142832
536232	1	9.07912010107022e-09	110142832
537021	1	9.07912010107022e-09	110142832
537457	6	5.44747206064213e-08	110142832
543526	1	9.07912010107022e-09	110142832
543728	496	4.50324357013083e-06	110142832
543734	9	8.1712080909632e-08	110142832
543891	88	7.98962568894179e-07	110142832
543913	105	9.53307610612373e-07	110142832
544556	6	5.44747206064213e-08	110142832
545693	9	8.1712080909632e-08	110142832
546271	6	5.44747206064213e-08	110142832
546342	1	9.07912010107022e-09	110142832
546414	1	9.07912010107022e-09	110142832
547558	2	1.81582402021404e-08	110142832
548473	4	3.63164804042809e-08	110142832
548476	12	1.08949441212843e-07	110142832
548479	11	9.98703211117724e-08	110142832
550540	3	2.72373603032107e-08	110142832
550542	3	2.72373603032107e-08	110142832
551115	2	1.81582402021404e-08	110142832
551895	1	9.07912010107022e-09	110142832
552526	4	3.63164804042809e-08	110142832
552536	1	9.07912010107022e-09	110142832
552811	3	2.72373603032107e-08	110142832
553174	50	4.53956005053511e-07	110142832
553190	22	1.99740642223545e-07	110142832
553199	1276	1.15849572489656e-05	110142832
553482	3	2.72373603032107e-08	110142832
555778	9	8.1712080909632e-08	110142832
556484	39	3.54085683941739e-07	110142832
557433	18	1.63424161819264e-07	110142832
557436	26	2.36057122627826e-07	110142832
557598	33	2.99610963335317e-07	110142832
557599	5	4.53956005053511e-08	110142832
557600	38	3.45006563840668e-07	110142832
557722	59	5.35668085963143e-07	110142832
557723	2	1.81582402021404e-08	110142832
557760	17	1.54345041718194e-07	110142832
559292	1142	1.03683551554222e-05	110142832
559295	41	3.72243924143879e-07	110142832
559307	13	1.18028561313913e-07	110142832
561229	8	7.26329608085617e-08	110142832
561230	2	1.81582402021404e-08	110142832
561231	3	2.72373603032107e-08	110142832
561276	3	2.72373603032107e-08	110142832
561304	1	9.07912010107022e-09	110142832
562019	3	2.72373603032107e-08	110142832
562970	4	3.63164804042809e-08	110142832
565034	3	2.72373603032107e-08	110142832
565040	234	2.12451410365043e-06	110142832
565042	137	1.24383945384662e-06	110142832
565050	37	3.35927443739598e-07	110142832
565655	9	8.1712080909632e-08	110142832
566546	3	2.72373603032107e-08	110142832
567106	5	4.53956005053511e-08	110142832
568704	2	1.81582402021404e-08	110142832
568706	15	1.36186801516053e-07	110142832
568707	24	2.17898882425685e-07	110142832
568813	1	9.07912010107022e-09	110142832
568814	13	1.18028561313913e-07	110142832
568815	3	2.72373603032107e-08	110142832
568816	37	3.35927443739598e-07	110142832
568819	1	9.07912010107022e-09	110142832
570417	1	9.07912010107022e-09	110142832
571800	617	5.60181710236032e-06	110142832
572263	1	9.07912010107022e-09	110142832
572307	4	3.63164804042809e-08	110142832
572477	22	1.99740642223545e-07	110142832
572479	1	9.07912010107022e-09	110142832
572480	45	4.0856040454816e-07	110142832
573059	1	9.07912010107022e-09	110142832
573061	14	1.27107681414983e-07	110142832
573062	3	2.72373603032107e-08	110142832
573065	11	9.98703211117724e-08	110142832
573235	7	6.35538407074915e-08	110142832
573370	3	2.72373603032107e-08	110142832
573413	2	1.81582402021404e-08	110142832
573729	10	9.07912010107022e-08	110142832
573826	7	6.35538407074915e-08	110142832
574087	2	1.81582402021404e-08	110142832
574093	1	9.07912010107022e-09	110142832
574521	14	1.27107681414983e-07	110142832
574556	2	1.81582402021404e-08	110142832
575540	4	3.63164804042809e-08	110142832
575614	7	6.35538407074915e-08	110142832
577650	2	1.81582402021404e-08	110142832
578455	22	1.99740642223545e-07	110142832
578461	1	9.07912010107022e-09	110142832
579138	2	1.81582402021404e-08	110142832
579405	3	2.72373603032107e-08	110142832
580050	9	8.1712080909632e-08	110142832
580327	25	2.26978002526755e-07	110142832
580331	1	9.07912010107022e-09	110142832
580332	26	2.36057122627826e-07	110142832
580340	1	9.07912010107022e-09	110142832
581103	6	5.44747206064213e-08	110142832
582402	2	1.81582402021404e-08	110142832
582744	24	2.17898882425685e-07	110142832
582899	12	1.08949441212843e-07	110142832
583345	24	2.17898882425685e-07	110142832
583346	12	1.08949441212843e-07	110142832
583355	7	6.35538407074915e-08	110142832
585034	5	4.53956005053511e-08	110142832
585035	4	3.63164804042809e-08	110142832
585054	12	1.08949441212843e-07	110142832
585055	13	1.18028561313913e-07	110142832
585056	24	2.17898882425685e-07	110142832
585057	26	2.36057122627826e-07	110142832
585394	568	5.15694021740788e-06	110142832
585395	4	3.63164804042809e-08	110142832
585396	1182	1.0731519959465e-05	110142832
585397	4	3.63164804042809e-08	110142832
590409	2	1.81582402021404e-08	110142832
590739	4	3.63164804042809e-08	110142832
590998	21	1.90661522122475e-07	110142832
591001	15	1.36186801516053e-07	110142832
591020	5	4.53956005053511e-08	110142832
591167	4	3.63164804042809e-08	110142832
591365	4	3.63164804042809e-08	110142832
591946	2	1.81582402021404e-08	110142832
592029	11	9.98703211117724e-08	110142832
592316	3	2.72373603032107e-08	110142832
593588	9	8.1712080909632e-08	110142832
593750	1	9.07912010107022e-09	110142832
593907	14	1.27107681414983e-07	110142832
595494	34	3.08690083436387e-07	110142832
595495	44	3.9948128444709e-07	110142832
595496	4	3.63164804042809e-08	110142832
595499	2	1.81582402021404e-08	110142832
595528	17	1.54345041718194e-07	110142832
595537	327	2.96887227304996e-06	110142832
596153	495	4.49416445002976e-06	110142832
596154	394	3.57717331982167e-06	110142832
598659	7	6.35538407074915e-08	110142832
600809	3	2.72373603032107e-08	110142832
604162	2	1.81582402021404e-08	110142832
610130	83	7.53566968388828e-07	110142832
622759	14	1.27107681414983e-07	110142832
626418	25	2.26978002526755e-07	110142832
627192	25	2.26978002526755e-07	110142832
630626	1	9.07912010107022e-09	110142832
632772	36	3.26848323638528e-07	110142832
633147	5	4.53956005053511e-08	110142832
633149	76	6.90013127681337e-07	110142832
633699	8	7.26329608085617e-08	110142832
634177	3	2.72373603032107e-08	110142832
634452	3	2.72373603032107e-08	110142832
634456	1	9.07912010107022e-09	110142832
634498	2	1.81582402021404e-08	110142832
634499	2	1.81582402021404e-08	110142832
634500	11	9.98703211117724e-08	110142832
634503	2	1.81582402021404e-08	110142832
634956	3	2.72373603032107e-08	110142832
635013	9	8.1712080909632e-08	110142832
637379	61	5.53826326165283e-07	110142832
637381	3	2.72373603032107e-08	110142832
637887	1	9.07912010107022e-09	110142832
637905	1	9.07912010107022e-09	110142832
637909	18	1.63424161819264e-07	110142832
637910	3	2.72373603032107e-08	110142832
639282	2	1.81582402021404e-08	110142832
639283	29	2.63294482931036e-07	110142832
640081	56	5.08430725659932e-07	110142832
640131	15	1.36186801516053e-07	110142832
640132	7	6.35538407074915e-08	110142832
640510	22	1.99740642223545e-07	110142832
640511	16	1.45265921617123e-07	110142832
640512	22	1.99740642223545e-07	110142832
640513	5	4.53956005053511e-08	110142832
641491	2	1.81582402021404e-08	110142832
642492	8	7.26329608085617e-08	110142832
643561	246	2.23346354486327e-06	110142832
643562	2	1.81582402021404e-08	110142832
643867	14	1.27107681414983e-07	110142832
644042	22	1.99740642223545e-07	110142832
644223	12	1.08949441212843e-07	110142832
644282	2	1.81582402021404e-08	110142832
644283	12	1.08949441212843e-07	110142832
644284	3	2.72373603032107e-08	110142832
644295	1	9.07912010107022e-09	110142832
644801	33	2.99610963335317e-07	110142832
644966	2	1.81582402021404e-08	110142832
645127	24	2.17898882425685e-07	110142832
645462	8	7.26329608085617e-08	110142832
645463	83	7.53566968388828e-07	110142832
645464	11	9.98703211117724e-08	110142832
645991	5	4.53956005053511e-08	110142832
646529	6	5.44747206064213e-08	110142832
648757	10	9.07912010107022e-08	110142832
648999	13	1.18028561313913e-07	110142832
649349	27	2.45136242728896e-07	110142832
649638	2	1.81582402021404e-08	110142832
649639	1	9.07912010107022e-09	110142832
649831	14	1.27107681414983e-07	110142832
650150	6	5.44747206064213e-08	110142832
651182	1	9.07912010107022e-09	110142832
651822	1	9.07912010107022e-09	110142832
652103	50	4.53956005053511e-07	110142832
652620	2	1.81582402021404e-08	110142832
653045	13	1.18028561313913e-07	110142832
653733	5	4.53956005053511e-08	110142832
653938	3	2.72373603032107e-08	110142832
655815	17	1.54345041718194e-07	110142832
655817	4	3.63164804042809e-08	110142832
656024	4	3.63164804042809e-08	110142832
656519	3	2.72373603032107e-08	110142832
657308	34	3.08690083436387e-07	110142832
657309	912	8.28015753217604e-06	110142832
657310	4	3.63164804042809e-08	110142832
657313	816	7.4085620024733e-06	110142832
657314	560	5.08430725659932e-06	110142832
657315	530	4.81193365356722e-06	110142832
657316	363	3.29572059668849e-06	110142832
657317	966	8.77043001763383e-06	110142832
657318	1093	9.92347827046975e-06	110142832
657319	153	1.38910537546374e-06	110142832
657321	765	6.94552687731872e-06	110142832
657322	911	8.27107841207497e-06	110142832
657323	897	8.14397073065998e-06	110142832
657324	6	5.44747206064213e-08	110142832
658172	3	2.72373603032107e-08	110142832
661367	9	8.1712080909632e-08	110142832
661410	11	9.98703211117724e-08	110142832
662598	2	1.81582402021404e-08	110142832
662755	3	2.72373603032107e-08	110142832
663278	24	2.17898882425685e-07	110142832
663917	7	6.35538407074915e-08	110142832
663954	1	9.07912010107022e-09	110142832
665571	3	2.72373603032107e-08	110142832
666681	113	1.02594057142093e-06	110142832
666685	27	2.45136242728896e-07	110142832
666686	8	7.26329608085617e-08	110142832
667015	153	1.38910537546374e-06	110142832
668336	1	9.07912010107022e-09	110142832
670307	13	1.18028561313913e-07	110142832
670487	10	9.07912010107022e-08	110142832
673862	2	1.81582402021404e-08	110142832
674081	1	9.07912010107022e-09	110142832
674082	2	1.81582402021404e-08	110142832
675635	12	1.08949441212843e-07	110142832
679935	207	1.87937786092154e-06	110142832
679936	1	9.07912010107022e-09	110142832
680198	11	9.98703211117724e-08	110142832
680646	9	8.1712080909632e-08	110142832
682634	2	1.81582402021404e-08	110142832
682795	3	2.72373603032107e-08	110142832
684738	59	5.35668085963143e-07	110142832
685038	1	9.07912010107022e-09	110142832
685727	26	2.36057122627826e-07	110142832
688245	205	1.86121962071939e-06	110142832
688270	35	3.17769203537458e-07	110142832
690566	28	2.54215362829966e-07	110142832
691437	8	7.26329608085617e-08	110142832
692420	1	9.07912010107022e-09	110142832
693216	5	4.53956005053511e-08	110142832
693444	2	1.81582402021404e-08	110142832
693746	12	1.08949441212843e-07	110142832
693970	7	6.35538407074915e-08	110142832
693973	1	9.07912010107022e-09	110142832
693974	5	4.53956005053511e-08	110142832
693977	4	3.63164804042809e-08	110142832
693978	40	3.63164804042809e-07	110142832
693979	86	7.80804328692039e-07	110142832
693982	4	3.63164804042809e-08	110142832
694427	23	2.08819762324615e-07	110142832
694430	1	9.07912010107022e-09	110142832
695560	1	9.07912010107022e-09	110142832
696127	1	9.07912010107022e-09	110142832
696216	16	1.45265921617123e-07	110142832
696281	6	5.44747206064213e-08	110142832
696406	4	3.63164804042809e-08	110142832
696747	3	2.72373603032107e-08	110142832
696749	21	1.90661522122475e-07	110142832
697281	3	2.72373603032107e-08	110142832
697284	2	1.81582402021404e-08	110142832
697329	38	3.45006563840668e-07	110142832
698737	2	1.81582402021404e-08	110142832
698758	5	4.53956005053511e-08	110142832
698761	12	1.08949441212843e-07	110142832
698936	1	9.07912010107022e-09	110142832
698948	13	1.18028561313913e-07	110142832
698962	2	1.81582402021404e-08	110142832
698964	1	9.07912010107022e-09	110142832
698965	2	1.81582402021404e-08	110142832
698967	3	2.72373603032107e-08	110142832
698970	2	1.81582402021404e-08	110142832
698972	2	1.81582402021404e-08	110142832
698973	5	4.53956005053511e-08	110142832
699032	26	2.36057122627826e-07	110142832
699033	23	2.08819762324615e-07	110142832
699037	27	2.45136242728896e-07	110142832
699246	3	2.72373603032107e-08	110142832
700015	6	5.44747206064213e-08	110142832
700508	8	7.26329608085617e-08	110142832
700598	67	6.08301046771705e-07	110142832
701177	2	1.81582402021404e-08	110142832
701347	6	5.44747206064213e-08	110142832
701521	7	6.35538407074915e-08	110142832
702113	38	3.45006563840668e-07	110142832
702459	44	3.9948128444709e-07	110142832
703613	1	9.07912010107022e-09	110142832
706191	1	9.07912010107022e-09	110142832
706194	1	9.07912010107022e-09	110142832
707241	7	6.35538407074915e-08	110142832
707757	1	9.07912010107022e-09	110142832
709032	2	1.81582402021404e-08	110142832
709986	1	9.07912010107022e-09	110142832
709991	211	1.91569434132582e-06	110142832
710421	16	1.45265921617123e-07	110142832
710685	15	1.36186801516053e-07	110142832
710686	3	2.72373603032107e-08	110142832
710696	10	9.07912010107022e-08	110142832
712898	11	9.98703211117724e-08	110142832
712938	1	9.07912010107022e-09	110142832
712961	6	5.44747206064213e-08	110142832
713604	7	6.35538407074915e-08	110142832
713887	4	3.63164804042809e-08	110142832
714313	26	2.36057122627826e-07	110142832
714359	1	9.07912010107022e-09	110142832
714962	1	9.07912010107022e-09	110142832
715451	2	1.81582402021404e-08	110142832
716541	23	2.08819762324615e-07	110142832
716544	3	2.72373603032107e-08	110142832
717605	5	4.53956005053511e-08	110142832
717608	120	1.08949441212843e-06	110142832
717773	6	5.44747206064213e-08	110142832
717774	5	4.53956005053511e-08	110142832
717785	5	4.53956005053511e-08	110142832
717959	176	1.59792513778836e-06	110142832
717960	219	1.98832730213438e-06	110142832
717961	129	1.17120649303806e-06	110142832
717962	423	3.8404678027527e-06	110142832
718251	1	9.07912010107022e-09	110142832
718252	697	6.32814671044594e-06	110142832
718254	12	1.08949441212843e-07	110142832
718255	511	4.63943037164688e-06	110142832
718271	16	1.45265921617123e-07	110142832
718274	5	4.53956005053511e-08	110142832
720554	15	1.36186801516053e-07	110142832
720555	1	9.07912010107022e-09	110142832
722911	56	5.08430725659932e-07	110142832
741091	37	3.35927443739598e-07	110142832
742013	366	3.3229579569917e-06	110142832
743299	7	6.35538407074915e-08	110142832
743525	597	5.42023470033892e-06	110142832
743718	24	2.17898882425685e-07	110142832
743720	46	4.1763952464923e-07	110142832
743721	38	3.45006563840668e-07	110142832
743722	9	8.1712080909632e-08	110142832
743973	1	9.07912010107022e-09	110142832
744533	4	3.63164804042809e-08	110142832
744985	2	1.81582402021404e-08	110142832
745277	16	1.45265921617123e-07	110142832
745310	40	3.63164804042809e-07	110142832
745776	7	6.35538407074915e-08	110142832
746361	9	8.1712080909632e-08	110142832
746697	27	2.45136242728896e-07	110142832
748247	33	2.99610963335317e-07	110142832
748280	46	4.1763952464923e-07	110142832
748671	10	9.07912010107022e-08	110142832
748727	6	5.44747206064213e-08	110142832
749219	10	9.07912010107022e-08	110142832
749414	8	7.26329608085617e-08	110142832
749927	10	9.07912010107022e-08	110142832
751585	188	1.7068745790012e-06	110142832
751945	47	4.267186447503e-07	110142832
754035	18	1.63424161819264e-07	110142832
754252	19	1.72503281920334e-07	110142832
754476	10	9.07912010107022e-08	110142832
754477	10	9.07912010107022e-08	110142832
754507	1	9.07912010107022e-09	110142832
755178	1	9.07912010107022e-09	110142832
755732	55	4.99351605558862e-07	110142832
756272	4	3.63164804042809e-08	110142832
757424	145	1.31647241465518e-06	110142832
757425	5	4.53956005053511e-08	110142832
758678	1	9.07912010107022e-09	110142832
758793	18	1.63424161819264e-07	110142832
759350	178	1.6160833779905e-06	110142832
759362	4	3.63164804042809e-08	110142832
759914	4	3.63164804042809e-08	110142832
760011	1	9.07912010107022e-09	110142832
760142	1	9.07912010107022e-09	110142832
760154	4	3.63164804042809e-08	110142832
760192	27	2.45136242728896e-07	110142832
760568	2	1.81582402021404e-08	110142832
760570	13	1.18028561313913e-07	110142832
761193	10	9.07912010107022e-08	110142832
761659	1	9.07912010107022e-09	110142832
762051	7	6.35538407074915e-08	110142832
762376	78	7.08171367883477e-07	110142832
762550	5	4.53956005053511e-08	110142832
762570	2	1.81582402021404e-08	110142832
762633	118	1.07133617192629e-06	110142832
762903	32	2.90531843234247e-07	110142832
762948	17	1.54345041718194e-07	110142832
765698	25	2.26978002526755e-07	110142832
765874	4	3.63164804042809e-08	110142832
765911	6	5.44747206064213e-08	110142832
765912	5	4.53956005053511e-08	110142832
765952	4	3.63164804042809e-08	110142832
766760	1	9.07912010107022e-09	110142832
767029	10	9.07912010107022e-08	110142832
767031	14	1.27107681414983e-07	110142832
767434	9	8.1712080909632e-08	110142832
767455	34	3.08690083436387e-07	110142832
767462	5	4.53956005053511e-08	110142832
767463	303	2.75097339062428e-06	110142832
767468	6	5.44747206064213e-08	110142832
767817	1	9.07912010107022e-09	110142832
768066	12	1.08949441212843e-07	110142832
768486	3	2.72373603032107e-08	110142832
768490	5	4.53956005053511e-08	110142832
768492	4	3.63164804042809e-08	110142832
768670	4	3.63164804042809e-08	110142832
768704	1	9.07912010107022e-09	110142832
771875	3	2.72373603032107e-08	110142832
797210	1	9.07912010107022e-09	110142832
798128	74	6.71854887479196e-07	110142832
856793	3	2.72373603032107e-08	110142832
857087	6	5.44747206064213e-08	110142832
858215	3	2.72373603032107e-08	110142832
858619	22	1.99740642223545e-07	110142832
859653	1	9.07912010107022e-09	110142832
859655	42	3.81323044244949e-07	110142832
859656	52	4.72114245255651e-07	110142832
859657	55	4.99351605558862e-07	110142832
860228	10	9.07912010107022e-08	110142832
861208	13	1.18028561313913e-07	110142832
861360	48	4.3579776485137e-07	110142832
862259	1	9.07912010107022e-09	110142832
862719	15	1.36186801516053e-07	110142832
862751	9	8.1712080909632e-08	110142832
862908	4	3.63164804042809e-08	110142832
862962	239	2.16990970415578e-06	110142832
862964	4	3.63164804042809e-08	110142832
862965	9	8.1712080909632e-08	110142832
862966	4	3.63164804042809e-08	110142832
862967	1	9.07912010107022e-09	110142832
862968	5	4.53956005053511e-08	110142832
862969	1	9.07912010107022e-09	110142832
862970	4	3.63164804042809e-08	110142832
862971	3	2.72373603032107e-08	110142832
865938	13	1.18028561313913e-07	110142832
866536	27	2.45136242728896e-07	110142832
866629	1	9.07912010107022e-09	110142832
866630	3	2.72373603032107e-08	110142832
866768	81	7.35408728186688e-07	110142832
866775	8	7.26329608085617e-08	110142832
866777	26	2.36057122627826e-07	110142832
867900	15	1.36186801516053e-07	110142832
867902	9	8.1712080909632e-08	110142832
867904	10	9.07912010107022e-08	110142832
868131	13	1.18028561313913e-07	110142832
868132	10	9.07912010107022e-08	110142832
868595	4	3.63164804042809e-08	110142832
868597	34	3.08690083436387e-07	110142832
869209	14	1.27107681414983e-07	110142832
869210	6	5.44747206064213e-08	110142832
869211	3	2.72373603032107e-08	110142832
869212	7	6.35538407074915e-08	110142832
869216	2	1.81582402021404e-08	110142832
869309	14	1.27107681414983e-07	110142832
869729	35	3.17769203537458e-07	110142832
871585	52	4.72114245255651e-07	110142832
872331	1	9.07912010107022e-09	110142832
875328	8	7.26329608085617e-08	110142832
877468	4	3.63164804042809e-08	110142832
879243	11	9.98703211117724e-08	110142832
880070	5	4.53956005053511e-08	110142832
880071	31	2.81452723133177e-07	110142832
880072	2	1.81582402021404e-08	110142832
880447	1	9.07912010107022e-09	110142832
880591	6	5.44747206064213e-08	110142832
880633	1	9.07912010107022e-09	110142832
880758	69	6.26459286973845e-07	110142832
882102	1	9.07912010107022e-09	110142832
882378	3	2.72373603032107e-08	110142832
882884	4	3.63164804042809e-08	110142832
882944	1	9.07912010107022e-09	110142832
883062	44	3.9948128444709e-07	110142832
884204	6	5.44747206064213e-08	110142832
885275	1	9.07912010107022e-09	110142832
885276	1	9.07912010107022e-09	110142832
886293	6	5.44747206064213e-08	110142832
886377	11	9.98703211117724e-08	110142832
887061	7	6.35538407074915e-08	110142832
889738	55	4.99351605558862e-07	110142832
889932	20	1.81582402021404e-07	110142832
890402	206	1.87029874082046e-06	110142832
891391	4	3.63164804042809e-08	110142832
891398	2	1.81582402021404e-08	110142832
903814	30	2.72373603032107e-07	110142832
905079	31	2.81452723133177e-07	110142832
906968	3	2.72373603032107e-08	110142832
907265	4	3.63164804042809e-08	110142832
907269	4	3.63164804042809e-08	110142832
908937	9	8.1712080909632e-08	110142832
909420	1	9.07912010107022e-09	110142832
909952	77	6.99092247782407e-07	110142832
909954	6	5.44747206064213e-08	110142832
910348	4	3.63164804042809e-08	110142832
911045	5	4.53956005053511e-08	110142832
914127	1	9.07912010107022e-09	110142832
914149	2	1.81582402021404e-08	110142832
926550	8	7.26329608085617e-08	110142832
926556	9	8.1712080909632e-08	110142832
926562	8	7.26329608085617e-08	110142832
926569	2	1.81582402021404e-08	110142832
926570	4	3.63164804042809e-08	110142832
927666	23	2.08819762324615e-07	110142832
927704	13	1.18028561313913e-07	110142832
929102	37	3.35927443739598e-07	110142832
929439	3	2.72373603032107e-08	110142832
929506	7	6.35538407074915e-08	110142832
929556	8	7.26329608085617e-08	110142832
929562	51	4.63035125154581e-07	110142832
930169	10	9.07912010107022e-08	110142832
930171	13	1.18028561313913e-07	110142832
930944	28	2.54215362829966e-07	110142832
931276	27	2.45136242728896e-07	110142832
931281	14	1.27107681414983e-07	110142832
931626	7	6.35538407074915e-08	110142832
931890	13	1.18028561313913e-07	110142832
935296	6	5.44747206064213e-08	110142832
935297	1	9.07912010107022e-09	110142832
935588	1	9.07912010107022e-09	110142832
935591	1	9.07912010107022e-09	110142832
935593	1	9.07912010107022e-09	110142832
935599	2	1.81582402021404e-08	110142832
936153	14	1.27107681414983e-07	110142832
936154	2	1.81582402021404e-08	110142832
936156	2	1.81582402021404e-08	110142832
936157	2	1.81582402021404e-08	110142832
937774	1	9.07912010107022e-09	110142832
937777	1	9.07912010107022e-09	110142832
940190	1	9.07912010107022e-09	110142832
940296	2	1.81582402021404e-08	110142832
941193	2	1.81582402021404e-08	110142832
941639	14	1.27107681414983e-07	110142832
942513	1	9.07912010107022e-09	110142832
944546	86	7.80804328692039e-07	110142832
944547	167	1.51621305687873e-06	110142832
945021	3	2.72373603032107e-08	110142832
945556	21	1.90661522122475e-07	110142832
945704	10	9.07912010107022e-08	110142832
945713	4	3.63164804042809e-08	110142832
946362	15	1.36186801516053e-07	110142832
946483	20	1.81582402021404e-07	110142832
953739	10	9.07912010107022e-08	110142832
956149	1	9.07912010107022e-09	110142832
977880	73	6.62775767378126e-07	110142832
979556	54	4.90272485457792e-07	110142832
980514	7	6.35538407074915e-08	110142832
981222	2	1.81582402021404e-08	110142832
981368	13	1.18028561313913e-07	110142832
981539	5	4.53956005053511e-08	110142832
981540	18	1.63424161819264e-07	110142832
983544	27	2.45136242728896e-07	110142832
983545	2	1.81582402021404e-08	110142832
983548	9	8.1712080909632e-08	110142832
983917	233	2.11543498354936e-06	110142832
984262	11	9.98703211117724e-08	110142832
984892	3	2.72373603032107e-08	110142832
985002	3	2.72373603032107e-08	110142832
985665	1	9.07912010107022e-09	110142832
990288	8	7.26329608085617e-08	110142832
990315	215	1.9520108217301e-06	110142832
990316	29	2.63294482931036e-07	110142832
990317	21	1.90661522122475e-07	110142832
991791	1	9.07912010107022e-09	110142832
991905	29	2.63294482931036e-07	110142832
992406	5	4.53956005053511e-08	110142832
993615	2	1.81582402021404e-08	110142832
994476	38	3.45006563840668e-07	110142832
994484	105	9.53307610612373e-07	110142832
996285	37	3.35927443739598e-07	110142832
998088	76	6.90013127681337e-07	110142832
999378	2	1.81582402021404e-08	110142832
999541	39	3.54085683941739e-07	110142832
999552	5	4.53956005053511e-08	110142832
999953	6	5.44747206064213e-08	110142832
1001583	14	1.27107681414983e-07	110142832
1001585	40	3.63164804042809e-07	110142832
1002809	25	2.26978002526755e-07	110142832
1003195	22	1.99740642223545e-07	110142832
1004785	1	9.07912010107022e-09	110142832
1004786	4	3.63164804042809e-08	110142832
1004787	2	1.81582402021404e-08	110142832
1004952	1	9.07912010107022e-09	110142832
1005041	13	1.18028561313913e-07	110142832
1005042	12	1.08949441212843e-07	110142832
1005048	125	1.13489001263378e-06	110142832
1005090	1	9.07912010107022e-09	110142832
1006007	2	1.81582402021404e-08	110142832
1006543	1	9.07912010107022e-09	110142832
1006551	18	1.63424161819264e-07	110142832
1007064	2	1.81582402021404e-08	110142832
1007105	18	1.63424161819264e-07	110142832
1008459	2	1.81582402021404e-08	110142832
1009464	10	9.07912010107022e-08	110142832
1009846	32	2.90531843234247e-07	110142832
1016998	4	3.63164804042809e-08	110142832
1017264	10	9.07912010107022e-08	110142832
1028307	4	3.63164804042809e-08	110142832
1029756	8	7.26329608085617e-08	110142832
1030843	6	5.44747206064213e-08	110142832
1031709	67	6.08301046771705e-07	110142832
1031710	15	1.36186801516053e-07	110142832
1031711	33	2.99610963335317e-07	110142832
1032480	19	1.72503281920334e-07	110142832
1032845	1	9.07912010107022e-09	110142832
1033813	7	6.35538407074915e-08	110142832
1033837	1	9.07912010107022e-09	110142832
1034807	341	3.09597995446494e-06	110142832
1034809	2	1.81582402021404e-08	110142832
1034836	1	9.07912010107022e-09	110142832
1035377	1	9.07912010107022e-09	110142832
1035817	74	6.71854887479196e-07	110142832
1036172	45	4.0856040454816e-07	110142832
1036672	11	9.98703211117724e-08	110142832
1036673	1	9.07912010107022e-09	110142832
1036743	15	1.36186801516053e-07	110142832
1037409	61	5.53826326165283e-07	110142832
1037911	325	2.95071403284782e-06	110142832
1041504	1	9.07912010107022e-09	110142832
1041826	168	1.5252921769798e-06	110142832
1042156	64	5.81063686468494e-07	110142832
1042876	38	3.45006563840668e-07	110142832
1042878	57	5.17509845761002e-07	110142832
1045854	5	4.53956005053511e-08	110142832
1045855	35	3.17769203537458e-07	110142832
1045856	4	3.63164804042809e-08	110142832
1045858	1	9.07912010107022e-09	110142832
1046624	3	2.72373603032107e-08	110142832
1046629	177	1.60700425788943e-06	110142832
1048245	1	9.07912010107022e-09	110142832
1048260	1	9.07912010107022e-09	110142832
1048332	127	1.15304825283592e-06	110142832
1048834	1	9.07912010107022e-09	110142832
1049565	27	2.45136242728896e-07	110142832
1051074	66	5.99221926670634e-07	110142832
1051632	2	1.81582402021404e-08	110142832
1052588	1	9.07912010107022e-09	110142832
1053648	2	1.81582402021404e-08	110142832
1054460	21	1.90661522122475e-07	110142832
1064535	63	5.71984566367424e-07	110142832
1064539	22	1.99740642223545e-07	110142832
1064592	21	1.90661522122475e-07	110142832
1069533	26	2.36057122627826e-07	110142832
1069534	9	8.1712080909632e-08	110142832
1069642	8	7.26329608085617e-08	110142832
1071378	22	1.99740642223545e-07	110142832
1071381	22	1.99740642223545e-07	110142832
1071382	14	1.27107681414983e-07	110142832
1071400	6	5.44747206064213e-08	110142832
1072459	8	7.26329608085617e-08	110142832
1074919	1	9.07912010107022e-09	110142832
1075089	30	2.72373603032107e-07	110142832
1076934	42	3.81323044244949e-07	110142832
1082931	11	9.98703211117724e-08	110142832
1087448	3	2.72373603032107e-08	110142832
1087452	1	9.07912010107022e-09	110142832
1088720	3	2.72373603032107e-08	110142832
1089456	39	3.54085683941739e-07	110142832
1089553	6	5.44747206064213e-08	110142832
1091041	2	1.81582402021404e-08	110142832
1091045	630	5.71984566367424e-06	110142832
1091494	5	4.53956005053511e-08	110142832
1091495	1	9.07912010107022e-09	110142832
1091497	1	9.07912010107022e-09	110142832
1093141	38	3.45006563840668e-07	110142832
1093787	13	1.18028561313913e-07	110142832
1094466	117	1.06225705182522e-06	110142832
1096995	3	2.72373603032107e-08	110142832
1096996	53	4.81193365356722e-07	110142832
1096997	1	9.07912010107022e-09	110142832
1097668	25	2.26978002526755e-07	110142832
1097677	22	1.99740642223545e-07	110142832
1100841	1	9.07912010107022e-09	110142832
1104320	2	1.81582402021404e-08	110142832
1104321	1	9.07912010107022e-09	110142832
1104322	43	3.90402164346019e-07	110142832
1104325	21	1.90661522122475e-07	110142832
1104326	6	5.44747206064213e-08	110142832
1105104	1	9.07912010107022e-09	110142832
1107880	14	1.27107681414983e-07	110142832
1110502	10	9.07912010107022e-08	110142832
1110509	1	9.07912010107022e-09	110142832
1111068	8	7.26329608085617e-08	110142832
1111069	76	6.90013127681337e-07	110142832
1111676	1	9.07912010107022e-09	110142832
1111678	31	2.81452723133177e-07	110142832
1112204	5	4.53956005053511e-08	110142832
1114965	16	1.45265921617123e-07	110142832
1114966	15	1.36186801516053e-07	110142832
1114967	158	1.43450097596909e-06	110142832
1114969	1244	1.12944254057314e-05	110142832
1114970	95	8.62516409601671e-07	110142832
1116231	23	2.08819762324615e-07	110142832
1116391	1	9.07912010107022e-09	110142832
1117647	16	1.45265921617123e-07	110142832
1117943	8	7.26329608085617e-08	110142832
1118963	21	1.90661522122475e-07	110142832
1120755	5	4.53956005053511e-08	110142832
1121335	4	3.63164804042809e-08	110142832
1121353	42	3.81323044244949e-07	110142832
1121362	8	7.26329608085617e-08	110142832
1121448	4	3.63164804042809e-08	110142832
1123519	31	2.81452723133177e-07	110142832
1123523	1	9.07912010107022e-09	110142832
1124936	1	9.07912010107022e-09	110142832
1124983	72	6.53696647277056e-07	110142832
1124991	1	9.07912010107022e-09	110142832
1125630	29	2.63294482931036e-07	110142832
1127134	13	1.18028561313913e-07	110142832
1128398	1	9.07912010107022e-09	110142832
1129794	4	3.63164804042809e-08	110142832
1130804	2	1.81582402021404e-08	110142832
1131462	2	1.81582402021404e-08	110142832
1132496	1	9.07912010107022e-09	110142832
1132507	2	1.81582402021404e-08	110142832
1133568	1	9.07912010107022e-09	110142832
1133592	2	1.81582402021404e-08	110142832
1133849	14	1.27107681414983e-07	110142832
1133850	11	9.98703211117724e-08	110142832
1133852	4	3.63164804042809e-08	110142832
1133853	15	1.36186801516053e-07	110142832
1134454	696	6.31906759034487e-06	110142832
1134782	2	1.81582402021404e-08	110142832
1136179	4217	3.82866494662131e-05	110142832
1137651	21	1.90661522122475e-07	110142832
1138308	1	9.07912010107022e-09	110142832
1138382	4	3.63164804042809e-08	110142832
1138383	11	9.98703211117724e-08	110142832
1138871	5	4.53956005053511e-08	110142832
1142394	6	5.44747206064213e-08	110142832
1144275	6	5.44747206064213e-08	110142832
1146883	33	2.99610963335317e-07	110142832
1147129	1	9.07912010107022e-09	110142832
1150469	6	5.44747206064213e-08	110142832
1151116	24	2.17898882425685e-07	110142832
1155071	3	2.72373603032107e-08	110142832
1155766	16	1.45265921617123e-07	110142832
1156431	2	1.81582402021404e-08	110142832
1156433	5	4.53956005053511e-08	110142832
1156913	6	5.44747206064213e-08	110142832
1157951	6	5.44747206064213e-08	110142832
1163399	33	2.99610963335317e-07	110142832
1163617	24	2.17898882425685e-07	110142832
1163748	5	4.53956005053511e-08	110142832
1166016	1	9.07912010107022e-09	110142832
1166018	2	1.81582402021404e-08	110142832
1166130	5	4.53956005053511e-08	110142832
1167006	1	9.07912010107022e-09	110142832
1167629	1	9.07912010107022e-09	110142832
1167634	81	7.35408728186688e-07	110142832
1168287	3	2.72373603032107e-08	110142832
1170318	55	4.99351605558862e-07	110142832
1170562	4	3.63164804042809e-08	110142832
1171373	8	7.26329608085617e-08	110142832
1171376	7	6.35538407074915e-08	110142832
1171377	4	3.63164804042809e-08	110142832
1172562	3	2.72373603032107e-08	110142832
1173020	52	4.72114245255651e-07	110142832
1173022	3	2.72373603032107e-08	110142832
1173025	3	2.72373603032107e-08	110142832
1173026	4	3.63164804042809e-08	110142832
1173027	6	5.44747206064213e-08	110142832
1173263	1	9.07912010107022e-09	110142832
1179773	7	6.35538407074915e-08	110142832
1183438	2	1.81582402021404e-08	110142832
1184267	9	8.1712080909632e-08	110142832
1185652	6	5.44747206064213e-08	110142832
1187956	67	6.08301046771705e-07	110142832
1191061	56	5.08430725659932e-07	110142832
1191523	1	9.07912010107022e-09	110142832
1192196	3	2.72373603032107e-08	110142832
1193292	49	4.44876884952441e-07	110142832
1194526	10	9.07912010107022e-08	110142832
1196325	27	2.45136242728896e-07	110142832
1196835	35	3.17769203537458e-07	110142832
1197325	1	9.07912010107022e-09	110142832
1197719	1	9.07912010107022e-09	110142832
1198114	4	3.63164804042809e-08	110142832
1198232	6	5.44747206064213e-08	110142832
1198627	4	3.63164804042809e-08	110142832
1198676	3	2.72373603032107e-08	110142832
1199187	5	4.53956005053511e-08	110142832
1199245	1	9.07912010107022e-09	110142832
1200352	12	1.08949441212843e-07	110142832
1201032	1	9.07912010107022e-09	110142832
1201294	4	3.63164804042809e-08	110142832
1202540	1	9.07912010107022e-09	110142832
1203460	8	7.26329608085617e-08	110142832
1204414	67	6.08301046771705e-07	110142832
1205674	2	1.81582402021404e-08	110142832
1205676	1	9.07912010107022e-09	110142832
1205677	2	1.81582402021404e-08	110142832
1205910	12	1.08949441212843e-07	110142832
1206105	7	6.35538407074915e-08	110142832
1206109	1	9.07912010107022e-09	110142832
1206745	1	9.07912010107022e-09	110142832
1207075	104	9.44228490511303e-07	110142832
1208658	12	1.08949441212843e-07	110142832
1208660	24	2.17898882425685e-07	110142832
1208918	1	9.07912010107022e-09	110142832
1208922	1	9.07912010107022e-09	110142832
1208923	1	9.07912010107022e-09	110142832
1209989	8	7.26329608085617e-08	110142832
1211025	12	1.08949441212843e-07	110142832
1211579	31	2.81452723133177e-07	110142832
1211705	2	1.81582402021404e-08	110142832
1212765	1	9.07912010107022e-09	110142832
1214101	6	5.44747206064213e-08	110142832
1214242	4	3.63164804042809e-08	110142832
1215088	45	4.0856040454816e-07	110142832
1216976	67	6.08301046771705e-07	110142832
1218175	2	1.81582402021404e-08	110142832
1219076	3	2.72373603032107e-08	110142832
1220533	1	9.07912010107022e-09	110142832
1224163	17	1.54345041718194e-07	110142832
1225179	2	1.81582402021404e-08	110142832
1228997	7	6.35538407074915e-08	110142832
1229205	11	9.98703211117724e-08	110142832
1229512	2	1.81582402021404e-08	110142832
1229756	2	1.81582402021404e-08	110142832
1229758	6	5.44747206064213e-08	110142832
1229785	1	9.07912010107022e-09	110142832
1229908	3	2.72373603032107e-08	110142832
1229909	1	9.07912010107022e-09	110142832
1231072	7	6.35538407074915e-08	110142832
1232381	18	1.63424161819264e-07	110142832
1232383	5	4.53956005053511e-08	110142832
1232724	1	9.07912010107022e-09	110142832
1233873	3	2.72373603032107e-08	110142832
1234378	3	2.72373603032107e-08	110142832
1234380	12	1.08949441212843e-07	110142832
1234679	107	9.71465850814513e-07	110142832
1235461	1	9.07912010107022e-09	110142832
1236903	16	1.45265921617123e-07	110142832
1236908	1	9.07912010107022e-09	110142832
1239881	1	9.07912010107022e-09	110142832
1240471	1	9.07912010107022e-09	110142832
1241583	3	2.72373603032107e-08	110142832
1244085	1	9.07912010107022e-09	110142832
1244528	1	9.07912010107022e-09	110142832
1245469	33	2.99610963335317e-07	110142832
1245471	84	7.62646088489898e-07	110142832
1246301	298	2.70557779011892e-06	110142832
1246365	5	4.53956005053511e-08	110142832
1246995	19	1.72503281920334e-07	110142832
1249480	6	5.44747206064213e-08	110142832
1249526	2	1.81582402021404e-08	110142832
1249531	2	1.81582402021404e-08	110142832
1249634	9	8.1712080909632e-08	110142832
1249661	10	9.07912010107022e-08	110142832
1254432	9	8.1712080909632e-08	110142832
1254439	7	6.35538407074915e-08	110142832
1255043	5	4.53956005053511e-08	110142832
1257118	1	9.07912010107022e-09	110142832
1260251	2	1.81582402021404e-08	110142832
1261557	11	9.98703211117724e-08	110142832
1262161	1	9.07912010107022e-09	110142832
1262456	43	3.90402164346019e-07	110142832
1265601	3	2.72373603032107e-08	110142832
1266845	69	6.26459286973845e-07	110142832
1267577	2	1.81582402021404e-08	110142832
1267753	1	9.07912010107022e-09	110142832
1267754	7	6.35538407074915e-08	110142832
1271752	1	9.07912010107022e-09	110142832
1271862	1	9.07912010107022e-09	110142832
1271863	1	9.07912010107022e-09	110142832
1273173	2	1.81582402021404e-08	110142832
1274814	4	3.63164804042809e-08	110142832
1276282	6	5.44747206064213e-08	110142832
1276647	1	9.07912010107022e-09	110142832
1278073	6	5.44747206064213e-08	110142832
1279008	1	9.07912010107022e-09	110142832
1280938	4	3.63164804042809e-08	110142832
1282356	195	1.77042841970869e-06	110142832
1283331	9	8.1712080909632e-08	110142832
1284663	3	2.72373603032107e-08	110142832
1286170	32	2.90531843234247e-07	110142832
1286640	1	9.07912010107022e-09	110142832
1288394	85	7.71725208590968e-07	110142832
1294143	42	3.81323044244949e-07	110142832
1295826	1	9.07912010107022e-09	110142832
1298593	4	3.63164804042809e-08	110142832
1298917	1	9.07912010107022e-09	110142832
1300150	2	1.81582402021404e-08	110142832
1300253	2	1.81582402021404e-08	110142832
1300254	1	9.07912010107022e-09	110142832
1300255	1	9.07912010107022e-09	110142832
1300257	2	1.81582402021404e-08	110142832
1300258	2	1.81582402021404e-08	110142832
1302858	1	9.07912010107022e-09	110142832
1302863	3	2.72373603032107e-08	110142832
1303024	3	2.72373603032107e-08	110142832
1303692	8	7.26329608085617e-08	110142832
1304892	8	7.26329608085617e-08	110142832
1305598	1	9.07912010107022e-09	110142832
1305849	10	9.07912010107022e-08	110142832
1310161	24	2.17898882425685e-07	110142832
1313172	14	1.27107681414983e-07	110142832
1314884	1	9.07912010107022e-09	110142832
1318633	2	1.81582402021404e-08	110142832
1321369	1	9.07912010107022e-09	110142832
1321370	2	1.81582402021404e-08	110142832
1322246	4	3.63164804042809e-08	110142832
1322346	2	1.81582402021404e-08	110142832
1327988	4	3.63164804042809e-08	110142832
1328306	6	5.44747206064213e-08	110142832
1331671	49	4.44876884952441e-07	110142832
1332188	19	1.72503281920334e-07	110142832
1334187	2	1.81582402021404e-08	110142832
1335307	2	1.81582402021404e-08	110142832
1335757	1	9.07912010107022e-09	110142832
1340495	20	1.81582402021404e-07	110142832
1340851	5	4.53956005053511e-08	110142832
1341692	2	1.81582402021404e-08	110142832
1343740	14	1.27107681414983e-07	110142832
1345695	21	1.90661522122475e-07	110142832
1345697	5	4.53956005053511e-08	110142832
1346614	6	5.44747206064213e-08	110142832
1348662	1	9.07912010107022e-09	110142832
1355100	9	8.1712080909632e-08	110142832
1356861	1	9.07912010107022e-09	110142832
1358027	7	6.35538407074915e-08	110142832
1367477	1	9.07912010107022e-09	110142832
1367847	22	1.99740642223545e-07	110142832
1379702	33	2.99610963335317e-07	110142832
1380774	18	1.63424161819264e-07	110142832
1380908	59	5.35668085963143e-07	110142832
1383068	2	1.81582402021404e-08	110142832
1384484	12	1.08949441212843e-07	110142832
1389489	16	1.45265921617123e-07	110142832
1394709	3	2.72373603032107e-08	110142832
1394711	13	1.18028561313913e-07	110142832
1394889	1	9.07912010107022e-09	110142832
1399115	1	9.07912010107022e-09	110142832
1399116	5	4.53956005053511e-08	110142832
1400867	16	1.45265921617123e-07	110142832
1401659	14	1.27107681414983e-07	110142832
1408186	3	2.72373603032107e-08	110142832
1408206	3	2.72373603032107e-08	110142832
1408272	3	2.72373603032107e-08	110142832
1415629	1	9.07912010107022e-09	110142832
1415630	412	3.74059748164093e-06	110142832
1415773	1	9.07912010107022e-09	110142832
1416914	13	1.18028561313913e-07	110142832
1423144	6	5.44747206064213e-08	110142832
1427342	13	1.18028561313913e-07	110142832
1430440	7	6.35538407074915e-08	110142832
1435044	11	9.98703211117724e-08	110142832
1435058	2	1.81582402021404e-08	110142832
1435356	20	1.81582402021404e-07	110142832
1436140	72	6.53696647277056e-07	110142832
