Tax.ID	Frequency	Proportion	Total
394	35	3.6244695394661e-07	96565855
882	5	5.17781362780871e-08	96565855
883	11	1.13911899811792e-07	96565855
1140	4	4.14225090224697e-08	96565855
1148	4	4.14225090224697e-08	96565855
1311	39	4.03869462969079e-07	96565855
1639	31	3.2102444492414e-07	96565855
2762	28	2.89957563157288e-07	96565855
2769	10	1.03556272556174e-07	96565855
2771	4	4.14225090224697e-08	96565855
2787	18	1.86401290601114e-07	96565855
2829	7	7.2489390789322e-08	96565855
2832	1	1.03556272556174e-08	96565855
2839	68	7.04182653381985e-07	96565855
2850	67	6.93827026126367e-07	96565855
2880	10	1.03556272556174e-07	96565855
2898	6	6.21337635337045e-08	96565855
2903	3	3.10668817668523e-08	96565855
2986	1	1.03556272556174e-08	96565855
3039	2	2.07112545112348e-08	96565855
3040	3	3.10668817668523e-08	96565855
4770	17	1.76045663345496e-07	96565855
4950	23	2.38179426879201e-07	96565855
5061	2	2.07112545112348e-08	96565855
5145	9	9.32006453005568e-08	96565855
5270	1	1.03556272556174e-08	96565855
5518	30	3.10668817668523e-07	96565855
5661	9	9.32006453005568e-08	96565855
5749	4	4.14225090224697e-08	96565855
5762	2	2.07112545112348e-08	96565855
5763	1	1.03556272556174e-08	96565855
5778	2	2.07112545112348e-08	96565855
5786	14	1.44978781578644e-07	96565855
5851	1	1.03556272556174e-08	96565855
5872	3	3.10668817668523e-08	96565855
5885	1	1.03556272556174e-08	96565855
5901	4	4.14225090224697e-08	96565855
5905	1	1.03556272556174e-08	96565855
5907	7	7.2489390789322e-08	96565855
5908	7	7.2489390789322e-08	96565855
5911	34	3.52091326690992e-07	96565855
5932	13	1.34623154323026e-07	96565855
10359	1	1.03556272556174e-08	96565855
10376	1	1.03556272556174e-08	96565855
10708	1	1.03556272556174e-08	96565855
10798	2	2.07112545112348e-08	96565855
10870	9	9.32006453005568e-08	96565855
10871	2	2.07112545112348e-08	96565855
12390	2	2.07112545112348e-08	96565855
12402	1	1.03556272556174e-08	96565855
12509	1	1.03556272556174e-08	96565855
13035	2	2.07112545112348e-08	96565855
28072	4	4.14225090224697e-08	96565855
28173	5	5.17781362780871e-08	96565855
28985	2	2.07112545112348e-08	96565855
31271	2	2.07112545112348e-08	96565855
31535	3	3.10668817668523e-08	96565855
31964	67	6.93827026126367e-07	96565855
32049	5	5.17781362780871e-08	96565855
32051	16	1.65690036089879e-07	96565855
33657	4	4.14225090224697e-08	96565855
33658	6	6.21337635337045e-08	96565855
35128	157	1.62583347913194e-06	96565855
35343	1	1.03556272556174e-08	96565855
35688	3	3.10668817668523e-08	96565855
36329	2	2.07112545112348e-08	96565855
36809	25	2.58890681390436e-07	96565855
39717	6	6.21337635337045e-08	96565855
41431	5	5.17781362780871e-08	96565855
42480	1	1.03556272556174e-08	96565855
42746	2	2.07112545112348e-08	96565855
43925	3	3.10668817668523e-08	96565855
43926	1	1.03556272556174e-08	96565855
43989	4	4.14225090224697e-08	96565855
44056	10	1.03556272556174e-07	96565855
44058	9	9.32006453005568e-08	96565855
46234	3	3.10668817668523e-08	96565855
47573	1	1.03556272556174e-08	96565855
48483	2	2.07112545112348e-08	96565855
49266	6	6.21337635337045e-08	96565855
52970	46	4.76358853758401e-07	96565855
55529	75	7.76672044171307e-07	96565855
55884	3	3.10668817668523e-08	96565855
56107	12	1.24267527067409e-07	96565855
56110	11	1.13911899811792e-07	96565855
56780	1	1.03556272556174e-08	96565855
59374	2	2.07112545112348e-08	96565855
59748	4	4.14225090224697e-08	96565855
59920	2	2.07112545112348e-08	96565855
59922	7	7.2489390789322e-08	96565855
60480	4	4.14225090224697e-08	96565855
60481	80	8.28450180449394e-07	96565855
62928	195	2.0193473148454e-06	96565855
62977	352	3.64518079397733e-06	96565855
63118	1	1.03556272556174e-08	96565855
63737	18	1.86401290601114e-07	96565855
64471	24	2.48535054134818e-07	96565855
65071	12	1.24267527067409e-07	96565855
65093	3	3.10668817668523e-08	96565855
65393	6	6.21337635337045e-08	96565855
66084	2	2.07112545112348e-08	96565855
66692	5	5.17781362780871e-08	96565855
67593	3	3.10668817668523e-08	96565855
69328	226	2.34037175976954e-06	96565855
71421	11	1.13911899811792e-07	96565855
72520	5	5.17781362780871e-08	96565855
74547	3	3.10668817668523e-08	96565855
74557	9	9.32006453005568e-08	96565855
75379	251	2.59926244115997e-06	96565855
76114	109	1.1287633708623e-06	96565855
76869	197	2.04005856935663e-06	96565855
78245	127	1.31516466146341e-06	96565855
82654	6	6.21337635337045e-08	96565855
83406	23	2.38179426879201e-07	96565855
84588	5	5.17781362780871e-08	96565855
85569	4	4.14225090224697e-08	96565855
85643	396	4.1008283932245e-06	96565855
85963	1	1.03556272556174e-08	96565855
86416	2	2.07112545112348e-08	96565855
88149	3	3.10668817668523e-08	96565855
90936	2	2.07112545112348e-08	96565855
91891	2	2.07112545112348e-08	96565855
93061	1	1.03556272556174e-08	96565855
93062	1	1.03556272556174e-08	96565855
94122	115	1.190897134396e-06	96565855
96561	3	3.10668817668523e-08	96565855
96563	575	5.95448567198002e-06	96565855
99287	5	5.17781362780871e-08	96565855
99598	2	2.07112545112348e-08	96565855
100226	53	5.48848244547723e-07	96565855
101510	286	2.96170939510658e-06	96565855
103690	10	1.03556272556174e-07	96565855
105559	2	2.07112545112348e-08	96565855
106370	18	1.86401290601114e-07	96565855
107806	4	4.14225090224697e-08	96565855
109269	2	2.07112545112348e-08	96565855
110662	6	6.21337635337045e-08	96565855
111780	7	7.2489390789322e-08	96565855
114416	1	1.03556272556174e-08	96565855
114615	144	1.49121032480891e-06	96565855
115713	2	2.07112545112348e-08	96565855
118163	4	4.14225090224697e-08	96565855
120574	3	3.10668817668523e-08	96565855
120807	6	6.21337635337045e-08	96565855
122586	2	2.07112545112348e-08	96565855
122587	18	1.86401290601114e-07	96565855
123214	1	1.03556272556174e-08	96565855
126793	4	4.14225090224697e-08	96565855
127507	1	1.03556272556174e-08	96565855
130081	3	3.10668817668523e-08	96565855
134676	30	3.10668817668523e-07	96565855
137722	90	9.32006453005568e-07	96565855
138119	1	1.03556272556174e-08	96565855
143017	1	1.03556272556174e-08	96565855
145522	3	3.10668817668523e-08	96565855
146891	2	2.07112545112348e-08	96565855
150340	151	1.56369971559823e-06	96565855
151599	5	5.17781362780871e-08	96565855
153948	18	1.86401290601114e-07	96565855
155148	1	1.03556272556174e-08	96565855
155864	32	3.31380072179758e-07	96565855
156889	4	4.14225090224697e-08	96565855
158189	3	3.10668817668523e-08	96565855
158878	12	1.24267527067409e-07	96565855
158879	2	2.07112545112348e-08	96565855
159087	198	2.05041419661225e-06	96565855
160488	207	2.14361484191281e-06	96565855
160490	254	2.63032932292683e-06	96565855
160491	213	2.20574860544651e-06	96565855
160492	147	1.52227720657576e-06	96565855
160619	41	4.24580717480314e-07	96565855
163003	1	1.03556272556174e-08	96565855
163164	2	2.07112545112348e-08	96565855
164037	2	2.07112545112348e-08	96565855
164328	6	6.21337635337045e-08	96565855
164756	106	1.09769648909545e-06	96565855
164757	8	8.28450180449394e-08	96565855
167542	3	3.10668817668523e-08	96565855
167879	2	2.07112545112348e-08	96565855
169963	4	4.14225090224697e-08	96565855
170187	9	9.32006453005568e-08	96565855
171101	85	8.80228316727481e-07	96565855
172968	3	3.10668817668523e-08	96565855
173443	2	2.07112545112348e-08	96565855
176279	289	2.99277627687344e-06	96565855
176280	299	3.09633254942961e-06	96565855
176299	57	5.90270753570193e-07	96565855
176652	2	2.07112545112348e-08	96565855
177437	3	3.10668817668523e-08	96565855
177439	6	6.21337635337045e-08	96565855
179408	1636	1.69418061901901e-05	96565855
184922	6	6.21337635337045e-08	96565855
186103	116	1.20125276165162e-06	96565855
187272	41	4.24580717480314e-07	96565855
187303	19	1.96756917856731e-07	96565855
188937	2	2.07112545112348e-08	96565855
189423	14	1.44978781578644e-07	96565855
189918	33	3.41735699435375e-07	96565855
190304	30	3.10668817668523e-07	96565855
190485	1493	1.54609514926368e-05	96565855
190486	131	1.35658717048588e-06	96565855
190650	110	1.13911899811792e-06	96565855
191026	3	3.10668817668523e-08	96565855
192952	8	8.28450180449394e-08	96565855
193567	90	9.32006453005568e-07	96565855
194439	6	6.21337635337045e-08	96565855
194699	1	1.03556272556174e-08	96565855
195103	68	7.04182653381985e-07	96565855
195253	3	3.10668817668523e-08	96565855
196162	131	1.35658717048588e-06	96565855
196164	27	2.7960193590167e-07	96565855
196600	23	2.38179426879201e-07	96565855
197221	5	5.17781362780871e-08	96565855
198214	1	1.03556272556174e-08	96565855
198215	16	1.65690036089879e-07	96565855
198466	29	3.00313190412905e-07	96565855
198628	5	5.17781362780871e-08	96565855
199310	6	6.21337635337045e-08	96565855
203119	30	3.10668817668523e-07	96565855
203120	18	1.86401290601114e-07	96565855
203122	7	7.2489390789322e-08	96565855
203123	1	1.03556272556174e-08	96565855
203124	31	3.2102444492414e-07	96565855
203267	2	2.07112545112348e-08	96565855
203275	9	9.32006453005568e-08	96565855
204536	1	1.03556272556174e-08	96565855
204669	6	6.21337635337045e-08	96565855
204773	685	7.09360467009793e-06	96565855
205913	58	6.00626380825811e-07	96565855
205914	16	1.65690036089879e-07	96565855
205918	75	7.76672044171307e-07	96565855
205921	12	1.24267527067409e-07	96565855
205922	270	2.7960193590167e-06	96565855
206672	4	4.14225090224697e-08	96565855
207559	42	4.34936344735932e-07	96565855
208435	6484	6.71458871254234e-05	96565855
208596	5	5.17781362780871e-08	96565855
208963	3870	4.00762774792394e-05	96565855
208964	5085	5.26583645948146e-05	96565855
209261	1	1.03556272556174e-08	96565855
210007	16	1.65690036089879e-07	96565855
211110	4655	4.82054448748991e-05	96565855
211586	3	3.10668817668523e-08	96565855
213810	6	6.21337635337045e-08	96565855
214684	18	1.86401290601114e-07	96565855
215689	2	2.07112545112348e-08	96565855
216389	3	3.10668817668523e-08	96565855
216432	14	1.44978781578644e-07	96565855
216591	120	1.24267527067409e-06	96565855
216592	1	1.03556272556174e-08	96565855
216594	19	1.96756917856731e-07	96565855
216595	1131	1.17122144261033e-05	96565855
216596	76	7.87027671426924e-07	96565855
216599	9	9.32006453005568e-08	96565855
216895	13	1.34623154323026e-07	96565855
218491	2	2.07112545112348e-08	96565855
218493	3	3.10668817668523e-08	96565855
218495	21	2.17468172367966e-07	96565855
218496	2	2.07112545112348e-08	96565855
220341	8022	8.3072841844563e-05	96565855
220664	170	1.76045663345496e-06	96565855
220668	3	3.10668817668523e-08	96565855
221109	9	9.32006453005568e-08	96565855
221724	2	2.07112545112348e-08	96565855
221915	1	1.03556272556174e-08	96565855
221988	5	5.17781362780871e-08	96565855
222523	3	3.10668817668523e-08	96565855
223283	107	1.10805211635106e-06	96565855
223926	96	9.94140216539273e-07	96565855
224308	56	5.79915126314576e-07	96565855
224324	2	2.07112545112348e-08	96565855
224911	175	1.81223476973305e-06	96565855
224914	13	1.34623154323026e-07	96565855
225937	12	1.24267527067409e-07	96565855
226185	8	8.28450180449394e-08	96565855
226186	48	4.97070108269636e-07	96565855
227086	22	2.27823799623583e-07	96565855
227321	2	2.07112545112348e-08	96565855
227882	57	5.90270753570193e-07	96565855
227941	4	4.14225090224697e-08	96565855
228405	22	2.27823799623583e-07	96565855
228410	44	4.55647599247167e-07	96565855
229533	16	1.65690036089879e-07	96565855
231023	153	1.58441097010947e-06	96565855
232721	16216	0.000167926851577092	96565855
233412	1	1.03556272556174e-08	96565855
233413	1	1.03556272556174e-08	96565855
234267	22	2.27823799623583e-07	96565855
234621	6470	6.70009083438447e-05	96565855
234831	15	1.55334408834261e-07	96565855
235909	25	2.58890681390436e-07	96565855
240015	10	1.03556272556174e-07	96565855
240292	2	2.07112545112348e-08	96565855
242507	3	3.10668817668523e-08	96565855
242619	2	2.07112545112348e-08	96565855
243090	8	8.28450180449394e-08	96565855
243159	7	7.2489390789322e-08	96565855
243160	1	1.03556272556174e-08	96565855
243164	3	3.10668817668523e-08	96565855
243230	14	1.44978781578644e-07	96565855
243231	4	4.14225090224697e-08	96565855
243232	1	1.03556272556174e-08	96565855
243233	18	1.86401290601114e-07	96565855
243243	63	6.52404517103898e-07	96565855
243265	4	4.14225090224697e-08	96565855
243273	1	1.03556272556174e-08	96565855
243275	2	2.07112545112348e-08	96565855
243277	2	2.07112545112348e-08	96565855
243365	108	1.11840774360668e-06	96565855
245014	43	4.45291971991549e-07	96565855
245018	32	3.31380072179758e-07	96565855
246194	2	2.07112545112348e-08	96565855
246195	8	8.28450180449394e-08	96565855
246196	52	5.38492617292106e-07	96565855
246197	44	4.55647599247167e-07	96565855
246198	20	2.07112545112348e-07	96565855
246200	16	1.65690036089879e-07	96565855
247156	42	4.34936344735932e-07	96565855
251221	6	6.21337635337045e-08	96565855
251229	10	1.03556272556174e-07	96565855
257309	1	1.03556272556174e-08	96565855
257310	153	1.58441097010947e-06	96565855
257311	53	5.48848244547723e-07	96565855
257313	70	7.2489390789322e-07	96565855
257314	3	3.10668817668523e-08	96565855
258594	60	6.21337635337045e-07	96565855
259536	15	1.55334408834261e-07	96565855
261292	67	6.93827026126367e-07	96565855
262316	33	3.41735699435375e-07	96565855
262543	3	3.10668817668523e-08	96565855
262724	59	6.10982008081428e-07	96565855
262727	8	8.28450180449394e-08	96565855
262728	12	1.24267527067409e-07	96565855
262768	2	2.07112545112348e-08	96565855
263358	18	1.86401290601114e-07	96565855
263374	1	1.03556272556174e-08	96565855
264198	532	5.50919369998847e-06	96565855
264199	6	6.21337635337045e-08	96565855
264201	7	7.2489390789322e-08	96565855
264203	13	1.34623154323026e-07	96565855
264462	11	1.13911899811792e-07	96565855
264729	2	2.07112545112348e-08	96565855
264730	64	6.62760144359515e-07	96565855
264731	9	9.32006453005568e-08	96565855
264732	1	1.03556272556174e-08	96565855
265072	68	7.04182653381985e-07	96565855
266117	56	5.79915126314576e-07	96565855
266264	668	6.91755900675244e-06	96565855
266265	240	2.48535054134818e-06	96565855
266779	68	7.04182653381985e-07	96565855
266834	52	5.38492617292106e-07	96565855
266835	48	4.97070108269636e-07	96565855
266940	61	6.31693262592663e-07	96565855
267608	314	3.25166695826387e-06	96565855
267747	309	3.19988882198578e-06	96565855
268739	4	4.14225090224697e-08	96565855
269084	6	6.21337635337045e-08	96565855
269482	379	3.924782729879e-06	96565855
269796	15	1.55334408834261e-07	96565855
269797	17	1.76045663345496e-07	96565855
269798	33	3.41735699435375e-07	96565855
269799	8	8.28450180449394e-08	96565855
269800	18	1.86401290601114e-07	96565855
271848	33	3.41735699435375e-07	96565855
272123	9	9.32006453005568e-08	96565855
272558	1	1.03556272556174e-08	96565855
272559	15	1.55334408834261e-07	96565855
272560	6	6.21337635337045e-08	96565855
272561	6	6.21337635337045e-08	96565855
272562	1	1.03556272556174e-08	96565855
272563	12	1.24267527067409e-07	96565855
272564	3	3.10668817668523e-08	96565855
272568	44	4.55647599247167e-07	96565855
272569	1	1.03556272556174e-08	96565855
272620	212	2.19539297819089e-06	96565855
272621	11	1.13911899811792e-07	96565855
272622	91	9.42362080261186e-07	96565855
272623	93	9.6307333477242e-07	96565855
272624	1	1.03556272556174e-08	96565855
272626	22	2.27823799623583e-07	96565855
272630	331	3.42771262160937e-06	96565855
272631	2	2.07112545112348e-08	96565855
272632	1	1.03556272556174e-08	96565855
272635	1	1.03556272556174e-08	96565855
272831	45	4.66003226502784e-07	96565855
272942	24	2.48535054134818e-07	96565855
272943	16	1.65690036089879e-07	96565855
273036	1	1.03556272556174e-08	96565855
273068	12	1.24267527067409e-07	96565855
273119	16	1.65690036089879e-07	96565855
273121	10	1.03556272556174e-07	96565855
273133	39	4.03869462969079e-07	96565855
278137	32	3.31380072179758e-07	96565855
278197	5	5.17781362780871e-08	96565855
279010	8	8.28450180449394e-08	96565855
279238	165	1.70867849717687e-06	96565855
279808	76	7.87027671426924e-07	96565855
280463	26	2.69246308646053e-07	96565855
280699	7	7.2489390789322e-08	96565855
280701	43	4.45291971991549e-07	96565855
281090	49	5.07425735525254e-07	96565855
281310	32	3.31380072179758e-07	96565855
283007	1	1.03556272556174e-08	96565855
284590	17	1.76045663345496e-07	96565855
284591	18	1.86401290601114e-07	96565855
284592	12	1.24267527067409e-07	96565855
284593	14	1.44978781578644e-07	96565855
284811	8	8.28450180449394e-08	96565855
284812	18	1.86401290601114e-07	96565855
286636	6	6.21337635337045e-08	96565855
288000	147	1.52227720657576e-06	96565855
288705	52	5.38492617292106e-07	96565855
289376	1	1.03556272556174e-08	96565855
289380	15	1.55334408834261e-07	96565855
290315	3	3.10668817668523e-08	96565855
290338	27	2.7960193590167e-07	96565855
290339	276	2.85815312255041e-06	96565855
290340	1640	1.69832286992126e-05	96565855
290397	20	2.07112545112348e-07	96565855
290398	21	2.17468172367966e-07	96565855
290399	1656	1.71489187353025e-05	96565855
290400	6	6.21337635337045e-08	96565855
290402	11	1.13911899811792e-07	96565855
290633	6	6.21337635337045e-08	96565855
291112	2	2.07112545112348e-08	96565855
291272	1	1.03556272556174e-08	96565855
291331	81	8.38805807705011e-07	96565855
292029	1	1.03556272556174e-08	96565855
292414	5	5.17781362780871e-08	96565855
292415	51	5.28136990036489e-07	96565855
292459	21	2.17468172367966e-07	96565855
292564	36	3.72802581202227e-07	96565855
293613	5	5.17781362780871e-08	96565855
293614	1	1.03556272556174e-08	96565855
293826	9	9.32006453005568e-08	96565855
294381	1	1.03556272556174e-08	96565855
295405	38	3.93513835713462e-07	96565855
296543	169	1.75010100619934e-06	96565855
296591	871	9.01975133964278e-06	96565855
297245	2	2.07112545112348e-08	96565855
297246	1	1.03556272556174e-08	96565855
298653	49	5.07425735525254e-07	96565855
298654	44	4.55647599247167e-07	96565855
299768	3	3.10668817668523e-08	96565855
300267	1	1.03556272556174e-08	96565855
300268	4	4.14225090224697e-08	96565855
300269	4	4.14225090224697e-08	96565855
300852	38	3.93513835713462e-07	96565855
304371	2	2.07112545112348e-08	96565855
306537	41	4.24580717480314e-07	96565855
309798	1	1.03556272556174e-08	96565855
309800	2	2.07112545112348e-08	96565855
309801	4	4.14225090224697e-08	96565855
309807	6	6.21337635337045e-08	96565855
311402	21	2.17468172367966e-07	96565855
311403	34	3.52091326690992e-07	96565855
311424	2	2.07112545112348e-08	96565855
312153	79	8.18094553193776e-07	96565855
312309	8	8.28450180449394e-08	96565855
313595	1	1.03556272556174e-08	96565855
313596	6	6.21337635337045e-08	96565855
313598	7	7.2489390789322e-08	96565855
313603	3	3.10668817668523e-08	96565855
314225	69	7.14538280637602e-07	96565855
314275	6	6.21337635337045e-08	96565855
314315	14	1.44978781578644e-07	96565855
314565	1091	1.12979893358786e-05	96565855
314724	1	1.03556272556174e-08	96565855
315730	3	3.10668817668523e-08	96565855
315749	2	2.07112545112348e-08	96565855
315750	1	1.03556272556174e-08	96565855
316055	124	1.28409777969656e-06	96565855
316056	84	8.69872689471863e-07	96565855
316057	79	8.18094553193776e-07	96565855
316058	97	1.00449584379489e-06	96565855
316067	3	3.10668817668523e-08	96565855
316273	295	3.05491004040714e-06	96565855
316274	1	1.03556272556174e-08	96565855
316275	1	1.03556272556174e-08	96565855
316278	3	3.10668817668523e-08	96565855
316279	2	2.07112545112348e-08	96565855
316385	153	1.58441097010947e-06	96565855
316401	3	3.10668817668523e-08	96565855
316407	8	8.28450180449394e-08	96565855
317025	4	4.14225090224697e-08	96565855
317655	138	1.4290765612752e-06	96565855
317936	5	5.17781362780871e-08	96565855
318167	107	1.10805211635106e-06	96565855
318586	71	7.35249535148837e-07	96565855
319224	9	9.32006453005568e-08	96565855
319225	4	4.14225090224697e-08	96565855
319701	31	3.2102444492414e-07	96565855
319795	12	1.24267527067409e-07	96565855
320372	1	1.03556272556174e-08	96565855
320373	29	3.00313190412905e-07	96565855
320388	87	9.00939571238716e-07	96565855
320389	8	8.28450180449394e-08	96565855
321314	3	3.10668817668523e-08	96565855
321327	8	8.28450180449394e-08	96565855
321332	1	1.03556272556174e-08	96565855
321956	5	5.17781362780871e-08	96565855
321967	19	1.96756917856731e-07	96565855
322104	2	2.07112545112348e-08	96565855
322159	234	2.42321677781448e-06	96565855
322710	123	1.27374215244094e-06	96565855
323097	66	6.8347139887075e-07	96565855
323098	45	4.66003226502784e-07	96565855
323261	3	3.10668817668523e-08	96565855
323848	3	3.10668817668523e-08	96565855
323850	6	6.21337635337045e-08	96565855
324057	2	2.07112545112348e-08	96565855
324602	2	2.07112545112348e-08	96565855
324831	10	1.03556272556174e-07	96565855
325240	3	3.10668817668523e-08	96565855
326297	6	6.21337635337045e-08	96565855
326298	1	1.03556272556174e-08	96565855
326424	81	8.38805807705011e-07	96565855
326425	11	1.13911899811792e-07	96565855
326426	7	7.2489390789322e-08	96565855
326442	5	5.17781362780871e-08	96565855
329726	8	8.28450180449394e-08	96565855
330214	32	3.31380072179758e-07	96565855
330879	17	1.76045663345496e-07	96565855
331104	1	1.03556272556174e-08	96565855
331111	302	3.12739943119646e-06	96565855
331112	187	1.93650229680046e-06	96565855
331113	1	1.03556272556174e-08	96565855
331271	387	4.00762774792394e-06	96565855
331272	116	1.20125276165162e-06	96565855
331636	1	1.03556272556174e-08	96565855
331678	1	1.03556272556174e-08	96565855
333668	1	1.03556272556174e-08	96565855
333760	1	1.03556272556174e-08	96565855
333849	4	4.14225090224697e-08	96565855
334380	3	3.10668817668523e-08	96565855
334390	12	1.24267527067409e-07	96565855
334413	29	3.00313190412905e-07	96565855
335283	66	6.8347139887075e-07	96565855
335284	17	1.76045663345496e-07	96565855
335541	17	1.76045663345496e-07	96565855
335543	4	4.14225090224697e-08	96565855
335659	131	1.35658717048588e-06	96565855
336982	29	3.00313190412905e-07	96565855
337191	34	3.52091326690992e-07	96565855
338187	3529	3.65450085850739e-05	96565855
338966	15	1.55334408834261e-07	96565855
338969	313	3.24131133100825e-06	96565855
339670	1102	1.14119012356904e-05	96565855
340054	1	1.03556272556174e-08	96565855
340099	25	2.58890681390436e-07	96565855
340100	1055	1.09251867546764e-05	96565855
340177	1	1.03556272556174e-08	96565855
340322	54	5.59203871803341e-07	96565855
342108	52	5.38492617292106e-07	96565855
342109	30	3.10668817668523e-07	96565855
342451	200	2.07112545112348e-06	96565855
342610	11	1.13911899811792e-07	96565855
343509	5	5.17781362780871e-08	96565855
344609	104	1.07698523458421e-06	96565855
345073	9	9.32006453005568e-08	96565855
345219	10	1.03556272556174e-07	96565855
347253	46	4.76358853758401e-07	96565855
347255	1	1.03556272556174e-08	96565855
347256	4	4.14225090224697e-08	96565855
347257	2	2.07112545112348e-08	96565855
347324	4	4.14225090224697e-08	96565855
347328	3	3.10668817668523e-08	96565855
347515	14	1.44978781578644e-07	96565855
347834	21	2.17468172367966e-07	96565855
348058	1	1.03556272556174e-08	96565855
348137	2	2.07112545112348e-08	96565855
349101	53	5.48848244547723e-07	96565855
349102	47	4.86714481014019e-07	96565855
349106	50	5.17781362780871e-07	96565855
349124	13	1.34623154323026e-07	96565855
349161	3	3.10668817668523e-08	96565855
349163	36	3.72802581202227e-07	96565855
349215	2	2.07112545112348e-08	96565855
349519	15	1.55334408834261e-07	96565855
349521	14	1.44978781578644e-07	96565855
349741	24	2.48535054134818e-07	96565855
349746	1	1.03556272556174e-08	96565855
349747	1	1.03556272556174e-08	96565855
350054	55	5.69559499058958e-07	96565855
350058	38	3.93513835713462e-07	96565855
351160	2	2.07112545112348e-08	96565855
351348	98	1.01485147105051e-06	96565855
351605	8	8.28450180449394e-08	96565855
351607	3	3.10668817668523e-08	96565855
351627	5	5.17781362780871e-08	96565855
351745	38	3.93513835713462e-07	96565855
351746	248	2.56819555939312e-06	96565855
352472	5	5.17781362780871e-08	96565855
352914	21	2.17468172367966e-07	96565855
353151	11	1.13911899811792e-07	96565855
353152	8	8.28450180449394e-08	96565855
353153	43	4.45291971991549e-07	96565855
353154	3	3.10668817668523e-08	96565855
353496	1	1.03556272556174e-08	96565855
354242	3	3.10668817668523e-08	96565855
355276	10	1.03556272556174e-07	96565855
355277	5	5.17781362780871e-08	96565855
355278	11	1.13911899811792e-07	96565855
357244	2	2.07112545112348e-08	96565855
357348	76	7.87027671426924e-07	96565855
357544	3	3.10668817668523e-08	96565855
357804	3	3.10668817668523e-08	96565855
357808	8	8.28450180449394e-08	96565855
357809	5	5.17781362780871e-08	96565855
358220	5330	5.51954932724409e-05	96565855
358681	5	5.17781362780871e-08	96565855
359786	27	2.7960193590167e-07	96565855
359787	16	1.65690036089879e-07	96565855
360094	130	1.34623154323026e-06	96565855
360095	3	3.10668817668523e-08	96565855
360102	20	2.07112545112348e-07	96565855
360104	8	8.28450180449394e-08	96565855
360105	4	4.14225090224697e-08	96565855
360106	1	1.03556272556174e-08	96565855
360109	5	5.17781362780871e-08	96565855
360115	6	6.21337635337045e-08	96565855
360910	43	4.45291971991549e-07	96565855
360911	18	1.86401290601114e-07	96565855
361100	2	2.07112545112348e-08	96565855
362242	20	2.07112545112348e-07	96565855
362663	261	2.70281871371615e-06	96565855
362948	27	2.7960193590167e-07	96565855
362976	1	1.03556272556174e-08	96565855
365044	1339	1.38661848952717e-05	96565855
365046	918	9.50646582065679e-06	96565855
365659	109	1.1287633708623e-06	96565855
366394	28	2.89957563157288e-07	96565855
366602	86	8.90583943983098e-07	96565855
367737	25	2.58890681390436e-07	96565855
367775	39	4.03869462969079e-07	96565855
367928	126	1.3048090342078e-06	96565855
369723	20	2.07112545112348e-07	96565855
370354	7	7.2489390789322e-08	96565855
370438	6	6.21337635337045e-08	96565855
370551	1	1.03556272556174e-08	96565855
370552	3	3.10668817668523e-08	96565855
370553	2	2.07112545112348e-08	96565855
370554	4	4.14225090224697e-08	96565855
372461	2	2.07112545112348e-08	96565855
373153	146	1.51192157932014e-06	96565855
373384	421	4.35971907461494e-06	96565855
373903	3	3.10668817668523e-08	96565855
373994	2	2.07112545112348e-08	96565855
374833	5	5.17781362780871e-08	96565855
374930	20	2.07112545112348e-07	96565855
374931	21	2.17468172367966e-07	96565855
375286	129	1.33587591597465e-06	96565855
375451	8	8.28450180449394e-08	96565855
376686	152	1.57405534285385e-06	96565855
376758	53	5.48848244547723e-07	96565855
377628	3	3.10668817668523e-08	96565855
377629	4	4.14225090224697e-08	96565855
378753	224	2.3196605052583e-06	96565855
378806	26	2.69246308646053e-07	96565855
379066	9	9.32006453005568e-08	96565855
379731	675	6.99004839754176e-06	96565855
380358	25	2.58890681390436e-07	96565855
380394	19	1.96756917856731e-07	96565855
380703	62	6.4204888984828e-07	96565855
381666	333	3.4484238761206e-06	96565855
381754	899	9.30970890280006e-06	96565855
381764	2	2.07112545112348e-08	96565855
382245	103	1.06662960732859e-06	96565855
382638	3	3.10668817668523e-08	96565855
382640	1	1.03556272556174e-08	96565855
383372	3	3.10668817668523e-08	96565855
383407	45	4.66003226502784e-07	96565855
383629	3	3.10668817668523e-08	96565855
384676	489	5.06390172799692e-06	96565855
386043	7	7.2489390789322e-08	96565855
386415	10	1.03556272556174e-07	96565855
386585	42	4.34936344735932e-07	96565855
386656	3	3.10668817668523e-08	96565855
387092	11	1.13911899811792e-07	96565855
387093	1	1.03556272556174e-08	96565855
387344	24	2.48535054134818e-07	96565855
388396	1	1.03556272556174e-08	96565855
388919	78	8.07738925938159e-07	96565855
389469	8	8.28450180449394e-08	96565855
390235	302	3.12739943119646e-06	96565855
390236	2	2.07112545112348e-08	96565855
390333	71	7.35249535148837e-07	96565855
391008	382	3.95584961164586e-06	96565855
391037	15	1.55334408834261e-07	96565855
391038	55	5.69559499058958e-07	96565855
391165	36	3.72802581202227e-07	96565855
391295	117	1.21160838890724e-06	96565855
391296	98	1.01485147105051e-06	96565855
391595	3	3.10668817668523e-08	96565855
391616	3	3.10668817668523e-08	96565855
391619	2	2.07112545112348e-08	96565855
391626	2	2.07112545112348e-08	96565855
391735	879	9.10259635768771e-06	96565855
391774	12	1.24267527067409e-07	96565855
391896	1	1.03556272556174e-08	96565855
391904	35	3.6244695394661e-07	96565855
392499	229	2.37143864153639e-06	96565855
393011	24	2.48535054134818e-07	96565855
393305	15	1.55334408834261e-07	96565855
393595	40	4.14225090224697e-07	96565855
394221	14	1.44978781578644e-07	96565855
394503	1	1.03556272556174e-08	96565855
395019	887	9.18544137573265e-06	96565855
395491	13	1.34623154323026e-07	96565855
395492	42	4.34936344735932e-07	96565855
395494	28	2.89957563157288e-07	96565855
395495	1087	1.12565668268561e-05	96565855
395960	106	1.09769648909545e-06	96565855
395961	6	6.21337635337045e-08	96565855
395962	2	2.07112545112348e-08	96565855
395963	18	1.86401290601114e-07	96565855
395965	39	4.03869462969079e-07	96565855
396513	20	2.07112545112348e-07	96565855
396588	119	1.23231964341847e-06	96565855
396595	17	1.76045663345496e-07	96565855
397353	7	7.2489390789322e-08	96565855
397945	1550	1.6051222246207e-05	96565855
398527	119	1.23231964341847e-06	96565855
398577	82	8.49161434960629e-07	96565855
398578	2407	2.49259948042711e-05	96565855
398579	7	7.2489390789322e-08	96565855
398580	15	1.55334408834261e-07	96565855
398767	6	6.21337635337045e-08	96565855
398839	2	2.07112545112348e-08	96565855
399185	2	2.07112545112348e-08	96565855
399599	2	2.07112545112348e-08	96565855
399726	15	1.55334408834261e-07	96565855
399739	509	5.27101427310927e-06	96565855
399741	11	1.13911899811792e-07	96565855
399742	38	3.93513835713462e-07	96565855
399781	12	1.24267527067409e-07	96565855
399804	33	3.41735699435375e-07	96565855
400667	1293	1.33898260415133e-05	96565855
400668	2	2.07112545112348e-08	96565855
400673	7	7.2489390789322e-08	96565855
400756	30	3.10668817668523e-07	96565855
401053	5	5.17781362780871e-08	96565855
401473	15	1.55334408834261e-07	96565855
402612	94	9.73428962028038e-07	96565855
402626	389	4.02833900243518e-06	96565855
402881	144	1.49121032480891e-06	96565855
402882	1	1.03556272556174e-08	96565855
403677	91	9.42362080261186e-07	96565855
403833	6	6.21337635337045e-08	96565855
404380	13	1.34623154323026e-07	96565855
404589	39	4.03869462969079e-07	96565855
405416	998	1.03349160011062e-05	96565855
405440	8	8.28450180449394e-08	96565855
405441	4	4.14225090224697e-08	96565855
405531	4	4.14225090224697e-08	96565855
405532	3	3.10668817668523e-08	96565855
405534	3	3.10668817668523e-08	96565855
405535	1	1.03556272556174e-08	96565855
405566	13	1.34623154323026e-07	96565855
405948	70	7.2489390789322e-07	96565855
405955	174	1.80187914247743e-06	96565855
406327	1	1.03556272556174e-08	96565855
406425	77	7.97383298682542e-07	96565855
406552	5	5.17781362780871e-08	96565855
406817	1	1.03556272556174e-08	96565855
406818	3	3.10668817668523e-08	96565855
407976	2	2.07112545112348e-08	96565855
408198	1	1.03556272556174e-08	96565855
409438	20	2.07112545112348e-07	96565855
410289	659	6.82435836145188e-06	96565855
410358	8	8.28450180449394e-08	96565855
411154	14	1.44978781578644e-07	96565855
412022	49	5.07425735525254e-07	96565855
412030	14	1.44978781578644e-07	96565855
412694	6	6.21337635337045e-08	96565855
413404	4	4.14225090224697e-08	96565855
413949	3	3.10668817668523e-08	96565855
413997	13	1.34623154323026e-07	96565855
413999	9	9.32006453005568e-08	96565855
414684	46	4.76358853758401e-07	96565855
416269	7	7.2489390789322e-08	96565855
416276	3	3.10668817668523e-08	96565855
416344	68	7.04182653381985e-07	96565855
416870	36	3.72802581202227e-07	96565855
418127	4	4.14225090224697e-08	96565855
419610	382	3.95584961164586e-06	96565855
419947	672	6.95898151577491e-06	96565855
420245	3	3.10668817668523e-08	96565855
420246	21	2.17468172367966e-07	96565855
420247	16	1.65690036089879e-07	96565855
420662	991	1.02624266103169e-05	96565855
420889	5	5.17781362780871e-08	96565855
420890	2	2.07112545112348e-08	96565855
423211	2	2.07112545112348e-08	96565855
423212	2	2.07112545112348e-08	96565855
423368	87	9.00939571238716e-07	96565855
423536	35	3.6244695394661e-07	96565855
424182	62	6.4204888984828e-07	96565855
425011	84	8.69872689471863e-07	96565855
425104	8	8.28450180449394e-08	96565855
426114	99	1.02520709830612e-06	96565855
426117	122	1.26338652518533e-06	96565855
426355	452	4.68074351953908e-06	96565855
426430	47	4.86714481014019e-07	96565855
428406	498	5.15710237329748e-06	96565855
430066	1	1.03556272556174e-08	96565855
431895	15	1.55334408834261e-07	96565855
431943	18	1.86401290601114e-07	96565855
431946	1	1.03556272556174e-08	96565855
431947	7	7.2489390789322e-08	96565855
434922	7	7.2489390789322e-08	96565855
434923	6	6.21337635337045e-08	96565855
434924	5	5.17781362780871e-08	96565855
435258	9	9.32006453005568e-08	96565855
435590	354	3.66589204848857e-06	96565855
435591	64	6.62760144359515e-07	96565855
435998	16	1.65690036089879e-07	96565855
436717	683	7.0728934155867e-06	96565855
438753	68	7.04182653381985e-07	96565855
439235	3	3.10668817668523e-08	96565855
439292	4	4.14225090224697e-08	96565855
439375	99	1.02520709830612e-06	96565855
439843	8052	8.33835106622315e-05	96565855
439855	120	1.24267527067409e-06	96565855
440085	304	3.1481106857077e-06	96565855
441375	11	1.13911899811792e-07	96565855
441620	301	3.11704380394084e-06	96565855
441768	7	7.2489390789322e-08	96565855
441771	1	1.03556272556174e-08	96565855
442563	7	7.2489390789322e-08	96565855
443143	12	1.24267527067409e-07	96565855
443144	7	7.2489390789322e-08	96565855
443218	9	9.32006453005568e-08	96565855
443906	83	8.59517062216246e-07	96565855
444177	4	4.14225090224697e-08	96565855
444178	21	2.17468172367966e-07	96565855
444179	1	1.03556272556174e-08	96565855
444450	1	1.03556272556174e-08	96565855
445932	1	1.03556272556174e-08	96565855
446462	44	4.55647599247167e-07	96565855
446465	66	6.8347139887075e-07	96565855
446466	57	5.90270753570193e-07	96565855
446468	46	4.76358853758401e-07	96565855
446469	86	8.90583943983098e-07	96565855
446470	36	3.72802581202227e-07	96565855
446471	62	6.4204888984828e-07	96565855
446529	1	1.03556272556174e-08	96565855
447217	35	3.6244695394661e-07	96565855
447909	1	1.03556272556174e-08	96565855
448385	46	4.76358853758401e-07	96565855
449447	12	1.24267527067409e-07	96565855
450851	97	1.00449584379489e-06	96565855
451515	4	4.14225090224697e-08	96565855
451516	14	1.44978781578644e-07	96565855
452471	2	2.07112545112348e-08	96565855
452637	28	2.89957563157288e-07	96565855
452638	56	5.79915126314576e-07	96565855
452652	67	6.93827026126367e-07	96565855
452662	340	3.52091326690992e-06	96565855
452863	1896	1.96342692766506e-05	96565855
454169	8006	8.29071518084731e-05	96565855
455488	16	1.65690036089879e-07	96565855
455632	58	6.00626380825811e-07	96565855
456442	2	2.07112545112348e-08	96565855
456481	14	1.44978781578644e-07	96565855
457425	33	3.41735699435375e-07	96565855
457570	5	5.17781362780871e-08	96565855
458233	6	6.21337635337045e-08	96565855
459349	3	3.10668817668523e-08	96565855
459424	5	5.17781362780871e-08	96565855
460265	118	1.22196401616286e-06	96565855
462590	3	3.10668817668523e-08	96565855
463136	1	1.03556272556174e-08	96565855
464988	10	1.03556272556174e-07	96565855
465515	630	6.52404517103898e-06	96565855
465817	15	1.55334408834261e-07	96565855
467705	87	9.00939571238716e-07	96565855
469008	7	7.2489390789322e-08	96565855
469371	22	2.27823799623583e-07	96565855
469378	6	6.21337635337045e-08	96565855
469383	27	2.7960193590167e-07	96565855
469604	17	1.76045663345496e-07	96565855
469607	35	3.6244695394661e-07	96565855
470137	2	2.07112545112348e-08	96565855
471223	56	5.79915126314576e-07	96565855
471852	44	4.55647599247167e-07	96565855
471853	52	5.38492617292106e-07	96565855
471854	11	1.13911899811792e-07	96565855
471855	2	2.07112545112348e-08	96565855
471856	5	5.17781362780871e-08	96565855
471857	13	1.34623154323026e-07	96565855
471876	41	4.24580717480314e-07	96565855
472759	6	6.21337635337045e-08	96565855
476213	4	4.14225090224697e-08	96565855
477641	67	6.93827026126367e-07	96565855
477974	6	6.21337635337045e-08	96565855
478433	418	4.32865219284808e-06	96565855
478434	433	4.48398660168234e-06	96565855
478801	206	2.13325921465719e-06	96565855
479431	61	6.31693262592663e-07	96565855
479432	57	5.90270753570193e-07	96565855
479433	45	4.66003226502784e-07	96565855
479434	10	1.03556272556174e-07	96565855
479435	50	5.17781362780871e-07	96565855
479436	33	3.41735699435375e-07	96565855
479437	7	7.2489390789322e-08	96565855
480119	208	2.15397046916842e-06	96565855
480224	1	1.03556272556174e-08	96565855
481448	6	6.21337635337045e-08	96565855
481743	8	8.28450180449394e-08	96565855
481805	521	5.39528180017668e-06	96565855
481877	21	2.17468172367966e-07	96565855
482957	117	1.21160838890724e-06	96565855
483179	9	9.32006453005568e-08	96565855
483219	22	2.27823799623583e-07	96565855
484020	4	4.14225090224697e-08	96565855
484021	99	1.02520709830612e-06	96565855
484022	1	1.03556272556174e-08	96565855
484906	4	4.14225090224697e-08	96565855
485914	1	1.03556272556174e-08	96565855
485916	3	3.10668817668523e-08	96565855
485917	32	3.31380072179758e-07	96565855
485918	21	2.17468172367966e-07	96565855
486410	65	6.73115771615132e-07	96565855
487213	32	3.31380072179758e-07	96565855
487214	29	3.00313190412905e-07	96565855
487215	5	5.17781362780871e-08	96565855
487521	22	2.27823799623583e-07	96565855
488221	6	6.21337635337045e-08	96565855
488222	6	6.21337635337045e-08	96565855
488223	5	5.17781362780871e-08	96565855
488538	5	5.17781362780871e-08	96565855
489653	12	1.24267527067409e-07	96565855
490759	2	2.07112545112348e-08	96565855
491915	60	6.21337635337045e-07	96565855
491916	40	4.14225090224697e-07	96565855
491952	3	3.10668817668523e-08	96565855
493803	3	3.10668817668523e-08	96565855
497965	7	7.2489390789322e-08	96565855
497978	649	6.72080208889571e-06	96565855
498211	13	1.34623154323026e-07	96565855
498216	5	5.17781362780871e-08	96565855
498217	2	2.07112545112348e-08	96565855
498761	5	5.17781362780871e-08	96565855
502025	24	2.48535054134818e-07	96565855
502558	1	1.03556272556174e-08	96565855
504346	4	4.14225090224697e-08	96565855
504472	9	9.32006453005568e-08	96565855
504474	42	4.34936344735932e-07	96565855
504728	35	3.6244695394661e-07	96565855
504832	103	1.06662960732859e-06	96565855
505291	1	1.03556272556174e-08	96565855
505292	4	4.14225090224697e-08	96565855
505682	14	1.44978781578644e-07	96565855
507522	81	8.38805807705011e-07	96565855
508765	1	1.03556272556174e-08	96565855
508767	3	3.10668817668523e-08	96565855
508771	12	1.24267527067409e-07	96565855
509169	1442	1.49328145026003e-05	96565855
509170	671	6.94862588851929e-06	96565855
509173	2174	2.25131336537123e-05	96565855
509190	100	1.03556272556174e-06	96565855
509193	6	6.21337635337045e-08	96565855
510516	39	4.03869462969079e-07	96565855
511062	16	1.65690036089879e-07	96565855
511437	5	5.17781362780871e-08	96565855
511691	12	1.24267527067409e-07	96565855
511995	4	4.14225090224697e-08	96565855
512565	44	4.55647599247167e-07	96565855
512566	16	1.65690036089879e-07	96565855
515619	120	1.24267527067409e-06	96565855
515620	33	3.41735699435375e-07	96565855
515621	1	1.03556272556174e-08	96565855
515622	8	8.28450180449394e-08	96565855
516950	123	1.27374215244094e-06	96565855
517417	9	9.32006453005568e-08	96565855
518766	12	1.24267527067409e-07	96565855
519441	6	6.21337635337045e-08	96565855
521006	5	5.17781362780871e-08	96565855
521045	2	2.07112545112348e-08	96565855
521095	2	2.07112545112348e-08	96565855
521096	46	4.76358853758401e-07	96565855
521097	9	9.32006453005568e-08	96565855
521098	2	2.07112545112348e-08	96565855
521460	4	4.14225090224697e-08	96565855
521674	14	1.44978781578644e-07	96565855
522306	117	1.21160838890724e-06	96565855
522373	459	4.7532329103284e-06	96565855
523791	3	3.10668817668523e-08	96565855
523794	5	5.17781362780871e-08	96565855
523796	7	7.2489390789322e-08	96565855
525146	3	3.10668817668523e-08	96565855
525284	63	6.52404517103898e-07	96565855
525381	27	2.7960193590167e-07	96565855
525897	5	5.17781362780871e-08	96565855
525903	2	2.07112545112348e-08	96565855
525904	4	4.14225090224697e-08	96565855
525909	9	9.32006453005568e-08	96565855
525919	12	1.24267527067409e-07	96565855
526218	6	6.21337635337045e-08	96565855
526222	4	4.14225090224697e-08	96565855
526224	1	1.03556272556174e-08	96565855
526225	72	7.45605162404454e-07	96565855
526226	79	8.18094553193776e-07	96565855
526227	16	1.65690036089879e-07	96565855
529120	2	2.07112545112348e-08	96565855
529122	1	1.03556272556174e-08	96565855
529507	16	1.65690036089879e-07	96565855
530564	11	1.13911899811792e-07	96565855
531844	87	9.00939571238716e-07	96565855
535289	11938	0.000123625478177561	96565855
536019	64	6.62760144359515e-07	96565855
536056	105	1.08734086183983e-06	96565855
536230	19	1.96756917856731e-07	96565855
537021	1	1.03556272556174e-08	96565855
543526	3	3.10668817668523e-08	96565855
543728	1586	1.64240248274092e-05	96565855
543734	7	7.2489390789322e-08	96565855
543891	906	9.38219829358938e-06	96565855
543913	149	1.542988461087e-06	96565855
544556	68	7.04182653381985e-07	96565855
545693	5	5.17781362780871e-08	96565855
545695	2	2.07112545112348e-08	96565855
546269	1	1.03556272556174e-08	96565855
546271	8	8.28450180449394e-08	96565855
546342	4	4.14225090224697e-08	96565855
546414	15	1.55334408834261e-07	96565855
547559	1	1.03556272556174e-08	96565855
548473	22	2.27823799623583e-07	96565855
548476	85	8.80228316727481e-07	96565855
548479	10	1.03556272556174e-07	96565855
549446	5	5.17781362780871e-08	96565855
550537	1	1.03556272556174e-08	96565855
550538	1	1.03556272556174e-08	96565855
550540	8	8.28450180449394e-08	96565855
550542	47	4.86714481014019e-07	96565855
551115	12	1.24267527067409e-07	96565855
551895	6	6.21337635337045e-08	96565855
552526	22	2.27823799623583e-07	96565855
552536	2	2.07112545112348e-08	96565855
553174	50	5.17781362780871e-07	96565855
553190	102	1.05627398007298e-06	96565855
553199	11519	0.000119286470357457	96565855
554290	5	5.17781362780871e-08	96565855
555778	18	1.86401290601114e-07	96565855
556484	23	2.38179426879201e-07	96565855
557433	6	6.21337635337045e-08	96565855
557436	4	4.14225090224697e-08	96565855
557598	50	5.17781362780871e-07	96565855
557599	26	2.69246308646053e-07	96565855
557600	148	1.53263283383138e-06	96565855
557722	4376	4.53162248705818e-05	96565855
557723	5	5.17781362780871e-08	96565855
557760	32	3.31380072179758e-07	96565855
559292	1144	1.18468375804263e-05	96565855
559295	44	4.55647599247167e-07	96565855
559307	28	2.89957563157288e-07	96565855
561229	7	7.2489390789322e-08	96565855
561230	4	4.14225090224697e-08	96565855
561231	5	5.17781362780871e-08	96565855
561276	65	6.73115771615132e-07	96565855
561304	1	1.03556272556174e-08	96565855
562019	1	1.03556272556174e-08	96565855
562970	1	1.03556272556174e-08	96565855
563040	3	3.10668817668523e-08	96565855
563174	1	1.03556272556174e-08	96565855
563178	3	3.10668817668523e-08	96565855
565034	1	1.03556272556174e-08	96565855
565040	35	3.6244695394661e-07	96565855
565042	29	3.00313190412905e-07	96565855
565050	80	8.28450180449394e-07	96565855
565575	26	2.69246308646053e-07	96565855
565655	3	3.10668817668523e-08	96565855
566546	2	2.07112545112348e-08	96565855
568206	3	3.10668817668523e-08	96565855
568703	1	1.03556272556174e-08	96565855
568704	3	3.10668817668523e-08	96565855
568706	18	1.86401290601114e-07	96565855
568707	44	4.55647599247167e-07	96565855
568814	62	6.4204888984828e-07	96565855
568817	2	2.07112545112348e-08	96565855
571800	24	2.48535054134818e-07	96565855
572265	4	4.14225090224697e-08	96565855
572307	1	1.03556272556174e-08	96565855
572477	35	3.6244695394661e-07	96565855
572479	4	4.14225090224697e-08	96565855
572480	11	1.13911899811792e-07	96565855
572547	6	6.21337635337045e-08	96565855
573059	5	5.17781362780871e-08	96565855
573062	15	1.55334408834261e-07	96565855
573065	12	1.24267527067409e-07	96565855
573234	1	1.03556272556174e-08	96565855
573235	14	1.44978781578644e-07	96565855
573370	13	1.34623154323026e-07	96565855
573413	1	1.03556272556174e-08	96565855
573729	34	3.52091326690992e-07	96565855
573826	1	1.03556272556174e-08	96565855
574093	8	8.28450180449394e-08	96565855
574521	2	2.07112545112348e-08	96565855
575540	10	1.03556272556174e-07	96565855
575614	8	8.28450180449394e-08	96565855
575788	19	1.96756917856731e-07	96565855
577650	9	9.32006453005568e-08	96565855
578455	34	3.52091326690992e-07	96565855
578461	2	2.07112545112348e-08	96565855
579112	1	1.03556272556174e-08	96565855
579138	2	2.07112545112348e-08	96565855
579405	7	7.2489390789322e-08	96565855
580050	1	1.03556272556174e-08	96565855
580327	77	7.97383298682542e-07	96565855
580331	5	5.17781362780871e-08	96565855
580332	34	3.52091326690992e-07	96565855
581103	12	1.24267527067409e-07	96565855
582382	5	5.17781362780871e-08	96565855
582402	6	6.21337635337045e-08	96565855
582744	16	1.65690036089879e-07	96565855
582899	27	2.7960193590167e-07	96565855
583345	30	3.10668817668523e-07	96565855
583346	6	6.21337635337045e-08	96565855
583355	5	5.17781362780871e-08	96565855
583358	7	7.2489390789322e-08	96565855
585034	6	6.21337635337045e-08	96565855
585035	1	1.03556272556174e-08	96565855
585054	20	2.07112545112348e-07	96565855
585055	18	1.86401290601114e-07	96565855
585056	20	2.07112545112348e-07	96565855
585057	35	3.6244695394661e-07	96565855
585143	1	1.03556272556174e-08	96565855
585394	38	3.93513835713462e-07	96565855
585395	11	1.13911899811792e-07	96565855
585396	8051	8.33731550349759e-05	96565855
585397	3	3.10668817668523e-08	96565855
589865	2	2.07112545112348e-08	96565855
590409	1	1.03556272556174e-08	96565855
590739	2	2.07112545112348e-08	96565855
590998	55	5.69559499058958e-07	96565855
591001	6	6.21337635337045e-08	96565855
591020	5	5.17781362780871e-08	96565855
591167	27	2.7960193590167e-07	96565855
591365	6	6.21337635337045e-08	96565855
592029	2	2.07112545112348e-08	96565855
592316	5	5.17781362780871e-08	96565855
593588	24	2.48535054134818e-07	96565855
593750	2	2.07112545112348e-08	96565855
593907	62	6.4204888984828e-07	96565855
595494	28	2.89957563157288e-07	96565855
595495	86	8.90583943983098e-07	96565855
595496	51	5.28136990036489e-07	96565855
595528	26	2.69246308646053e-07	96565855
595537	1213	1.25613758610639e-05	96565855
596153	3133	3.24441801918494e-05	96565855
596154	2343	2.42632346599116e-05	96565855
598659	10	1.03556272556174e-07	96565855
600809	5	5.17781362780871e-08	96565855
604162	5	5.17781362780871e-08	96565855
610130	26	2.69246308646053e-07	96565855
617121	19	1.96756917856731e-07	96565855
622759	22	2.27823799623583e-07	96565855
626418	114	1.18054150714039e-06	96565855
627192	148	1.53263283383138e-06	96565855
627344	1	1.03556272556174e-08	96565855
630588	2	2.07112545112348e-08	96565855
630626	9	9.32006453005568e-08	96565855
632292	4	4.14225090224697e-08	96565855
632335	3	3.10668817668523e-08	96565855
632348	3	3.10668817668523e-08	96565855
632516	2	2.07112545112348e-08	96565855
632518	4	4.14225090224697e-08	96565855
632772	75	7.76672044171307e-07	96565855
633147	8	8.28450180449394e-08	96565855
633149	62	6.4204888984828e-07	96565855
633699	2	2.07112545112348e-08	96565855
634176	7	7.2489390789322e-08	96565855
634177	12	1.24267527067409e-07	96565855
634452	12	1.24267527067409e-07	96565855
634456	4	4.14225090224697e-08	96565855
634497	2	2.07112545112348e-08	96565855
634498	2	2.07112545112348e-08	96565855
634499	7	7.2489390789322e-08	96565855
634500	37	3.83158208457845e-07	96565855
634503	2	2.07112545112348e-08	96565855
634956	11	1.13911899811792e-07	96565855
635013	1	1.03556272556174e-08	96565855
637379	70	7.2489390789322e-07	96565855
637887	5	5.17781362780871e-08	96565855
637909	4	4.14225090224697e-08	96565855
637910	8	8.28450180449394e-08	96565855
639283	80	8.28450180449394e-07	96565855
640081	358	3.70731455751104e-06	96565855
640131	60	6.21337635337045e-07	96565855
640132	8	8.28450180449394e-08	96565855
640510	41	4.24580717480314e-07	96565855
640511	83	8.59517062216246e-07	96565855
640512	61	6.31693262592663e-07	96565855
640513	26	2.69246308646053e-07	96565855
641491	13	1.34623154323026e-07	96565855
641892	1	1.03556272556174e-08	96565855
642492	1	1.03556272556174e-08	96565855
643561	1085	1.12358555723449e-05	96565855
643562	6	6.21337635337045e-08	96565855
643648	6	6.21337635337045e-08	96565855
643867	3	3.10668817668523e-08	96565855
644042	10	1.03556272556174e-07	96565855
644223	6	6.21337635337045e-08	96565855
644282	10	1.03556272556174e-07	96565855
644283	42	4.34936344735932e-07	96565855
644284	9	9.32006453005568e-08	96565855
644651	3	3.10668817668523e-08	96565855
644801	241	2.4957061686038e-06	96565855
644966	10	1.03556272556174e-07	96565855
645127	152	1.57405534285385e-06	96565855
645463	9	9.32006453005568e-08	96565855
645657	9	9.32006453005568e-08	96565855
645991	4	4.14225090224697e-08	96565855
646529	11	1.13911899811792e-07	96565855
648757	22	2.27823799623583e-07	96565855
648996	3	3.10668817668523e-08	96565855
648999	54	5.59203871803341e-07	96565855
649349	25	2.58890681390436e-07	96565855
649638	11	1.13911899811792e-07	96565855
649639	1	1.03556272556174e-08	96565855
649831	34	3.52091326690992e-07	96565855
650150	4	4.14225090224697e-08	96565855
651182	3	3.10668817668523e-08	96565855
651822	2	2.07112545112348e-08	96565855
652103	112	1.15983025262915e-06	96565855
652616	3	3.10668817668523e-08	96565855
653045	33	3.41735699435375e-07	96565855
653733	2	2.07112545112348e-08	96565855
653938	2	2.07112545112348e-08	96565855
655815	4	4.14225090224697e-08	96565855
655816	5	5.17781362780871e-08	96565855
656024	12	1.24267527067409e-07	96565855
657308	6	6.21337635337045e-08	96565855
657309	47	4.86714481014019e-07	96565855
657310	5	5.17781362780871e-08	96565855
657313	109	1.1287633708623e-06	96565855
657314	62	6.4204888984828e-07	96565855
657315	52	5.38492617292106e-07	96565855
657316	12	1.24267527067409e-07	96565855
657317	65	6.73115771615132e-07	96565855
657318	86	8.90583943983098e-07	96565855
657319	12	1.24267527067409e-07	96565855
657321	106	1.09769648909545e-06	96565855
657322	69	7.14538280637602e-07	96565855
657323	107	1.10805211635106e-06	96565855
657324	3	3.10668817668523e-08	96565855
658172	4	4.14225090224697e-08	96565855
660470	1	1.03556272556174e-08	96565855
661367	6	6.21337635337045e-08	96565855
661410	293	3.0341987858959e-06	96565855
662598	2	2.07112545112348e-08	96565855
662755	60	6.21337635337045e-07	96565855
663278	4	4.14225090224697e-08	96565855
663917	5	5.17781362780871e-08	96565855
663951	6	6.21337635337045e-08	96565855
663954	165	1.70867849717687e-06	96565855
665029	2	2.07112545112348e-08	96565855
665571	11	1.13911899811792e-07	96565855
666681	16	1.65690036089879e-07	96565855
666685	44	4.55647599247167e-07	96565855
666686	3	3.10668817668523e-08	96565855
667015	16	1.65690036089879e-07	96565855
670252	1	1.03556272556174e-08	96565855
670307	12	1.24267527067409e-07	96565855
670487	10	1.03556272556174e-07	96565855
671143	2	2.07112545112348e-08	96565855
673862	1	1.03556272556174e-08	96565855
675635	54	5.59203871803341e-07	96565855
679935	11	1.13911899811792e-07	96565855
679936	2	2.07112545112348e-08	96565855
680198	41	4.24580717480314e-07	96565855
680646	62	6.4204888984828e-07	96565855
682634	7	7.2489390789322e-08	96565855
682795	3	3.10668817668523e-08	96565855
684738	79	8.18094553193776e-07	96565855
685038	2	2.07112545112348e-08	96565855
685039	4	4.14225090224697e-08	96565855
685727	60	6.21337635337045e-07	96565855
688245	1263	1.30791572238448e-05	96565855
688270	9	9.32006453005568e-08	96565855
690566	189	1.95721355131169e-06	96565855
690850	3	3.10668817668523e-08	96565855
691437	49	5.07425735525254e-07	96565855
693216	15	1.55334408834261e-07	96565855
693444	14	1.44978781578644e-07	96565855
693745	2	2.07112545112348e-08	96565855
693746	2	2.07112545112348e-08	96565855
693973	2	2.07112545112348e-08	96565855
693977	19	1.96756917856731e-07	96565855
693978	147	1.52227720657576e-06	96565855
693979	6	6.21337635337045e-08	96565855
693982	33	3.41735699435375e-07	96565855
694427	17	1.76045663345496e-07	96565855
694430	1	1.03556272556174e-08	96565855
695560	2	2.07112545112348e-08	96565855
696127	1	1.03556272556174e-08	96565855
696216	11	1.13911899811792e-07	96565855
696281	1	1.03556272556174e-08	96565855
696406	14	1.44978781578644e-07	96565855
696747	5	5.17781362780871e-08	96565855
696748	3	3.10668817668523e-08	96565855
696749	398	4.12153964773573e-06	96565855
697281	5	5.17781362780871e-08	96565855
697283	1	1.03556272556174e-08	96565855
697303	21	2.17468172367966e-07	96565855
697329	14	1.44978781578644e-07	96565855
698737	13	1.34623154323026e-07	96565855
698761	25	2.58890681390436e-07	96565855
698936	7	7.2489390789322e-08	96565855
698948	67	6.93827026126367e-07	96565855
698962	12	1.24267527067409e-07	96565855
698963	1	1.03556272556174e-08	96565855
698964	9	9.32006453005568e-08	96565855
698965	6	6.21337635337045e-08	96565855
698966	1	1.03556272556174e-08	96565855
698967	2	2.07112545112348e-08	96565855
698968	3	3.10668817668523e-08	96565855
698969	2	2.07112545112348e-08	96565855
698970	1	1.03556272556174e-08	96565855
698972	11	1.13911899811792e-07	96565855
698973	1	1.03556272556174e-08	96565855
699032	3	3.10668817668523e-08	96565855
699033	4	4.14225090224697e-08	96565855
699037	4	4.14225090224697e-08	96565855
700508	25	2.58890681390436e-07	96565855
700598	28	2.89957563157288e-07	96565855
701347	15	1.55334408834261e-07	96565855
701521	2	2.07112545112348e-08	96565855
702113	142	1.47049907029767e-06	96565855
702459	11	1.13911899811792e-07	96565855
703613	4	4.14225090224697e-08	96565855
706191	28	2.89957563157288e-07	96565855
706194	1	1.03556272556174e-08	96565855
706587	3	3.10668817668523e-08	96565855
707241	20	2.07112545112348e-07	96565855
709032	1	1.03556272556174e-08	96565855
709986	12	1.24267527067409e-07	96565855
709991	22	2.27823799623583e-07	96565855
710421	42	4.34936344735932e-07	96565855
710685	33	3.41735699435375e-07	96565855
710686	19	1.96756917856731e-07	96565855
710696	64	6.62760144359515e-07	96565855
712898	64	6.62760144359515e-07	96565855
712938	4	4.14225090224697e-08	96565855
712961	28	2.89957563157288e-07	96565855
713604	35	3.6244695394661e-07	96565855
714313	12	1.24267527067409e-07	96565855
714962	1	1.03556272556174e-08	96565855
716540	2	2.07112545112348e-08	96565855
716541	291	3.01348753138467e-06	96565855
716544	4	4.14225090224697e-08	96565855
717605	12	1.24267527067409e-07	96565855
717608	13	1.34623154323026e-07	96565855
717773	2	2.07112545112348e-08	96565855
717774	2	2.07112545112348e-08	96565855
717785	19	1.96756917856731e-07	96565855
717959	17	1.76045663345496e-07	96565855
717960	23	2.38179426879201e-07	96565855
717961	7	7.2489390789322e-08	96565855
717962	38	3.93513835713462e-07	96565855
718251	3	3.10668817668523e-08	96565855
718252	68	7.04182653381985e-07	96565855
718254	72	7.45605162404454e-07	96565855
718255	46	4.76358853758401e-07	96565855
718271	1	1.03556272556174e-08	96565855
718274	5	5.17781362780871e-08	96565855
720554	6	6.21337635337045e-08	96565855
720555	1	1.03556272556174e-08	96565855
722911	2	2.07112545112348e-08	96565855
723287	1	1.03556272556174e-08	96565855
741091	23	2.38179426879201e-07	96565855
742013	1534	1.58855322101171e-05	96565855
743299	11	1.13911899811792e-07	96565855
743525	700	7.2489390789322e-06	96565855
743718	48	4.97070108269636e-07	96565855
743720	183	1.89507978777799e-06	96565855
743721	157	1.62583347913194e-06	96565855
743722	11	1.13911899811792e-07	96565855
743973	1	1.03556272556174e-08	96565855
744533	1	1.03556272556174e-08	96565855
744985	1	1.03556272556174e-08	96565855
745277	16	1.65690036089879e-07	96565855
745310	401	4.15260652950259e-06	96565855
745776	11	1.13911899811792e-07	96565855
746361	11	1.13911899811792e-07	96565855
746697	5	5.17781362780871e-08	96565855
747365	6	6.21337635337045e-08	96565855
748247	108	1.11840774360668e-06	96565855
748280	102	1.05627398007298e-06	96565855
748671	31	3.2102444492414e-07	96565855
748727	5	5.17781362780871e-08	96565855
749219	27	2.7960193590167e-07	96565855
749222	2	2.07112545112348e-08	96565855
749414	38	3.93513835713462e-07	96565855
749927	71	7.35249535148837e-07	96565855
751585	13	1.34623154323026e-07	96565855
751945	46	4.76358853758401e-07	96565855
754035	50	5.17781362780871e-07	96565855
754252	28	2.89957563157288e-07	96565855
754476	2	2.07112545112348e-08	96565855
754477	194	2.00899168758978e-06	96565855
755731	1	1.03556272556174e-08	96565855
755732	21	2.17468172367966e-07	96565855
756272	8	8.28450180449394e-08	96565855
757424	308	3.18953319473017e-06	96565855
757425	1	1.03556272556174e-08	96565855
758793	45	4.66003226502784e-07	96565855
759350	38	3.93513835713462e-07	96565855
759362	11	1.13911899811792e-07	96565855
759913	49	5.07425735525254e-07	96565855
759914	1	1.03556272556174e-08	96565855
760142	8	8.28450180449394e-08	96565855
760154	3	3.10668817668523e-08	96565855
760192	15	1.55334408834261e-07	96565855
760568	1	1.03556272556174e-08	96565855
760570	11	1.13911899811792e-07	96565855
761193	4	4.14225090224697e-08	96565855
761659	8	8.28450180449394e-08	96565855
762051	5	5.17781362780871e-08	96565855
762376	780	8.07738925938159e-06	96565855
762550	14	1.44978781578644e-07	96565855
762570	7	7.2489390789322e-08	96565855
762633	125	1.29445340695218e-06	96565855
762903	89	9.21650825749951e-07	96565855
762948	131	1.35658717048588e-06	96565855
765698	49	5.07425735525254e-07	96565855
765874	12	1.24267527067409e-07	96565855
765911	18	1.86401290601114e-07	96565855
765912	23	2.38179426879201e-07	96565855
765952	8	8.28450180449394e-08	96565855
767029	25	2.58890681390436e-07	96565855
767031	15	1.55334408834261e-07	96565855
767434	22	2.27823799623583e-07	96565855
767453	3	3.10668817668523e-08	96565855
767455	2	2.07112545112348e-08	96565855
767462	7	7.2489390789322e-08	96565855
767463	97	1.00449584379489e-06	96565855
767468	1	1.03556272556174e-08	96565855
768066	33	3.41735699435375e-07	96565855
768486	2	2.07112545112348e-08	96565855
768490	9	9.32006453005568e-08	96565855
768492	4	4.14225090224697e-08	96565855
788929	3	3.10668817668523e-08	96565855
797210	3	3.10668817668523e-08	96565855
797302	2	2.07112545112348e-08	96565855
797303	1	1.03556272556174e-08	96565855
798128	93	9.6307333477242e-07	96565855
798300	5	5.17781362780871e-08	96565855
856793	4	4.14225090224697e-08	96565855
857087	5	5.17781362780871e-08	96565855
858215	14	1.44978781578644e-07	96565855
858619	49	5.07425735525254e-07	96565855
859654	1	1.03556272556174e-08	96565855
859655	120	1.24267527067409e-06	96565855
859656	179	1.85365727875552e-06	96565855
859657	178	1.8433016514999e-06	96565855
860228	6	6.21337635337045e-08	96565855
861208	35	3.6244695394661e-07	96565855
861360	88	9.11295198494333e-07	96565855
862719	62	6.4204888984828e-07	96565855
862751	29	3.00313190412905e-07	96565855
862962	34	3.52091326690992e-07	96565855
862964	4	4.14225090224697e-08	96565855
862965	32	3.31380072179758e-07	96565855
862966	4	4.14225090224697e-08	96565855
862967	8	8.28450180449394e-08	96565855
862969	5	5.17781362780871e-08	96565855
862970	8	8.28450180449394e-08	96565855
862971	6	6.21337635337045e-08	96565855
865938	31	3.2102444492414e-07	96565855
866536	14	1.44978781578644e-07	96565855
866630	15	1.55334408834261e-07	96565855
866768	310	3.2102444492414e-06	96565855
866775	4	4.14225090224697e-08	96565855
866777	7	7.2489390789322e-08	96565855
866895	1	1.03556272556174e-08	96565855
866913	2	2.07112545112348e-08	96565855
867900	6	6.21337635337045e-08	96565855
867902	7	7.2489390789322e-08	96565855
867904	1	1.03556272556174e-08	96565855
868131	1	1.03556272556174e-08	96565855
868132	4	4.14225090224697e-08	96565855
868597	394	4.08011713871326e-06	96565855
869209	1	1.03556272556174e-08	96565855
869210	12	1.24267527067409e-07	96565855
869211	2	2.07112545112348e-08	96565855
869212	3	3.10668817668523e-08	96565855
869215	3	3.10668817668523e-08	96565855
869216	3	3.10668817668523e-08	96565855
869269	7	7.2489390789322e-08	96565855
869306	1	1.03556272556174e-08	96565855
869309	62	6.4204888984828e-07	96565855
869729	10	1.03556272556174e-07	96565855
871585	448	4.63932101051661e-06	96565855
871963	2	2.07112545112348e-08	96565855
872331	1	1.03556272556174e-08	96565855
875328	23	2.38179426879201e-07	96565855
875863	1	1.03556272556174e-08	96565855
877468	2	2.07112545112348e-08	96565855
879088	3	3.10668817668523e-08	96565855
879243	10	1.03556272556174e-07	96565855
880070	3	3.10668817668523e-08	96565855
880071	1	1.03556272556174e-08	96565855
880072	1	1.03556272556174e-08	96565855
880447	1	1.03556272556174e-08	96565855
880591	16	1.65690036089879e-07	96565855
880633	5	5.17781362780871e-08	96565855
880758	43	4.45291971991549e-07	96565855
882095	15	1.55334408834261e-07	96565855
882102	7	7.2489390789322e-08	96565855
882378	27	2.7960193590167e-07	96565855
882884	12	1.24267527067409e-07	96565855
882944	3	3.10668817668523e-08	96565855
883062	9	9.32006453005568e-08	96565855
884204	23	2.38179426879201e-07	96565855
885276	3	3.10668817668523e-08	96565855
886293	37	3.83158208457845e-07	96565855
886377	1	1.03556272556174e-08	96565855
887061	11	1.13911899811792e-07	96565855
889738	207	2.14361484191281e-06	96565855
889932	10	1.03556272556174e-07	96565855
889933	6	6.21337635337045e-08	96565855
890402	42	4.34936344735932e-07	96565855
891391	2	2.07112545112348e-08	96565855
903510	3	3.10668817668523e-08	96565855
903814	2	2.07112545112348e-08	96565855
905079	49	5.07425735525254e-07	96565855
906968	9	9.32006453005568e-08	96565855
907265	7	7.2489390789322e-08	96565855
907269	6	6.21337635337045e-08	96565855
908937	4	4.14225090224697e-08	96565855
909420	3	3.10668817668523e-08	96565855
909946	1	1.03556272556174e-08	96565855
909952	931	9.64108897497982e-06	96565855
909954	4	4.14225090224697e-08	96565855
910348	40	4.14225090224697e-07	96565855
911045	8	8.28450180449394e-08	96565855
914127	14	1.44978781578644e-07	96565855
914149	1	1.03556272556174e-08	96565855
926550	12	1.24267527067409e-07	96565855
926556	4	4.14225090224697e-08	96565855
926562	2	2.07112545112348e-08	96565855
926566	4	4.14225090224697e-08	96565855
926569	5	5.17781362780871e-08	96565855
926570	27	2.7960193590167e-07	96565855
927666	75	7.76672044171307e-07	96565855
927704	1	1.03556272556174e-08	96565855
929102	35	3.6244695394661e-07	96565855
929439	27	2.7960193590167e-07	96565855
929556	9	9.32006453005568e-08	96565855
929562	13	1.34623154323026e-07	96565855
930169	30	3.10668817668523e-07	96565855
930171	3893	4.03144569061186e-05	96565855
930944	7	7.2489390789322e-08	96565855
931276	5	5.17781362780871e-08	96565855
931281	111	1.14947462537353e-06	96565855
931890	4	4.14225090224697e-08	96565855
932677	23	2.38179426879201e-07	96565855
932919	1	1.03556272556174e-08	96565855
935296	21	2.17468172367966e-07	96565855
935593	4	4.14225090224697e-08	96565855
935599	2	2.07112545112348e-08	96565855
935897	7	7.2489390789322e-08	96565855
936139	4	4.14225090224697e-08	96565855
936153	4	4.14225090224697e-08	96565855
936154	29	3.00313190412905e-07	96565855
936156	49	5.07425735525254e-07	96565855
936157	1	1.03556272556174e-08	96565855
937773	1	1.03556272556174e-08	96565855
937774	5	5.17781362780871e-08	96565855
937777	6	6.21337635337045e-08	96565855
940190	1	1.03556272556174e-08	96565855
940296	3	3.10668817668523e-08	96565855
941193	1184	1.2261062670651e-05	96565855
941639	11	1.13911899811792e-07	96565855
944546	9	9.32006453005568e-08	96565855
944547	18	1.86401290601114e-07	96565855
945021	4	4.14225090224697e-08	96565855
945556	62	6.4204888984828e-07	96565855
945704	12	1.24267527067409e-07	96565855
945711	1	1.03556272556174e-08	96565855
945712	12	1.24267527067409e-07	96565855
945713	3	3.10668817668523e-08	96565855
946362	10	1.03556272556174e-07	96565855
946483	47	4.86714481014019e-07	96565855
953739	29	3.00313190412905e-07	96565855
956149	7	7.2489390789322e-08	96565855
977880	214	2.21610423270213e-06	96565855
979556	160	1.65690036089879e-06	96565855
979982	1	1.03556272556174e-08	96565855
980514	71	7.35249535148837e-07	96565855
981222	7	7.2489390789322e-08	96565855
981368	52	5.38492617292106e-07	96565855
981539	1	1.03556272556174e-08	96565855
981540	3	3.10668817668523e-08	96565855
983544	9	9.32006453005568e-08	96565855
983545	1	1.03556272556174e-08	96565855
983548	1	1.03556272556174e-08	96565855
983917	883	9.14401886671019e-06	96565855
984262	11	1.13911899811792e-07	96565855
985002	5	5.17781362780871e-08	96565855
985006	1	1.03556272556174e-08	96565855
990288	17	1.76045663345496e-07	96565855
990315	1041	1.07802079730977e-05	96565855
990316	25	2.58890681390436e-07	96565855
990317	2	2.07112545112348e-08	96565855
991791	1	1.03556272556174e-08	96565855
991905	62	6.4204888984828e-07	96565855
992406	10	1.03556272556174e-07	96565855
994476	6	6.21337635337045e-08	96565855
994484	230	2.38179426879201e-06	96565855
996285	338	3.50020201239869e-06	96565855
998088	32	3.31380072179758e-07	96565855
999378	3	3.10668817668523e-08	96565855
999541	128	1.32552028871903e-06	96565855
999552	19	1.96756917856731e-07	96565855
999891	1	1.03556272556174e-08	96565855
999953	9	9.32006453005568e-08	96565855
1001583	17	1.76045663345496e-07	96565855
1001585	374	3.87300459360092e-06	96565855
1002809	4	4.14225090224697e-08	96565855
1003195	75	7.76672044171307e-07	96565855
1004786	1	1.03556272556174e-08	96565855
1004951	1	1.03556272556174e-08	96565855
1004952	24	2.48535054134818e-07	96565855
1005041	17	1.76045663345496e-07	96565855
1005042	28	2.89957563157288e-07	96565855
1005048	504	5.21923613683118e-06	96565855
1005057	1	1.03556272556174e-08	96565855
1005058	1	1.03556272556174e-08	96565855
1006551	30	3.10668817668523e-07	96565855
1007064	6	6.21337635337045e-08	96565855
1007105	41	4.24580717480314e-07	96565855
1008459	5	5.17781362780871e-08	96565855
1009464	56	5.79915126314576e-07	96565855
1009846	106	1.09769648909545e-06	96565855
1010840	1	1.03556272556174e-08	96565855
1016998	12	1.24267527067409e-07	96565855
1017264	28	2.89957563157288e-07	96565855
1028307	6	6.21337635337045e-08	96565855
1028799	1	1.03556272556174e-08	96565855
1029718	4	4.14225090224697e-08	96565855
1029756	24	2.48535054134818e-07	96565855
1030009	1	1.03556272556174e-08	96565855
1030843	2	2.07112545112348e-08	96565855
1031709	548	5.67488373607835e-06	96565855
1031710	30	3.10668817668523e-07	96565855
1031711	88	9.11295198494333e-07	96565855
1032480	43	4.45291971991549e-07	96565855
1032845	1	1.03556272556174e-08	96565855
1033806	1	1.03556272556174e-08	96565855
1033813	5	5.17781362780871e-08	96565855
1033837	4	4.14225090224697e-08	96565855
1034807	51	5.28136990036489e-07	96565855
1034809	1	1.03556272556174e-08	96565855
1034836	1	1.03556272556174e-08	96565855
1035817	10	1.03556272556174e-07	96565855
1036172	8	8.28450180449394e-08	96565855
1036672	14	1.44978781578644e-07	96565855
1036673	6	6.21337635337045e-08	96565855
1036743	25	2.58890681390436e-07	96565855
1037409	172	1.7811678879662e-06	96565855
1037911	1076	1.11426549270443e-05	96565855
1041826	42	4.34936344735932e-07	96565855
1042156	10	1.03556272556174e-07	96565855
1042417	3	3.10668817668523e-08	96565855
1042876	440	4.55647599247167e-06	96565855
1042877	1	1.03556272556174e-08	96565855
1042878	156	1.61547785187632e-06	96565855
1045854	2	2.07112545112348e-08	96565855
1045855	100	1.03556272556174e-06	96565855
1045856	30	3.10668817668523e-07	96565855
1045858	1	1.03556272556174e-08	96565855
1046624	10	1.03556272556174e-07	96565855
1046629	46	4.76358853758401e-07	96565855
1048245	1	1.03556272556174e-08	96565855
1048260	1	1.03556272556174e-08	96565855
1048332	42	4.34936344735932e-07	96565855
1048689	2	2.07112545112348e-08	96565855
1048834	6	6.21337635337045e-08	96565855
1049565	25	2.58890681390436e-07	96565855
1051072	5	5.17781362780871e-08	96565855
1051074	39	4.03869462969079e-07	96565855
1051632	2	2.07112545112348e-08	96565855
1052588	7	7.2489390789322e-08	96565855
1054460	43	4.45291971991549e-07	96565855
1064535	16	1.65690036089879e-07	96565855
1064539	63	6.52404517103898e-07	96565855
1064592	20	2.07112545112348e-07	96565855
1069533	24	2.48535054134818e-07	96565855
1069534	1	1.03556272556174e-08	96565855
1069642	6	6.21337635337045e-08	96565855
1071378	18	1.86401290601114e-07	96565855
1071381	24	2.48535054134818e-07	96565855
1071382	29	3.00313190412905e-07	96565855
1071400	2	2.07112545112348e-08	96565855
1072459	3	3.10668817668523e-08	96565855
1072467	1	1.03556272556174e-08	96565855
1074889	1	1.03556272556174e-08	96565855
1074919	19	1.96756917856731e-07	96565855
1075089	4	4.14225090224697e-08	96565855
1075399	1	1.03556272556174e-08	96565855
1076934	1	1.03556272556174e-08	96565855
1080228	3	3.10668817668523e-08	96565855
1080230	2	2.07112545112348e-08	96565855
1081093	1	1.03556272556174e-08	96565855
1082931	24	2.48535054134818e-07	96565855
1085623	7	7.2489390789322e-08	96565855
1087448	3	3.10668817668523e-08	96565855
1087451	2	2.07112545112348e-08	96565855
1089456	3789	3.92374716715344e-05	96565855
1089553	1	1.03556272556174e-08	96565855
1090974	1	1.03556272556174e-08	96565855
1091045	4145	4.29240749745342e-05	96565855
1091494	11	1.13911899811792e-07	96565855
1091495	1	1.03556272556174e-08	96565855
1091497	2	2.07112545112348e-08	96565855
1093141	40	4.14225090224697e-07	96565855
1093787	598	6.19266509885922e-06	96565855
1094466	45	4.66003226502784e-07	96565855
1094508	4	4.14225090224697e-08	96565855
1095774	27	2.7960193590167e-07	96565855
1096995	12	1.24267527067409e-07	96565855
1096996	371	3.84193771183406e-06	96565855
1096997	2	2.07112545112348e-08	96565855
1097668	121	1.25303089792971e-06	96565855
1097677	48	4.97070108269636e-07	96565855
1100841	11	1.13911899811792e-07	96565855
1104320	5	5.17781362780871e-08	96565855
1104321	1	1.03556272556174e-08	96565855
1104322	58	6.00626380825811e-07	96565855
1104325	4	4.14225090224697e-08	96565855
1104326	72	7.45605162404454e-07	96565855
1105104	2	2.07112545112348e-08	96565855
1105107	3	3.10668817668523e-08	96565855
1105112	1	1.03556272556174e-08	96565855
1105114	1	1.03556272556174e-08	96565855
1107880	18	1.86401290601114e-07	96565855
1110502	93	9.6307333477242e-07	96565855
1110509	1	1.03556272556174e-08	96565855
1111068	58	6.00626380825811e-07	96565855
1111069	90	9.32006453005568e-07	96565855
1111678	22	2.27823799623583e-07	96565855
1112204	19	1.96756917856731e-07	96565855
1114965	13	1.34623154323026e-07	96565855
1114966	85	8.80228316727481e-07	96565855
1114967	891	9.22686388475512e-06	96565855
1114969	10719	0.000111001968552963	96565855
1114970	246	2.54748430488189e-06	96565855
1116213	2	2.07112545112348e-08	96565855
1116231	31	3.2102444492414e-07	96565855
1116375	21	2.17468172367966e-07	96565855
1116391	6	6.21337635337045e-08	96565855
1117647	6	6.21337635337045e-08	96565855
1117943	32	3.31380072179758e-07	96565855
1118959	3	3.10668817668523e-08	96565855
1118963	933	9.66180022949106e-06	96565855
1120755	4	4.14225090224697e-08	96565855
1121353	22	2.27823799623583e-07	96565855
1121362	38	3.93513835713462e-07	96565855
1121448	12	1.24267527067409e-07	96565855
1121451	6	6.21337635337045e-08	96565855
1123519	131	1.35658717048588e-06	96565855
1123523	6	6.21337635337045e-08	96565855
1123863	30	3.10668817668523e-07	96565855
1124936	5	5.17781362780871e-08	96565855
1124983	226	2.34037175976954e-06	96565855
1124991	1	1.03556272556174e-08	96565855
1125630	57	5.90270753570193e-07	96565855
1127134	31	3.2102444492414e-07	96565855
1128398	13	1.34623154323026e-07	96565855
1129369	4	4.14225090224697e-08	96565855
1132507	1	1.03556272556174e-08	96565855
1133568	6	6.21337635337045e-08	96565855
1133849	39	4.03869462969079e-07	96565855
1133850	48	4.97070108269636e-07	96565855
1133852	6	6.21337635337045e-08	96565855
1133853	11	1.13911899811792e-07	96565855
1134454	5489	5.6842038006084e-05	96565855
1134782	2	2.07112545112348e-08	96565855
1136179	6145	6.36353294857691e-05	96565855
1137651	87	9.00939571238716e-07	96565855
1138308	14	1.44978781578644e-07	96565855
1138382	3	3.10668817668523e-08	96565855
1138383	26	2.69246308646053e-07	96565855
1138871	3	3.10668817668523e-08	96565855
1138877	2	2.07112545112348e-08	96565855
1142394	8	8.28450180449394e-08	96565855
1144275	28	2.89957563157288e-07	96565855
1146883	45	4.66003226502784e-07	96565855
1147128	2	2.07112545112348e-08	96565855
1150469	17	1.76045663345496e-07	96565855
1151116	8	8.28450180449394e-08	96565855
1155071	4	4.14225090224697e-08	96565855
1155084	1	1.03556272556174e-08	96565855
1155766	6	6.21337635337045e-08	96565855
1156431	17	1.76045663345496e-07	96565855
1156433	23	2.38179426879201e-07	96565855
1156913	23	2.38179426879201e-07	96565855
1157951	4	4.14225090224697e-08	96565855
1161918	1	1.03556272556174e-08	96565855
1163399	473	4.89821169190704e-06	96565855
1163617	40	4.14225090224697e-07	96565855
1163748	10	1.03556272556174e-07	96565855
1166016	3	3.10668817668523e-08	96565855
1166018	14	1.44978781578644e-07	96565855
1166130	44	4.55647599247167e-07	96565855
1167634	863	8.93690632159784e-06	96565855
1168287	7	7.2489390789322e-08	96565855
1170318	495	5.12603549153062e-06	96565855
1170562	7	7.2489390789322e-08	96565855
1171373	46	4.76358853758401e-07	96565855
1171377	4	4.14225090224697e-08	96565855
1173020	45	4.66003226502784e-07	96565855
1173022	10	1.03556272556174e-07	96565855
1173025	8	8.28450180449394e-08	96565855
1173026	2	2.07112545112348e-08	96565855
1173027	13	1.34623154323026e-07	96565855
1173427	3	3.10668817668523e-08	96565855
1174529	1	1.03556272556174e-08	96565855
1179773	36	3.72802581202227e-07	96565855
1183438	6	6.21337635337045e-08	96565855
1184267	1	1.03556272556174e-08	96565855
1185652	26	2.69246308646053e-07	96565855
1186051	1	1.03556272556174e-08	96565855
1187956	13	1.34623154323026e-07	96565855
1191061	197	2.04005856935663e-06	96565855
1191523	1	1.03556272556174e-08	96565855
1192196	69	7.14538280637602e-07	96565855
1193292	81	8.38805807705011e-07	96565855
1193576	9	9.32006453005568e-08	96565855
1194526	99	1.02520709830612e-06	96565855
1195464	3	3.10668817668523e-08	96565855
1196325	178	1.8433016514999e-06	96565855
1196835	292	3.02384315864029e-06	96565855
1197719	4	4.14225090224697e-08	96565855
1198114	3	3.10668817668523e-08	96565855
1198232	1	1.03556272556174e-08	96565855
1198627	18	1.86401290601114e-07	96565855
1198676	3	3.10668817668523e-08	96565855
1199187	27	2.7960193590167e-07	96565855
1200352	8	8.28450180449394e-08	96565855
1202772	9	9.32006453005568e-08	96565855
1203460	23	2.38179426879201e-07	96565855
1203670	885	9.16473012122142e-06	96565855
1204414	32	3.31380072179758e-07	96565855
1205674	11	1.13911899811792e-07	96565855
1205676	1	1.03556272556174e-08	96565855
1205677	3	3.10668817668523e-08	96565855
1205910	30	3.10668817668523e-07	96565855
1206105	2	2.07112545112348e-08	96565855
1206109	2	2.07112545112348e-08	96565855
1207075	225	2.33001613251392e-06	96565855
1207470	3	3.10668817668523e-08	96565855
1208658	45	4.66003226502784e-07	96565855
1208660	111	1.14947462537353e-06	96565855
1208919	1	1.03556272556174e-08	96565855
1208920	2	2.07112545112348e-08	96565855
1208921	1	1.03556272556174e-08	96565855
1208923	5	5.17781362780871e-08	96565855
1211025	34	3.52091326690992e-07	96565855
1211579	190	1.96756917856731e-06	96565855
1211705	40	4.14225090224697e-07	96565855
1214101	22	2.27823799623583e-07	96565855
1214242	33	3.41735699435375e-07	96565855
1215088	621	6.43084452573842e-06	96565855
1215343	1	1.03556272556174e-08	96565855
1216976	481	4.98105670995198e-06	96565855
1217984	9	9.32006453005568e-08	96565855
1218175	5	5.17781362780871e-08	96565855
1218933	3	3.10668817668523e-08	96565855
1219076	113	1.17018587988477e-06	96565855
1220533	10	1.03556272556174e-07	96565855
1224163	22	2.27823799623583e-07	96565855
1224746	12	1.24267527067409e-07	96565855
1228997	43	4.45291971991549e-07	96565855
1229205	36	3.72802581202227e-07	96565855
1229756	13	1.34623154323026e-07	96565855
1229758	2	2.07112545112348e-08	96565855
1229785	2	2.07112545112348e-08	96565855
1229909	4	4.14225090224697e-08	96565855
1230587	1	1.03556272556174e-08	96565855
1231389	118	1.22196401616286e-06	96565855
1231626	2	2.07112545112348e-08	96565855
1232381	5	5.17781362780871e-08	96565855
1232383	1	1.03556272556174e-08	96565855
1232724	3	3.10668817668523e-08	96565855
1233100	3	3.10668817668523e-08	96565855
1233873	33	3.41735699435375e-07	96565855
1234380	169	1.75010100619934e-06	96565855
1234679	1256	1.30066678330555e-05	96565855
1235829	6	6.21337635337045e-08	96565855
1236903	7	7.2489390789322e-08	96565855
1236909	1	1.03556272556174e-08	96565855
1239881	2	2.07112545112348e-08	96565855
1240471	2	2.07112545112348e-08	96565855
1241583	6	6.21337635337045e-08	96565855
1244085	4	4.14225090224697e-08	96565855
1245469	94	9.73428962028038e-07	96565855
1245471	344	3.56233577593239e-06	96565855
1246301	1076	1.11426549270443e-05	96565855
1246365	2	2.07112545112348e-08	96565855
1246995	47	4.86714481014019e-07	96565855
1247189	11	1.13911899811792e-07	96565855
1249634	11	1.13911899811792e-07	96565855
1249661	29	3.00313190412905e-07	96565855
1254432	48	4.97070108269636e-07	96565855
1254439	54	5.59203871803341e-07	96565855
1255043	26	2.69246308646053e-07	96565855
1257118	25	2.58890681390436e-07	96565855
1260251	5	5.17781362780871e-08	96565855
1261131	1	1.03556272556174e-08	96565855
1262161	3	3.10668817668523e-08	96565855
1262456	168	1.73974537894373e-06	96565855
1265601	27	2.7960193590167e-07	96565855
1266738	6	6.21337635337045e-08	96565855
1266844	9	9.32006453005568e-08	96565855
1266845	12	1.24267527067409e-07	96565855
1267577	3	3.10668817668523e-08	96565855
1267753	5	5.17781362780871e-08	96565855
1267754	15	1.55334408834261e-07	96565855
1271752	7	7.2489390789322e-08	96565855
1271862	6	6.21337635337045e-08	96565855
1271863	45	4.66003226502784e-07	96565855
1271864	2	2.07112545112348e-08	96565855
1276227	1	1.03556272556174e-08	96565855
1276282	61	6.31693262592663e-07	96565855
1278073	18	1.86401290601114e-07	96565855
1279007	162	1.67761161541002e-06	96565855
1279008	445	4.60825412874975e-06	96565855
1280938	271	2.80637498627232e-06	96565855
1282356	452	4.68074351953908e-06	96565855
1283331	56	5.79915126314576e-07	96565855
1284663	2	2.07112545112348e-08	96565855
1286170	34	3.52091326690992e-07	96565855
1286640	4	4.14225090224697e-08	96565855
1288394	38	3.93513835713462e-07	96565855
1291379	1	1.03556272556174e-08	96565855
1294143	215	2.22645985995775e-06	96565855
1295009	1	1.03556272556174e-08	96565855
1295826	1	1.03556272556174e-08	96565855
1298593	8	8.28450180449394e-08	96565855
1300150	2	2.07112545112348e-08	96565855
1300254	1	1.03556272556174e-08	96565855
1300255	2	2.07112545112348e-08	96565855
1302650	3	3.10668817668523e-08	96565855
1302863	13	1.34623154323026e-07	96565855
1303024	6	6.21337635337045e-08	96565855
1303518	4	4.14225090224697e-08	96565855
1303692	20	2.07112545112348e-07	96565855
1304892	144	1.49121032480891e-06	96565855
1305598	1	1.03556272556174e-08	96565855
1305849	3	3.10668817668523e-08	96565855
1309806	176	1.82259039698867e-06	96565855
1309807	54	5.59203871803341e-07	96565855
1310161	11	1.13911899811792e-07	96565855
1313172	28	2.89957563157288e-07	96565855
1316444	1	1.03556272556174e-08	96565855
1318615	31	3.2102444492414e-07	96565855
1318633	14	1.44978781578644e-07	96565855
1321369	1	1.03556272556174e-08	96565855
1321370	1	1.03556272556174e-08	96565855
1322246	1	1.03556272556174e-08	96565855
1322346	6	6.21337635337045e-08	96565855
1323661	1	1.03556272556174e-08	96565855
1327988	2	2.07112545112348e-08	96565855
1328306	35	3.6244695394661e-07	96565855
1331671	451	4.67038789228346e-06	96565855
1332188	52	5.38492617292106e-07	96565855
1333523	1	1.03556272556174e-08	96565855
1334187	6	6.21337635337045e-08	96565855
1335307	7	7.2489390789322e-08	96565855
1335757	3	3.10668817668523e-08	96565855
1338032	73	7.55960789660072e-07	96565855
1338034	34	3.52091326690992e-07	96565855
1338518	1	1.03556272556174e-08	96565855
1340847	15	1.55334408834261e-07	96565855
1340851	1169	1.21057282618168e-05	96565855
1343076	1	1.03556272556174e-08	96565855
1343740	40	4.14225090224697e-07	96565855
1345695	9	9.32006453005568e-08	96565855
1345697	15	1.55334408834261e-07	96565855
1346614	22	2.27823799623583e-07	96565855
1348660	6	6.21337635337045e-08	96565855
1348662	9	9.32006453005568e-08	96565855
1355100	6	6.21337635337045e-08	96565855
1367477	4	4.14225090224697e-08	96565855
1367847	29	3.00313190412905e-07	96565855
1380774	80	8.28450180449394e-07	96565855
1380908	109	1.1287633708623e-06	96565855
1382700	1	1.03556272556174e-08	96565855
1384484	1	1.03556272556174e-08	96565855
1388758	2	2.07112545112348e-08	96565855
1389489	42	4.34936344735932e-07	96565855
1394709	1	1.03556272556174e-08	96565855
1394710	1	1.03556272556174e-08	96565855
1394711	7	7.2489390789322e-08	96565855
1394889	1	1.03556272556174e-08	96565855
1399115	1	1.03556272556174e-08	96565855
1399116	2	2.07112545112348e-08	96565855
1400867	105	1.08734086183983e-06	96565855
1401659	45	4.66003226502784e-07	96565855
1406863	2	2.07112545112348e-08	96565855
1408179	2	2.07112545112348e-08	96565855
1408272	318	3.29308946728634e-06	96565855
1415629	124	1.28409777969656e-06	96565855
1415630	994	1.02934934920837e-05	96565855
1415784	3	3.10668817668523e-08	96565855
1416914	167	1.72938975168811e-06	96565855
1423144	10	1.03556272556174e-07	96565855
1427342	538	5.57132746352217e-06	96565855
1430440	14	1.44978781578644e-07	96565855
1435044	165	1.70867849717687e-06	96565855
1435058	30	3.10668817668523e-07	96565855
1435356	55	5.69559499058958e-07	96565855
1436140	23	2.38179426879201e-07	96565855
