Tax.ID	Frequency	Proportion	Total
394	18	1.52640615227158e-07	117924053
882	2	1.69600683585731e-08	117924053
883	3	2.54401025378597e-08	117924053
1140	1	8.48003417928656e-09	117924053
1148	6	5.08802050757194e-08	117924053
1511	10	8.48003417928656e-08	117924053
1639	5	4.24001708964328e-08	117924053
2762	12	1.01760410151439e-07	117924053
2769	12	1.01760410151439e-07	117924053
2771	3	2.54401025378597e-08	117924053
2787	15	1.27200512689298e-07	117924053
2788	1	8.48003417928656e-09	117924053
2829	8	6.78402734342925e-08	117924053
2832	1	8.48003417928656e-09	117924053
2839	76	6.44482597625779e-07	117924053
2850	122	1.03456416987296e-06	117924053
2880	13	1.10240444330725e-07	117924053
2898	4	3.39201367171462e-08	117924053
2903	6	5.08802050757194e-08	117924053
2986	2	1.69600683585731e-08	117924053
3039	3	2.54401025378597e-08	117924053
3040	2	1.69600683585731e-08	117924053
4770	1	8.48003417928656e-09	117924053
4950	6	5.08802050757194e-08	117924053
5061	1	8.48003417928656e-09	117924053
5145	2	1.69600683585731e-08	117924053
5518	2	1.69600683585731e-08	117924053
5661	12	1.01760410151439e-07	117924053
5749	1	8.48003417928656e-09	117924053
5762	2	1.69600683585731e-08	117924053
5786	12	1.01760410151439e-07	117924053
5851	6	5.08802050757194e-08	117924053
5872	3	2.54401025378597e-08	117924053
5885	6	5.08802050757194e-08	117924053
5901	2	1.69600683585731e-08	117924053
5908	1	8.48003417928656e-09	117924053
5911	10	8.48003417928656e-08	117924053
5932	13	1.10240444330725e-07	117924053
10678	2	1.69600683585731e-08	117924053
10760	1	8.48003417928656e-09	117924053
12390	1	8.48003417928656e-09	117924053
12402	1	8.48003417928656e-09	117924053
13642	1	8.48003417928656e-09	117924053
28072	1	8.48003417928656e-09	117924053
28173	1	8.48003417928656e-09	117924053
31271	3	2.54401025378597e-08	117924053
31532	3	2.54401025378597e-08	117924053
31754	1	8.48003417928656e-09	117924053
31964	51	4.32481743143615e-07	117924053
32049	2	1.69600683585731e-08	117924053
32051	1	8.48003417928656e-09	117924053
33653	1	8.48003417928656e-09	117924053
33658	3	2.54401025378597e-08	117924053
35128	75	6.36002563446492e-07	117924053
35688	1	8.48003417928656e-09	117924053
36329	2	1.69600683585731e-08	117924053
36809	10	8.48003417928656e-08	117924053
36870	1	8.48003417928656e-09	117924053
39717	1	8.48003417928656e-09	117924053
41431	3	2.54401025378597e-08	117924053
42746	2	1.69600683585731e-08	117924053
43925	3	2.54401025378597e-08	117924053
43926	1	8.48003417928656e-09	117924053
43989	3	2.54401025378597e-08	117924053
44056	9	7.63203076135791e-08	117924053
44058	8	6.78402734342925e-08	117924053
46234	2	1.69600683585731e-08	117924053
47573	3	2.54401025378597e-08	117924053
48483	1	8.48003417928656e-09	117924053
48942	1	8.48003417928656e-09	117924053
49266	5	4.24001708964328e-08	117924053
52970	17	1.44160581047872e-07	117924053
52979	1	8.48003417928656e-09	117924053
55529	15	1.27200512689298e-07	117924053
56107	5	4.24001708964328e-08	117924053
56110	7	5.93602392550059e-08	117924053
59374	4	3.39201367171462e-08	117924053
59748	1	8.48003417928656e-09	117924053
59922	1	8.48003417928656e-09	117924053
60480	7	5.93602392550059e-08	117924053
60481	99	8.3952338374937e-07	117924053
62928	87	7.37762973597931e-07	117924053
62977	45	3.81601538067895e-07	117924053
63186	6	5.08802050757194e-08	117924053
63737	7	5.93602392550059e-08	117924053
64091	2	1.69600683585731e-08	117924053
64471	4	3.39201367171462e-08	117924053
65071	16	1.35680546868585e-07	117924053
65393	6	5.08802050757194e-08	117924053
66692	3	2.54401025378597e-08	117924053
67593	7	5.93602392550059e-08	117924053
69328	31	2.62881059557883e-07	117924053
72359	1	8.48003417928656e-09	117924053
72520	10	8.48003417928656e-08	117924053
73025	1	8.48003417928656e-09	117924053
74557	3	2.54401025378597e-08	117924053
75379	69	5.85122358370773e-07	117924053
76114	16	1.35680546868585e-07	117924053
76869	35	2.9680119627503e-07	117924053
78245	41	3.47681401350749e-07	117924053
79929	3	2.54401025378597e-08	117924053
82654	1	8.48003417928656e-09	117924053
83129	1	8.48003417928656e-09	117924053
83406	9	7.63203076135791e-08	117924053
85569	1	8.48003417928656e-09	117924053
85643	93	7.8864317867365e-07	117924053
86416	2	1.69600683585731e-08	117924053
88149	7	5.93602392550059e-08	117924053
91891	1	8.48003417928656e-09	117924053
93062	2	1.69600683585731e-08	117924053
94122	43	3.64641469709322e-07	117924053
96561	2	1.69600683585731e-08	117924053
96563	125	1.06000427241082e-06	117924053
99287	7	5.93602392550059e-08	117924053
100226	13	1.10240444330725e-07	117924053
101510	143	1.21264488763798e-06	117924053
103690	5	4.24001708964328e-08	117924053
105559	6	5.08802050757194e-08	117924053
106370	7	5.93602392550059e-08	117924053
107806	1	8.48003417928656e-09	117924053
109269	6	5.08802050757194e-08	117924053
110662	2	1.69600683585731e-08	117924053
111780	5	4.24001708964328e-08	117924053
111781	2	1.69600683585731e-08	117924053
114416	2	1.69600683585731e-08	117924053
114615	55	4.66401879860761e-07	117924053
115713	2	1.69600683585731e-08	117924053
120807	13	1.10240444330725e-07	117924053
122586	2	1.69600683585731e-08	117924053
122587	26	2.20480888661451e-07	117924053
123214	2	1.69600683585731e-08	117924053
126793	6	5.08802050757194e-08	117924053
129356	1	8.48003417928656e-09	117924053
134676	15	1.27200512689298e-07	117924053
136089	2	1.69600683585731e-08	117924053
137722	14	1.18720478510012e-07	117924053
138119	6	5.08802050757194e-08	117924053
145522	1	8.48003417928656e-09	117924053
146891	2	1.69600683585731e-08	117924053
150340	2	1.69600683585731e-08	117924053
151534	3	2.54401025378597e-08	117924053
151538	1	8.48003417928656e-09	117924053
153948	26	2.20480888661451e-07	117924053
155864	11	9.32803759721522e-08	117924053
156889	10	8.48003417928656e-08	117924053
158189	25	2.12000854482164e-07	117924053
159087	70	5.93602392550059e-07	117924053
160488	28	2.37440957020024e-07	117924053
160490	4	3.39201367171462e-08	117924053
160491	2	1.69600683585731e-08	117924053
160492	3	2.54401025378597e-08	117924053
160619	120	1.01760410151439e-06	117924053
164037	3	2.54401025378597e-08	117924053
164328	4	3.39201367171462e-08	117924053
164756	39	3.30721332992176e-07	117924053
164757	1	8.48003417928656e-09	117924053
167542	2	1.69600683585731e-08	117924053
167879	3	2.54401025378597e-08	117924053
169963	1	8.48003417928656e-09	117924053
170187	9	7.63203076135791e-08	117924053
171101	39	3.30721332992176e-07	117924053
172968	3	2.54401025378597e-08	117924053
176279	92	7.80163144494364e-07	117924053
176280	104	8.81923554645802e-07	117924053
176299	22	1.86560751944304e-07	117924053
177437	1	8.48003417928656e-09	117924053
177439	3	2.54401025378597e-08	117924053
179408	106	8.98883623004376e-07	117924053
182217	1	8.48003417928656e-09	117924053
186103	1	8.48003417928656e-09	117924053
187272	14	1.18720478510012e-07	117924053
187303	11	9.32803759721522e-08	117924053
187420	1	8.48003417928656e-09	117924053
188937	6	5.08802050757194e-08	117924053
189423	4	3.39201367171462e-08	117924053
189918	16	1.35680546868585e-07	117924053
190304	15	1.27200512689298e-07	117924053
190485	125	1.06000427241082e-06	117924053
190486	25	2.12000854482164e-07	117924053
190650	50	4.24001708964328e-07	117924053
192952	19	1.61120649406445e-07	117924053
194439	3	2.54401025378597e-08	117924053
195102	3	2.54401025378597e-08	117924053
195103	50	4.24001708964328e-07	117924053
195253	2	1.69600683585731e-08	117924053
196162	40	3.39201367171462e-07	117924053
196164	160	1.35680546868585e-06	117924053
196620	1	8.48003417928656e-09	117924053
196627	1	8.48003417928656e-09	117924053
198214	1	8.48003417928656e-09	117924053
198215	8	6.78402734342925e-08	117924053
198628	7	5.93602392550059e-08	117924053
198804	1	8.48003417928656e-09	117924053
199310	4	3.39201367171462e-08	117924053
203119	22	1.86560751944304e-07	117924053
203120	21	1.78080717765018e-07	117924053
203122	9	7.63203076135791e-08	117924053
203123	1	8.48003417928656e-09	117924053
203124	7	5.93602392550059e-08	117924053
203267	2	1.69600683585731e-08	117924053
203275	24	2.03520820302877e-07	117924053
204536	1	8.48003417928656e-09	117924053
204669	1	8.48003417928656e-09	117924053
204773	85	7.20802905239358e-07	117924053
205913	237	2.00976810049092e-06	117924053
205914	9	7.63203076135791e-08	117924053
205918	33	2.79841127916457e-07	117924053
205920	1	8.48003417928656e-09	117924053
205922	119	1.0091240673351e-06	117924053
206672	22	1.86560751944304e-07	117924053
207559	14	1.18720478510012e-07	117924053
208435	5	4.24001708964328e-08	117924053
208596	21	1.78080717765018e-07	117924053
208963	68	5.76642324191486e-07	117924053
208964	101	8.56483452107943e-07	117924053
210007	4	3.39201367171462e-08	117924053
211110	1	8.48003417928656e-09	117924053
211586	3	2.54401025378597e-08	117924053
212717	2	1.69600683585731e-08	117924053
213769	1	8.48003417928656e-09	117924053
213775	3	2.54401025378597e-08	117924053
213810	17	1.44160581047872e-07	117924053
214092	4	3.39201367171462e-08	117924053
214684	18	1.52640615227158e-07	117924053
215689	1	8.48003417928656e-09	117924053
216389	1	8.48003417928656e-09	117924053
216432	21	1.78080717765018e-07	117924053
216591	9	7.63203076135791e-08	117924053
216592	6	5.08802050757194e-08	117924053
216594	5	4.24001708964328e-08	117924053
216595	460	3.90081572247182e-06	117924053
216596	47	3.98561606426468e-07	117924053
216599	4	3.39201367171462e-08	117924053
216895	1	8.48003417928656e-09	117924053
218491	5	4.24001708964328e-08	117924053
218493	3	2.54401025378597e-08	117924053
218495	3	2.54401025378597e-08	117924053
218496	1	8.48003417928656e-09	117924053
220341	1011	8.57331455525871e-06	117924053
220664	47	3.98561606426468e-07	117924053
220668	1	8.48003417928656e-09	117924053
221029	1	8.48003417928656e-09	117924053
221109	7	5.93602392550059e-08	117924053
222523	2	1.69600683585731e-08	117924053
222891	1	8.48003417928656e-09	117924053
223283	53	4.49441811502188e-07	117924053
223926	2	1.69600683585731e-08	117924053
224911	49	4.15521674785042e-07	117924053
224914	4	3.39201367171462e-08	117924053
225849	2	1.69600683585731e-08	117924053
225937	5	4.24001708964328e-08	117924053
226185	20	1.69600683585731e-07	117924053
226186	666	5.64770276340485e-06	117924053
226900	2	1.69600683585731e-08	117924053
227086	8	6.78402734342925e-08	117924053
227882	13	1.10240444330725e-07	117924053
227941	2	1.69600683585731e-08	117924053
228400	1	8.48003417928656e-09	117924053
228405	4	3.39201367171462e-08	117924053
228410	5	4.24001708964328e-08	117924053
229193	1	8.48003417928656e-09	117924053
229533	3	2.54401025378597e-08	117924053
231023	19	1.61120649406445e-07	117924053
232721	1130	9.58243862259381e-06	117924053
233412	5	4.24001708964328e-08	117924053
234267	8	6.78402734342925e-08	117924053
234621	3379	2.86540354918093e-05	117924053
234831	4	3.39201367171462e-08	117924053
235279	1	8.48003417928656e-09	117924053
235909	4	3.39201367171462e-08	117924053
240015	3	2.54401025378597e-08	117924053
240292	5	4.24001708964328e-08	117924053
242231	9	7.63203076135791e-08	117924053
242507	3	2.54401025378597e-08	117924053
242619	3	2.54401025378597e-08	117924053
243159	2	1.69600683585731e-08	117924053
243160	1	8.48003417928656e-09	117924053
243161	1	8.48003417928656e-09	117924053
243230	10	8.48003417928656e-08	117924053
243231	3	2.54401025378597e-08	117924053
243233	17	1.44160581047872e-07	117924053
243243	10	8.48003417928656e-08	117924053
243265	1	8.48003417928656e-09	117924053
243272	1	8.48003417928656e-09	117924053
243275	2	1.69600683585731e-08	117924053
243277	1	8.48003417928656e-09	117924053
243365	35	2.9680119627503e-07	117924053
245014	198	1.67904676749874e-06	117924053
245018	570	4.83361948219334e-06	117924053
246195	8	6.78402734342925e-08	117924053
246196	29	2.4592099119931e-07	117924053
246197	15	1.27200512689298e-07	117924053
246198	18	1.52640615227158e-07	117924053
246200	10	8.48003417928656e-08	117924053
247156	15	1.27200512689298e-07	117924053
251221	1	8.48003417928656e-09	117924053
251229	5	4.24001708964328e-08	117924053
257310	39	3.30721332992176e-07	117924053
257311	16	1.35680546868585e-07	117924053
257313	25	2.12000854482164e-07	117924053
257314	4	3.39201367171462e-08	117924053
258594	22	1.86560751944304e-07	117924053
259536	357	3.0273722020053e-06	117924053
261292	145	1.22960495599655e-06	117924053
261317	1	8.48003417928656e-09	117924053
262316	7	5.93602392550059e-08	117924053
262543	6	5.08802050757194e-08	117924053
262723	2	1.69600683585731e-08	117924053
262724	40	3.39201367171462e-07	117924053
262768	1	8.48003417928656e-09	117924053
263358	12	1.01760410151439e-07	117924053
264198	58	4.91841982398621e-07	117924053
264199	15	1.27200512689298e-07	117924053
264201	4	3.39201367171462e-08	117924053
264203	4	3.39201367171462e-08	117924053
264462	6	5.08802050757194e-08	117924053
264730	24	2.03520820302877e-07	117924053
264731	16	1.35680546868585e-07	117924053
264732	2	1.69600683585731e-08	117924053
265072	23	1.95040786123591e-07	117924053
265311	1	8.48003417928656e-09	117924053
266117	4	3.39201367171462e-08	117924053
266264	81	6.86882768522211e-07	117924053
266265	23	1.95040786123591e-07	117924053
266779	63	5.34242153295053e-07	117924053
266834	8	6.78402734342925e-08	117924053
266835	25	2.12000854482164e-07	117924053
266940	42	3.56161435530036e-07	117924053
267608	66	5.59682255832913e-07	117924053
267747	60	5.08802050757194e-07	117924053
267748	1	8.48003417928656e-09	117924053
269084	2	1.69600683585731e-08	117924053
269482	35	2.9680119627503e-07	117924053
269796	3	2.54401025378597e-08	117924053
269797	29	2.4592099119931e-07	117924053
269798	36	3.05281230454316e-07	117924053
269799	2	1.69600683585731e-08	117924053
269800	10	8.48003417928656e-08	117924053
271848	3	2.54401025378597e-08	117924053
272558	1	8.48003417928656e-09	117924053
272559	96	8.1408328121151e-07	117924053
272561	1	8.48003417928656e-09	117924053
272562	1	8.48003417928656e-09	117924053
272563	57	4.83361948219334e-07	117924053
272564	7	5.93602392550059e-08	117924053
272568	9	7.63203076135791e-08	117924053
272620	75	6.36002563446492e-07	117924053
272621	5	4.24001708964328e-08	117924053
272622	85	7.20802905239358e-07	117924053
272623	90	7.63203076135791e-07	117924053
272624	2	1.69600683585731e-08	117924053
272626	8	6.78402734342925e-08	117924053
272630	22	1.86560751944304e-07	117924053
272631	2	1.69600683585731e-08	117924053
272632	2	1.69600683585731e-08	117924053
272635	1	8.48003417928656e-09	117924053
272831	45	3.81601538067895e-07	117924053
272942	13	1.10240444330725e-07	117924053
272943	5	4.24001708964328e-08	117924053
272947	1	8.48003417928656e-09	117924053
273068	2	1.69600683585731e-08	117924053
273119	1	8.48003417928656e-09	117924053
273121	2	1.69600683585731e-08	117924053
273123	1	8.48003417928656e-09	117924053
278137	7	5.93602392550059e-08	117924053
278197	12	1.01760410151439e-07	117924053
279010	9	7.63203076135791e-08	117924053
279238	38	3.22241298812889e-07	117924053
279808	9	7.63203076135791e-08	117924053
280463	31	2.62881059557883e-07	117924053
280699	7	5.93602392550059e-08	117924053
281090	27	2.28960922840737e-07	117924053
281310	1	8.48003417928656e-09	117924053
282458	1	8.48003417928656e-09	117924053
282459	2	1.69600683585731e-08	117924053
283942	1	8.48003417928656e-09	117924053
284590	2	1.69600683585731e-08	117924053
284591	5	4.24001708964328e-08	117924053
284592	10	8.48003417928656e-08	117924053
284593	5	4.24001708964328e-08	117924053
284811	9	7.63203076135791e-08	117924053
284812	20	1.69600683585731e-07	117924053
285951	1	8.48003417928656e-09	117924053
288000	42	3.56161435530036e-07	117924053
288705	1	8.48003417928656e-09	117924053
289376	1	8.48003417928656e-09	117924053
289380	6	5.08802050757194e-08	117924053
289397	2	1.69600683585731e-08	117924053
290317	1	8.48003417928656e-09	117924053
290338	4	3.39201367171462e-08	117924053
290339	16	1.35680546868585e-07	117924053
290340	69	5.85122358370773e-07	117924053
290397	5	4.24001708964328e-08	117924053
290398	2	1.69600683585731e-08	117924053
290399	22	1.86560751944304e-07	117924053
290400	1	8.48003417928656e-09	117924053
290402	55	4.66401879860761e-07	117924053
290512	1	8.48003417928656e-09	117924053
291331	13	1.10240444330725e-07	117924053
292414	2	1.69600683585731e-08	117924053
292415	27	2.28960922840737e-07	117924053
292459	4	3.39201367171462e-08	117924053
292564	4	3.39201367171462e-08	117924053
293613	1	8.48003417928656e-09	117924053
293826	7	5.93602392550059e-08	117924053
295405	252	2.13696861318021e-06	117924053
296543	86	7.29282939418644e-07	117924053
296591	403	3.41745377425248e-06	117924053
298653	14	1.18720478510012e-07	117924053
298654	11	9.32803759721522e-08	117924053
299768	8	6.78402734342925e-08	117924053
300267	2	1.69600683585731e-08	117924053
300268	3	2.54401025378597e-08	117924053
300269	5	4.24001708964328e-08	117924053
300852	25	2.12000854482164e-07	117924053
304371	1	8.48003417928656e-09	117924053
306263	1	8.48003417928656e-09	117924053
306537	10	8.48003417928656e-08	117924053
309800	1	8.48003417928656e-09	117924053
309807	1	8.48003417928656e-09	117924053
311402	14	1.18720478510012e-07	117924053
311403	15	1.27200512689298e-07	117924053
312153	25	2.12000854482164e-07	117924053
312309	1	8.48003417928656e-09	117924053
313595	9	7.63203076135791e-08	117924053
313596	3	2.54401025378597e-08	117924053
313598	13	1.10240444330725e-07	117924053
313603	9	7.63203076135791e-08	117924053
314225	15	1.27200512689298e-07	117924053
314260	3	2.54401025378597e-08	117924053
314315	12	1.01760410151439e-07	117924053
314565	82	6.95362802701498e-07	117924053
315749	6	5.08802050757194e-08	117924053
315750	4	3.39201367171462e-08	117924053
316055	51	4.32481743143615e-07	117924053
316056	32	2.7136109373717e-07	117924053
316057	39	3.30721332992176e-07	117924053
316058	32	2.7136109373717e-07	117924053
316273	12	1.01760410151439e-07	117924053
316274	3	2.54401025378597e-08	117924053
316275	1	8.48003417928656e-09	117924053
316278	1	8.48003417928656e-09	117924053
316385	33	2.79841127916457e-07	117924053
317025	5	4.24001708964328e-08	117924053
317655	39	3.30721332992176e-07	117924053
317936	7	5.93602392550059e-08	117924053
318161	1	8.48003417928656e-09	117924053
318167	27	2.28960922840737e-07	117924053
318586	36	3.05281230454316e-07	117924053
319224	17	1.44160581047872e-07	117924053
319701	1	8.48003417928656e-09	117924053
319795	33	2.79841127916457e-07	117924053
320373	3	2.54401025378597e-08	117924053
320388	20	1.69600683585731e-07	117924053
320389	2	1.69600683585731e-08	117924053
321314	1	8.48003417928656e-09	117924053
321327	2	1.69600683585731e-08	117924053
321332	3	2.54401025378597e-08	117924053
321956	10	8.48003417928656e-08	117924053
321967	13	1.10240444330725e-07	117924053
322098	1	8.48003417928656e-09	117924053
322104	2	1.69600683585731e-08	117924053
322159	168	1.42464574212014e-06	117924053
322710	21	1.78080717765018e-07	117924053
323097	17	1.44160581047872e-07	117924053
323098	6	5.08802050757194e-08	117924053
323259	6	5.08802050757194e-08	117924053
323261	6	5.08802050757194e-08	117924053
323850	3	2.54401025378597e-08	117924053
324602	1	8.48003417928656e-09	117924053
324831	17	1.44160581047872e-07	117924053
325240	18	1.52640615227158e-07	117924053
326298	13	1.10240444330725e-07	117924053
326423	11	9.32803759721522e-08	117924053
326424	22	1.86560751944304e-07	117924053
326425	5	4.24001708964328e-08	117924053
326426	4	3.39201367171462e-08	117924053
326442	15	1.27200512689298e-07	117924053
329726	2	1.69600683585731e-08	117924053
330214	6	5.08802050757194e-08	117924053
330879	9	7.63203076135791e-08	117924053
331104	1	8.48003417928656e-09	117924053
331111	72	6.10562460908632e-07	117924053
331112	24	2.03520820302877e-07	117924053
331113	1	8.48003417928656e-09	117924053
331271	69	5.85122358370773e-07	117924053
331272	24	2.03520820302877e-07	117924053
331678	3	2.54401025378597e-08	117924053
333849	4	3.39201367171462e-08	117924053
334380	1	8.48003417928656e-09	117924053
334390	2	1.69600683585731e-08	117924053
334406	1	8.48003417928656e-09	117924053
334413	10	8.48003417928656e-08	117924053
335283	15	1.27200512689298e-07	117924053
335284	539	4.57073842263546e-06	117924053
335541	6	5.08802050757194e-08	117924053
335543	1	8.48003417928656e-09	117924053
335659	64	5.4272218747434e-07	117924053
335992	2	1.69600683585731e-08	117924053
337191	12	1.01760410151439e-07	117924053
338187	2	1.69600683585731e-08	117924053
338963	2	1.69600683585731e-08	117924053
338966	23	1.95040786123591e-07	117924053
338969	183	1.55184625480944e-06	117924053
339670	244	2.06912833974592e-06	117924053
339671	2	1.69600683585731e-08	117924053
339860	22	1.86560751944304e-07	117924053
340099	2	1.69600683585731e-08	117924053
340100	129	1.09392440912797e-06	117924053
340322	82	6.95362802701498e-07	117924053
342108	6	5.08802050757194e-08	117924053
342109	4	3.39201367171462e-08	117924053
342451	9	7.63203076135791e-08	117924053
342610	2	1.69600683585731e-08	117924053
344609	23	1.95040786123591e-07	117924053
345073	3	2.54401025378597e-08	117924053
345219	2	1.69600683585731e-08	117924053
347253	100	8.48003417928656e-07	117924053
347256	1	8.48003417928656e-09	117924053
347257	3	2.54401025378597e-08	117924053
347515	10	8.48003417928656e-08	117924053
347834	5	4.24001708964328e-08	117924053
348058	2	1.69600683585731e-08	117924053
348780	1	8.48003417928656e-09	117924053
349101	27	2.28960922840737e-07	117924053
349102	23	1.95040786123591e-07	117924053
349106	135	1.14480461420369e-06	117924053
349124	5	4.24001708964328e-08	117924053
349161	4	3.39201367171462e-08	117924053
349163	18	1.52640615227158e-07	117924053
349307	2	1.69600683585731e-08	117924053
349519	6	5.08802050757194e-08	117924053
349520	1	8.48003417928656e-09	117924053
349521	4	3.39201367171462e-08	117924053
349741	86	7.29282939418644e-07	117924053
349746	1	8.48003417928656e-09	117924053
349747	5	4.24001708964328e-08	117924053
350054	14	1.18720478510012e-07	117924053
350058	11	9.32803759721522e-08	117924053
350688	8	6.78402734342925e-08	117924053
351348	29	2.4592099119931e-07	117924053
351605	5	4.24001708964328e-08	117924053
351607	9	7.63203076135791e-08	117924053
351627	1	8.48003417928656e-09	117924053
351745	44	3.73121503888609e-07	117924053
351746	44	3.73121503888609e-07	117924053
352472	4	3.39201367171462e-08	117924053
352914	1	8.48003417928656e-09	117924053
353151	2	1.69600683585731e-08	117924053
353152	2	1.69600683585731e-08	117924053
353153	20	1.69600683585731e-07	117924053
353154	4	3.39201367171462e-08	117924053
353496	2	1.69600683585731e-08	117924053
354242	15	1.27200512689298e-07	117924053
355276	10	8.48003417928656e-08	117924053
355277	10	8.48003417928656e-08	117924053
355278	4	3.39201367171462e-08	117924053
357244	1	8.48003417928656e-09	117924053
357348	13	1.10240444330725e-07	117924053
357544	4	3.39201367171462e-08	117924053
357804	4	3.39201367171462e-08	117924053
357808	3	2.54401025378597e-08	117924053
357809	73	6.19042495087919e-07	117924053
358220	1036	8.78531540974088e-06	117924053
358681	6	5.08802050757194e-08	117924053
359786	18	1.52640615227158e-07	117924053
359787	4	3.39201367171462e-08	117924053
360094	21	1.78080717765018e-07	117924053
360095	2	1.69600683585731e-08	117924053
360102	35	2.9680119627503e-07	117924053
360104	1	8.48003417928656e-09	117924053
360105	2	1.69600683585731e-08	117924053
360106	2	1.69600683585731e-08	117924053
360115	1	8.48003417928656e-09	117924053
360910	26	2.20480888661451e-07	117924053
360911	5	4.24001708964328e-08	117924053
361100	1	8.48003417928656e-09	117924053
362242	4	3.39201367171462e-08	117924053
362663	90	7.63203076135791e-07	117924053
362948	12	1.01760410151439e-07	117924053
363253	1	8.48003417928656e-09	117924053
365044	1385	1.17448473383119e-05	117924053
365046	262	2.22176895497308e-06	117924053
365659	72	6.10562460908632e-07	117924053
366394	15	1.27200512689298e-07	117924053
366602	47	3.98561606426468e-07	117924053
367737	151	1.28048516107227e-06	117924053
367775	27	2.28960922840737e-07	117924053
367928	263	2.23024898915237e-06	117924053
368407	8	6.78402734342925e-08	117924053
369723	3	2.54401025378597e-08	117924053
370354	7	5.93602392550059e-08	117924053
370438	5	4.24001708964328e-08	117924053
370553	5	4.24001708964328e-08	117924053
370554	1	8.48003417928656e-09	117924053
372461	2	1.69600683585731e-08	117924053
373153	66	5.59682255832913e-07	117924053
373384	76	6.44482597625779e-07	117924053
373903	4	3.39201367171462e-08	117924053
373994	1	8.48003417928656e-09	117924053
374833	14	1.18720478510012e-07	117924053
374930	4	3.39201367171462e-08	117924053
374931	1	8.48003417928656e-09	117924053
375286	72	6.10562460908632e-07	117924053
375451	3	2.54401025378597e-08	117924053
376686	579	4.90993978980692e-06	117924053
376758	6	5.08802050757194e-08	117924053
377628	14	1.18720478510012e-07	117924053
377629	5	4.24001708964328e-08	117924053
378753	26	2.20480888661451e-07	117924053
378806	3	2.54401025378597e-08	117924053
379066	5	4.24001708964328e-08	117924053
379731	179	1.51792611809229e-06	117924053
380358	9	7.63203076135791e-08	117924053
380394	2	1.69600683585731e-08	117924053
380703	75	6.36002563446492e-07	117924053
381666	140	1.18720478510012e-06	117924053
381754	66	5.59682255832913e-07	117924053
381764	2	1.69600683585731e-08	117924053
382245	160	1.35680546868585e-06	117924053
382638	5	4.24001708964328e-08	117924053
382640	3	2.54401025378597e-08	117924053
383407	10	8.48003417928656e-08	117924053
383629	3	2.54401025378597e-08	117924053
384676	93	7.8864317867365e-07	117924053
385025	1	8.48003417928656e-09	117924053
386043	15	1.27200512689298e-07	117924053
386415	6	5.08802050757194e-08	117924053
386585	14	1.18720478510012e-07	117924053
386656	6	5.08802050757194e-08	117924053
387092	1	8.48003417928656e-09	117924053
387093	6	5.08802050757194e-08	117924053
387344	18	1.52640615227158e-07	117924053
387662	1	8.48003417928656e-09	117924053
388396	1	8.48003417928656e-09	117924053
388919	54	4.57921845681474e-07	117924053
390235	51	4.32481743143615e-07	117924053
390236	1	8.48003417928656e-09	117924053
390333	66	5.59682255832913e-07	117924053
391008	61	5.1728208493648e-07	117924053
391037	8	6.78402734342925e-08	117924053
391038	15	1.27200512689298e-07	117924053
391165	6	5.08802050757194e-08	117924053
391295	14	1.18720478510012e-07	117924053
391296	11	9.32803759721522e-08	117924053
391595	1	8.48003417928656e-09	117924053
391616	2	1.69600683585731e-08	117924053
391619	3	2.54401025378597e-08	117924053
391735	257	2.17936878407665e-06	117924053
391774	10	8.48003417928656e-08	117924053
391896	2	1.69600683585731e-08	117924053
391904	97	8.22563315390797e-07	117924053
392021	1	8.48003417928656e-09	117924053
392499	63	5.34242153295053e-07	117924053
392500	1	8.48003417928656e-09	117924053
393011	23	1.95040786123591e-07	117924053
393115	6	5.08802050757194e-08	117924053
393133	4	3.39201367171462e-08	117924053
393305	30	2.54401025378597e-07	117924053
393595	16	1.35680546868585e-07	117924053
394221	10	8.48003417928656e-08	117924053
394503	20	1.69600683585731e-07	117924053
395019	136	1.15328464838297e-06	117924053
395491	16	1.35680546868585e-07	117924053
395492	14	1.18720478510012e-07	117924053
395494	14	1.18720478510012e-07	117924053
395495	328	2.78145121080599e-06	117924053
395960	25	2.12000854482164e-07	117924053
395961	2	1.69600683585731e-08	117924053
395962	1	8.48003417928656e-09	117924053
395963	5	4.24001708964328e-08	117924053
395965	11	9.32803759721522e-08	117924053
396513	3	2.54401025378597e-08	117924053
396588	34	2.88321162095743e-07	117924053
396595	7	5.93602392550059e-08	117924053
397945	353	2.99345206528816e-06	117924053
398511	4	3.39201367171462e-08	117924053
398527	29	2.4592099119931e-07	117924053
398577	16	1.35680546868585e-07	117924053
398578	606	5.13890071264766e-06	117924053
398579	1	8.48003417928656e-09	117924053
398580	12	1.01760410151439e-07	117924053
398767	3	2.54401025378597e-08	117924053
398839	1	8.48003417928656e-09	117924053
399183	3	2.54401025378597e-08	117924053
399599	8	6.78402734342925e-08	117924053
399726	6	5.08802050757194e-08	117924053
399739	100	8.48003417928656e-07	117924053
399741	4	3.39201367171462e-08	117924053
399742	15	1.27200512689298e-07	117924053
399781	1	8.48003417928656e-09	117924053
399804	11	9.32803759721522e-08	117924053
400667	257	2.17936878407665e-06	117924053
400668	9	7.63203076135791e-08	117924053
400673	7	5.93602392550059e-08	117924053
400756	97	8.22563315390797e-07	117924053
401053	1	8.48003417928656e-09	117924053
401473	30	2.54401025378597e-07	117924053
402612	523	4.43505787576687e-06	117924053
402626	69	5.85122358370773e-07	117924053
402881	36	3.05281230454316e-07	117924053
402882	14	1.18720478510012e-07	117924053
403677	69	5.85122358370773e-07	117924053
403833	3	2.54401025378597e-08	117924053
404380	1	8.48003417928656e-09	117924053
404589	5	4.24001708964328e-08	117924053
405416	185	1.56880632316801e-06	117924053
405440	10	8.48003417928656e-08	117924053
405441	2	1.69600683585731e-08	117924053
405531	4	3.39201367171462e-08	117924053
405532	8	6.78402734342925e-08	117924053
405534	5	4.24001708964328e-08	117924053
405566	14	1.18720478510012e-07	117924053
405948	12	1.01760410151439e-07	117924053
405955	85	7.20802905239358e-07	117924053
406425	7	5.93602392550059e-08	117924053
406818	1	8.48003417928656e-09	117924053
407148	1	8.48003417928656e-09	117924053
407976	12	1.01760410151439e-07	117924053
409438	15	1.27200512689298e-07	117924053
410289	12	1.01760410151439e-07	117924053
410358	11	9.32803759721522e-08	117924053
411154	33	2.79841127916457e-07	117924053
412022	10	8.48003417928656e-08	117924053
412030	2	1.69600683585731e-08	117924053
412133	4	3.39201367171462e-08	117924053
412694	11	9.32803759721522e-08	117924053
412965	3	2.54401025378597e-08	117924053
413404	2	1.69600683585731e-08	117924053
413997	3	2.54401025378597e-08	117924053
413999	7	5.93602392550059e-08	117924053
414004	3	2.54401025378597e-08	117924053
414684	8	6.78402734342925e-08	117924053
414970	2	1.69600683585731e-08	117924053
416269	1	8.48003417928656e-09	117924053
416276	2	1.69600683585731e-08	117924053
416344	10	8.48003417928656e-08	117924053
416348	1	8.48003417928656e-09	117924053
416870	55	4.66401879860761e-07	117924053
418136	1	8.48003417928656e-09	117924053
419610	42	3.56161435530036e-07	117924053
419947	11	9.32803759721522e-08	117924053
420245	4	3.39201367171462e-08	117924053
420246	11	9.32803759721522e-08	117924053
420247	85	7.20802905239358e-07	117924053
420662	234	1.98432799795306e-06	117924053
420889	5	4.24001708964328e-08	117924053
420890	2	1.69600683585731e-08	117924053
423211	6	5.08802050757194e-08	117924053
423212	3	2.54401025378597e-08	117924053
423368	31	2.62881059557883e-07	117924053
423536	35	2.9680119627503e-07	117924053
424182	13	1.10240444330725e-07	117924053
425011	26	2.20480888661451e-07	117924053
425104	1	8.48003417928656e-09	117924053
426114	38	3.22241298812889e-07	117924053
426117	35	2.9680119627503e-07	117924053
426355	80	6.78402734342925e-07	117924053
426430	9	7.63203076135791e-08	117924053
428406	74	6.27522529267206e-07	117924053
431895	8	6.78402734342925e-08	117924053
431943	11	9.32803759721522e-08	117924053
431946	6	5.08802050757194e-08	117924053
431947	11	9.32803759721522e-08	117924053
434922	2	1.69600683585731e-08	117924053
434923	1	8.48003417928656e-09	117924053
435258	7	5.93602392550059e-08	117924053
435590	3699	3.1367646429181e-05	117924053
435591	478	4.05345633769898e-06	117924053
435998	6	5.08802050757194e-08	117924053
436114	2	1.69600683585731e-08	117924053
436308	3	2.54401025378597e-08	117924053
436717	77	6.52962631805065e-07	117924053
438753	23	1.95040786123591e-07	117924053
439235	1	8.48003417928656e-09	117924053
439292	1	8.48003417928656e-09	117924053
439375	10	8.48003417928656e-08	117924053
439843	1007	8.53939441854157e-06	117924053
439855	34	2.88321162095743e-07	117924053
440085	27	2.28960922840737e-07	117924053
441375	11	9.32803759721522e-08	117924053
441620	40	3.39201367171462e-07	117924053
441768	72	6.10562460908632e-07	117924053
441771	1	8.48003417928656e-09	117924053
441952	1	8.48003417928656e-09	117924053
442563	9	7.63203076135791e-08	117924053
443143	7	5.93602392550059e-08	117924053
443144	4	3.39201367171462e-08	117924053
443218	2	1.69600683585731e-08	117924053
443906	65	5.51202221653627e-07	117924053
444177	13	1.10240444330725e-07	117924053
444178	6	5.08802050757194e-08	117924053
444450	4	3.39201367171462e-08	117924053
445932	1	8.48003417928656e-09	117924053
446462	10	8.48003417928656e-08	117924053
446465	11	9.32803759721522e-08	117924053
446466	33	2.79841127916457e-07	117924053
446468	11	9.32803759721522e-08	117924053
446469	43	3.64641469709322e-07	117924053
446470	7	5.93602392550059e-08	117924053
446471	19	1.61120649406445e-07	117924053
447217	11	9.32803759721522e-08	117924053
448384	1	8.48003417928656e-09	117924053
448385	10	8.48003417928656e-08	117924053
449447	3	2.54401025378597e-08	117924053
450851	29	2.4592099119931e-07	117924053
451516	2	1.69600683585731e-08	117924053
452471	3	2.54401025378597e-08	117924053
452637	14	1.18720478510012e-07	117924053
452638	19	1.61120649406445e-07	117924053
452652	9	7.63203076135791e-08	117924053
452662	33	2.79841127916457e-07	117924053
452863	16	1.35680546868585e-07	117924053
454169	1000	8.48003417928656e-06	117924053
455488	9	7.63203076135791e-08	117924053
455632	9	7.63203076135791e-08	117924053
456442	2	1.69600683585731e-08	117924053
456481	6	5.08802050757194e-08	117924053
457425	14	1.18720478510012e-07	117924053
458233	6	5.08802050757194e-08	117924053
458639	1	8.48003417928656e-09	117924053
459349	181	1.53488618645087e-06	117924053
459424	1	8.48003417928656e-09	117924053
460265	19	1.61120649406445e-07	117924053
463136	3	2.54401025378597e-08	117924053
463137	3	2.54401025378597e-08	117924053
464988	10	8.48003417928656e-08	117924053
465515	118	1.00064403315581e-06	117924053
465817	7	5.93602392550059e-08	117924053
467705	31	2.62881059557883e-07	117924053
469371	9	7.63203076135791e-08	117924053
469378	3	2.54401025378597e-08	117924053
469383	16	1.35680546868585e-07	117924053
469604	12	1.01760410151439e-07	117924053
469607	8	6.78402734342925e-08	117924053
471223	6	5.08802050757194e-08	117924053
471852	13	1.10240444330725e-07	117924053
471853	22	1.86560751944304e-07	117924053
471854	36	3.05281230454316e-07	117924053
471855	6	5.08802050757194e-08	117924053
471856	4	3.39201367171462e-08	117924053
471857	10	8.48003417928656e-08	117924053
472759	3	2.54401025378597e-08	117924053
477641	27	2.28960922840737e-07	117924053
477974	5	4.24001708964328e-08	117924053
478009	2	1.69600683585731e-08	117924053
478433	5	4.24001708964328e-08	117924053
478434	5	4.24001708964328e-08	117924053
478801	15	1.27200512689298e-07	117924053
479431	41	3.47681401350749e-07	117924053
479432	16	1.35680546868585e-07	117924053
479433	24	2.03520820302877e-07	117924053
479434	3	2.54401025378597e-08	117924053
479435	30	2.54401025378597e-07	117924053
479436	42	3.56161435530036e-07	117924053
479437	37	3.13761264633603e-07	117924053
480119	55	4.66401879860761e-07	117924053
480224	1	8.48003417928656e-09	117924053
481448	1	8.48003417928656e-09	117924053
481743	4	3.39201367171462e-08	117924053
481805	105	8.90403588825089e-07	117924053
481877	7	5.93602392550059e-08	117924053
482957	5	4.24001708964328e-08	117924053
483179	5	4.24001708964328e-08	117924053
483219	8	6.78402734342925e-08	117924053
484019	2	1.69600683585731e-08	117924053
484020	5	4.24001708964328e-08	117924053
484021	58	4.91841982398621e-07	117924053
485915	1	8.48003417928656e-09	117924053
485916	7	5.93602392550059e-08	117924053
485917	44	3.73121503888609e-07	117924053
485918	39	3.30721332992176e-07	117924053
486410	1	8.48003417928656e-09	117924053
487213	21	1.78080717765018e-07	117924053
487214	16	1.35680546868585e-07	117924053
487521	4	3.39201367171462e-08	117924053
488221	3	2.54401025378597e-08	117924053
488222	4	3.39201367171462e-08	117924053
488223	5	4.24001708964328e-08	117924053
488538	1	8.48003417928656e-09	117924053
489653	30	2.54401025378597e-07	117924053
490759	6	5.08802050757194e-08	117924053
491077	2	1.69600683585731e-08	117924053
491915	8	6.78402734342925e-08	117924053
491916	13	1.10240444330725e-07	117924053
491952	1	8.48003417928656e-09	117924053
494269	1	8.48003417928656e-09	117924053
497965	2	1.69600683585731e-08	117924053
497978	86	7.29282939418644e-07	117924053
498211	18	1.52640615227158e-07	117924053
498216	2	1.69600683585731e-08	117924053
498217	4	3.39201367171462e-08	117924053
498761	4	3.39201367171462e-08	117924053
502025	8	6.78402734342925e-08	117924053
502558	8	6.78402734342925e-08	117924053
502800	4	3.39201367171462e-08	117924053
502801	6	5.08802050757194e-08	117924053
504472	11	9.32803759721522e-08	117924053
504474	8	6.78402734342925e-08	117924053
504728	95	8.05603247032223e-07	117924053
504832	41	3.47681401350749e-07	117924053
505711	1	8.48003417928656e-09	117924053
507522	33	2.79841127916457e-07	117924053
508765	12	1.01760410151439e-07	117924053
508767	22	1.86560751944304e-07	117924053
508771	7	5.93602392550059e-08	117924053
509169	160	1.35680546868585e-06	117924053
509170	119	1.0091240673351e-06	117924053
509173	474	4.01953620098183e-06	117924053
509190	41	3.47681401350749e-07	117924053
510516	13	1.10240444330725e-07	117924053
511062	1	8.48003417928656e-09	117924053
511437	1	8.48003417928656e-09	117924053
511691	3	2.54401025378597e-08	117924053
511995	1	8.48003417928656e-09	117924053
512564	2	1.69600683585731e-08	117924053
512565	16	1.35680546868585e-07	117924053
512566	6	5.08802050757194e-08	117924053
515619	1230	1.04304420405225e-05	117924053
515620	202	1.71296690421589e-06	117924053
515621	1	8.48003417928656e-09	117924053
515622	8	6.78402734342925e-08	117924053
516950	40	3.39201367171462e-07	117924053
518766	6	5.08802050757194e-08	117924053
521006	14	1.18720478510012e-07	117924053
521045	1	8.48003417928656e-09	117924053
521095	4	3.39201367171462e-08	117924053
521096	20	1.69600683585731e-07	117924053
521097	30	2.54401025378597e-07	117924053
521098	3	2.54401025378597e-08	117924053
522306	54	4.57921845681474e-07	117924053
522373	42	3.56161435530036e-07	117924053
523791	4	3.39201367171462e-08	117924053
523794	5	4.24001708964328e-08	117924053
523796	1	8.48003417928656e-09	117924053
525146	3	2.54401025378597e-08	117924053
525284	19	1.61120649406445e-07	117924053
525381	12	1.01760410151439e-07	117924053
525897	3	2.54401025378597e-08	117924053
525898	1	8.48003417928656e-09	117924053
525903	1	8.48003417928656e-09	117924053
525904	1	8.48003417928656e-09	117924053
525909	6	5.08802050757194e-08	117924053
525919	6	5.08802050757194e-08	117924053
526218	14	1.18720478510012e-07	117924053
526224	2	1.69600683585731e-08	117924053
526225	22	1.86560751944304e-07	117924053
526226	34	2.88321162095743e-07	117924053
526227	29	2.4592099119931e-07	117924053
529120	3	2.54401025378597e-08	117924053
529507	7	5.93602392550059e-08	117924053
530564	2	1.69600683585731e-08	117924053
531844	54	4.57921845681474e-07	117924053
535289	536	4.5452983200976e-06	117924053
536019	17	1.44160581047872e-07	117924053
536056	15	1.27200512689298e-07	117924053
536230	1	8.48003417928656e-09	117924053
536232	4	3.39201367171462e-08	117924053
543526	1	8.48003417928656e-09	117924053
543728	468	3.96865599590611e-06	117924053
543734	8	6.78402734342925e-08	117924053
543891	92	7.80163144494364e-07	117924053
543913	109	9.24323725542235e-07	117924053
544404	1	8.48003417928656e-09	117924053
544556	10	8.48003417928656e-08	117924053
545693	13	1.10240444330725e-07	117924053
545694	2	1.69600683585731e-08	117924053
545695	2	1.69600683585731e-08	117924053
546269	5	4.24001708964328e-08	117924053
546271	11	9.32803759721522e-08	117924053
546342	1	8.48003417928656e-09	117924053
546414	6	5.08802050757194e-08	117924053
548473	7	5.93602392550059e-08	117924053
548476	21	1.78080717765018e-07	117924053
548479	4	3.39201367171462e-08	117924053
550538	4	3.39201367171462e-08	117924053
550540	13	1.10240444330725e-07	117924053
550542	5	4.24001708964328e-08	117924053
551115	1	8.48003417928656e-09	117924053
552526	1	8.48003417928656e-09	117924053
552536	1	8.48003417928656e-09	117924053
552811	2	1.69600683585731e-08	117924053
553174	73	6.19042495087919e-07	117924053
553190	26	2.20480888661451e-07	117924053
553199	2259	1.91563972110083e-05	117924053
553482	2	1.69600683585731e-08	117924053
554290	1	8.48003417928656e-09	117924053
555079	5	4.24001708964328e-08	117924053
555217	1	8.48003417928656e-09	117924053
555778	5	4.24001708964328e-08	117924053
555970	2	1.69600683585731e-08	117924053
556484	36	3.05281230454316e-07	117924053
557433	2	1.69600683585731e-08	117924053
557436	10	8.48003417928656e-08	117924053
557598	26	2.20480888661451e-07	117924053
557599	3	2.54401025378597e-08	117924053
557600	33	2.79841127916457e-07	117924053
557722	59	5.00322016577907e-07	117924053
557723	1	8.48003417928656e-09	117924053
557760	15	1.27200512689298e-07	117924053
559292	162	1.37376553704442e-06	117924053
559295	12	1.01760410151439e-07	117924053
559307	8	6.78402734342925e-08	117924053
561229	4	3.39201367171462e-08	117924053
561230	4	3.39201367171462e-08	117924053
561231	2	1.69600683585731e-08	117924053
561276	11	9.32803759721522e-08	117924053
561304	1	8.48003417928656e-09	117924053
562019	2	1.69600683585731e-08	117924053
562970	1	8.48003417928656e-09	117924053
563040	5	4.24001708964328e-08	117924053
565034	4	3.39201367171462e-08	117924053
565040	191	1.61968652824373e-06	117924053
565042	123	1.04304420405225e-06	117924053
565050	33	2.79841127916457e-07	117924053
565655	4	3.39201367171462e-08	117924053
566546	4	3.39201367171462e-08	117924053
567106	1	8.48003417928656e-09	117924053
568206	1	8.48003417928656e-09	117924053
568704	1	8.48003417928656e-09	117924053
568706	5	4.24001708964328e-08	117924053
568707	17	1.44160581047872e-07	117924053
568814	10	8.48003417928656e-08	117924053
568816	47	3.98561606426468e-07	117924053
568819	1	8.48003417928656e-09	117924053
571800	619	5.24914115697838e-06	117924053
572264	2	1.69600683585731e-08	117924053
572265	1	8.48003417928656e-09	117924053
572477	9	7.63203076135791e-08	117924053
572480	37	3.13761264633603e-07	117924053
572544	11	9.32803759721522e-08	117924053
572547	4	3.39201367171462e-08	117924053
573059	3	2.54401025378597e-08	117924053
573061	5	4.24001708964328e-08	117924053
573062	5	4.24001708964328e-08	117924053
573064	1	8.48003417928656e-09	117924053
573065	8	6.78402734342925e-08	117924053
573234	1	8.48003417928656e-09	117924053
573235	3	2.54401025378597e-08	117924053
573370	4	3.39201367171462e-08	117924053
573413	2	1.69600683585731e-08	117924053
573729	6	5.08802050757194e-08	117924053
573826	5	4.24001708964328e-08	117924053
574093	1	8.48003417928656e-09	117924053
574521	9	7.63203076135791e-08	117924053
575540	5	4.24001708964328e-08	117924053
575614	17	1.44160581047872e-07	117924053
575788	2	1.69600683585731e-08	117924053
576789	1	8.48003417928656e-09	117924053
577650	6	5.08802050757194e-08	117924053
578455	9	7.63203076135791e-08	117924053
579138	2	1.69600683585731e-08	117924053
579405	6	5.08802050757194e-08	117924053
580050	5	4.24001708964328e-08	117924053
580327	8	6.78402734342925e-08	117924053
580332	15	1.27200512689298e-07	117924053
581103	2	1.69600683585731e-08	117924053
582744	16	1.35680546868585e-07	117924053
582899	9	7.63203076135791e-08	117924053
583345	37	3.13761264633603e-07	117924053
583346	6	5.08802050757194e-08	117924053
583355	4	3.39201367171462e-08	117924053
585034	5	4.24001708964328e-08	117924053
585035	9	7.63203076135791e-08	117924053
585054	19	1.61120649406445e-07	117924053
585055	6	5.08802050757194e-08	117924053
585056	16	1.35680546868585e-07	117924053
585057	12	1.01760410151439e-07	117924053
585143	1	8.48003417928656e-09	117924053
585394	478	4.05345633769898e-06	117924053
585395	3	2.54401025378597e-08	117924053
585396	1013	8.59027462361729e-06	117924053
585397	3	2.54401025378597e-08	117924053
589865	4	3.39201367171462e-08	117924053
590409	3	2.54401025378597e-08	117924053
590739	1	8.48003417928656e-09	117924053
590998	28	2.37440957020024e-07	117924053
591001	10	8.48003417928656e-08	117924053
591020	4	3.39201367171462e-08	117924053
591167	8	6.78402734342925e-08	117924053
591365	10	8.48003417928656e-08	117924053
591946	8	6.78402734342925e-08	117924053
592022	1	8.48003417928656e-09	117924053
592029	12	1.01760410151439e-07	117924053
592316	2	1.69600683585731e-08	117924053
593588	5	4.24001708964328e-08	117924053
593750	3	2.54401025378597e-08	117924053
593907	17	1.44160581047872e-07	117924053
595494	44	3.73121503888609e-07	117924053
595495	24	2.03520820302877e-07	117924053
595496	1	8.48003417928656e-09	117924053
595499	1	8.48003417928656e-09	117924053
595528	18	1.52640615227158e-07	117924053
595537	301	2.55249028796526e-06	117924053
596153	359	3.04433227036388e-06	117924053
596154	317	2.68817083483384e-06	117924053
598659	2	1.69600683585731e-08	117924053
600809	1	8.48003417928656e-09	117924053
604162	17	1.44160581047872e-07	117924053
610130	74	6.27522529267206e-07	117924053
622759	12	1.01760410151439e-07	117924053
626418	28	2.37440957020024e-07	117924053
627192	15	1.27200512689298e-07	117924053
630588	8	6.78402734342925e-08	117924053
630626	2	1.69600683585731e-08	117924053
632292	1	8.48003417928656e-09	117924053
632772	43	3.64641469709322e-07	117924053
633147	8	6.78402734342925e-08	117924053
633149	54	4.57921845681474e-07	117924053
633699	11	9.32803759721522e-08	117924053
634176	5	4.24001708964328e-08	117924053
634177	1	8.48003417928656e-09	117924053
634452	4	3.39201367171462e-08	117924053
634456	3	2.54401025378597e-08	117924053
634498	7	5.93602392550059e-08	117924053
634499	3	2.54401025378597e-08	117924053
634500	11	9.32803759721522e-08	117924053
634503	3	2.54401025378597e-08	117924053
634956	4	3.39201367171462e-08	117924053
635013	3	2.54401025378597e-08	117924053
637379	49	4.15521674785042e-07	117924053
637387	2	1.69600683585731e-08	117924053
637887	6	5.08802050757194e-08	117924053
637905	1	8.48003417928656e-09	117924053
637909	9	7.63203076135791e-08	117924053
637910	9	7.63203076135791e-08	117924053
639283	24	2.03520820302877e-07	117924053
640081	67	5.681622900122e-07	117924053
640131	16	1.35680546868585e-07	117924053
640132	9	7.63203076135791e-08	117924053
640510	14	1.18720478510012e-07	117924053
640511	11	9.32803759721522e-08	117924053
640512	10	8.48003417928656e-08	117924053
640513	6	5.08802050757194e-08	117924053
641491	1	8.48003417928656e-09	117924053
642492	6	5.08802050757194e-08	117924053
643561	278	2.35744950184166e-06	117924053
643562	1	8.48003417928656e-09	117924053
643648	1	8.48003417928656e-09	117924053
643867	7	5.93602392550059e-08	117924053
644042	4	3.39201367171462e-08	117924053
644223	1	8.48003417928656e-09	117924053
644282	4	3.39201367171462e-08	117924053
644283	12	1.01760410151439e-07	117924053
644801	177	1.50096604973372e-06	117924053
645127	19	1.61120649406445e-07	117924053
645462	1	8.48003417928656e-09	117924053
645463	64	5.4272218747434e-07	117924053
645464	5	4.24001708964328e-08	117924053
645991	3	2.54401025378597e-08	117924053
646529	20	1.69600683585731e-07	117924053
648757	5	4.24001708964328e-08	117924053
648996	2	1.69600683585731e-08	117924053
648999	10	8.48003417928656e-08	117924053
649349	27	2.28960922840737e-07	117924053
649638	10	8.48003417928656e-08	117924053
649639	4	3.39201367171462e-08	117924053
649831	9	7.63203076135791e-08	117924053
650150	13	1.10240444330725e-07	117924053
651822	1	8.48003417928656e-09	117924053
652103	29	2.4592099119931e-07	117924053
653045	9	7.63203076135791e-08	117924053
653938	1	8.48003417928656e-09	117924053
655098	2	1.69600683585731e-08	117924053
655815	29	2.4592099119931e-07	117924053
656024	4	3.39201367171462e-08	117924053
656519	1	8.48003417928656e-09	117924053
657308	32	2.7136109373717e-07	117924053
657309	743	6.30066539520992e-06	117924053
657310	1	8.48003417928656e-09	117924053
657313	659	5.58834252414984e-06	117924053
657314	489	4.14673671367113e-06	117924053
657315	412	3.49377408186606e-06	117924053
657316	148	1.25504505853441e-06	117924053
657317	906	7.68291096643362e-06	117924053
657318	1065	9.03123640094019e-06	117924053
657319	135	1.14480461420369e-06	117924053
657321	697	5.91058382296273e-06	117924053
657322	833	7.06386847134571e-06	117924053
657323	750	6.36002563446492e-06	117924053
657324	3	2.54401025378597e-08	117924053
657448	2	1.69600683585731e-08	117924053
661367	11	9.32803759721522e-08	117924053
661410	10	8.48003417928656e-08	117924053
662598	6	5.08802050757194e-08	117924053
662755	5	4.24001708964328e-08	117924053
663278	5	4.24001708964328e-08	117924053
663917	3	2.54401025378597e-08	117924053
663954	3	2.54401025378597e-08	117924053
665029	5	4.24001708964328e-08	117924053
665571	2	1.69600683585731e-08	117924053
666681	99	8.3952338374937e-07	117924053
666685	21	1.78080717765018e-07	117924053
667015	102	8.64963486287229e-07	117924053
668336	3	2.54401025378597e-08	117924053
669502	1	8.48003417928656e-09	117924053
670307	6	5.08802050757194e-08	117924053
670487	7	5.93602392550059e-08	117924053
671143	4	3.39201367171462e-08	117924053
673862	3	2.54401025378597e-08	117924053
675635	15	1.27200512689298e-07	117924053
679935	101	8.56483452107943e-07	117924053
679936	1	8.48003417928656e-09	117924053
680198	13	1.10240444330725e-07	117924053
680646	20	1.69600683585731e-07	117924053
682634	3	2.54401025378597e-08	117924053
682795	6	5.08802050757194e-08	117924053
684738	59	5.00322016577907e-07	117924053
685038	1	8.48003417928656e-09	117924053
685727	24	2.03520820302877e-07	117924053
688245	169	1.43312577629943e-06	117924053
688270	28	2.37440957020024e-07	117924053
690566	16	1.35680546868585e-07	117924053
690850	2	1.69600683585731e-08	117924053
691437	8	6.78402734342925e-08	117924053
693216	3	2.54401025378597e-08	117924053
693444	3	2.54401025378597e-08	117924053
693746	24	2.03520820302877e-07	117924053
693970	7	5.93602392550059e-08	117924053
693973	2	1.69600683585731e-08	117924053
693974	10	8.48003417928656e-08	117924053
693977	3	2.54401025378597e-08	117924053
693978	26	2.20480888661451e-07	117924053
693979	66	5.59682255832913e-07	117924053
693982	7	5.93602392550059e-08	117924053
694427	32	2.7136109373717e-07	117924053
695560	4	3.39201367171462e-08	117924053
696127	1	8.48003417928656e-09	117924053
696216	14	1.18720478510012e-07	117924053
696281	2	1.69600683585731e-08	117924053
696747	5	4.24001708964328e-08	117924053
696748	2	1.69600683585731e-08	117924053
696749	24	2.03520820302877e-07	117924053
697281	3	2.54401025378597e-08	117924053
697284	1	8.48003417928656e-09	117924053
697329	49	4.15521674785042e-07	117924053
698737	10	8.48003417928656e-08	117924053
698758	5	4.24001708964328e-08	117924053
698761	9	7.63203076135791e-08	117924053
698936	1	8.48003417928656e-09	117924053
698948	5	4.24001708964328e-08	117924053
698962	2	1.69600683585731e-08	117924053
698964	1	8.48003417928656e-09	117924053
698965	5	4.24001708964328e-08	117924053
698967	2	1.69600683585731e-08	117924053
698968	2	1.69600683585731e-08	117924053
698970	1	8.48003417928656e-09	117924053
698972	1	8.48003417928656e-09	117924053
698973	7	5.93602392550059e-08	117924053
699032	23	1.95040786123591e-07	117924053
699033	14	1.18720478510012e-07	117924053
699037	22	1.86560751944304e-07	117924053
699246	9	7.63203076135791e-08	117924053
700015	4	3.39201367171462e-08	117924053
700508	9	7.63203076135791e-08	117924053
700598	58	4.91841982398621e-07	117924053
701347	7	5.93602392550059e-08	117924053
701521	6	5.08802050757194e-08	117924053
702113	41	3.47681401350749e-07	117924053
702459	17	1.44160581047872e-07	117924053
706191	1	8.48003417928656e-09	117924053
706194	1	8.48003417928656e-09	117924053
706587	1	8.48003417928656e-09	117924053
707241	5	4.24001708964328e-08	117924053
709032	5	4.24001708964328e-08	117924053
709986	5	4.24001708964328e-08	117924053
709991	152	1.28896519525156e-06	117924053
710421	14	1.18720478510012e-07	117924053
710685	16	1.35680546868585e-07	117924053
710686	4	3.39201367171462e-08	117924053
710696	17	1.44160581047872e-07	117924053
712898	6	5.08802050757194e-08	117924053
712961	19	1.61120649406445e-07	117924053
713604	9	7.63203076135791e-08	117924053
713887	1	8.48003417928656e-09	117924053
714313	8	6.78402734342925e-08	117924053
714359	9	7.63203076135791e-08	117924053
714962	1	8.48003417928656e-09	117924053
715451	1	8.48003417928656e-09	117924053
716540	1	8.48003417928656e-09	117924053
716541	56	4.74881914040047e-07	117924053
716544	11	9.32803759721522e-08	117924053
717605	1	8.48003417928656e-09	117924053
717608	114	9.66723896438668e-07	117924053
717773	4	3.39201367171462e-08	117924053
717774	5	4.24001708964328e-08	117924053
717785	10	8.48003417928656e-08	117924053
717959	105	8.90403588825089e-07	117924053
717960	172	1.45856587883729e-06	117924053
717961	102	8.64963486287229e-07	117924053
717962	339	2.87473158677814e-06	117924053
718251	4	3.39201367171462e-08	117924053
718252	653	5.53746231907412e-06	117924053
718254	14	1.18720478510012e-07	117924053
718255	434	3.68033483381037e-06	117924053
718271	7	5.93602392550059e-08	117924053
718274	3	2.54401025378597e-08	117924053
720554	40	3.39201367171462e-07	117924053
722911	38	3.22241298812889e-07	117924053
741091	26	2.20480888661451e-07	117924053
742013	352	2.98497203110887e-06	117924053
743299	3	2.54401025378597e-08	117924053
743525	594	5.03714030249622e-06	117924053
743718	23	1.95040786123591e-07	117924053
743720	67	5.681622900122e-07	117924053
743721	55	4.66401879860761e-07	117924053
743722	2	1.69600683585731e-08	117924053
744533	6	5.08802050757194e-08	117924053
744872	4	3.39201367171462e-08	117924053
744985	1	8.48003417928656e-09	117924053
745277	15	1.27200512689298e-07	117924053
745310	41	3.47681401350749e-07	117924053
745776	7	5.93602392550059e-08	117924053
746361	16	1.35680546868585e-07	117924053
746697	16	1.35680546868585e-07	117924053
748247	29	2.4592099119931e-07	117924053
748280	48	4.07041640605755e-07	117924053
748671	7	5.93602392550059e-08	117924053
748727	1	8.48003417928656e-09	117924053
749219	16	1.35680546868585e-07	117924053
749414	6	5.08802050757194e-08	117924053
749927	16	1.35680546868585e-07	117924053
751585	196	1.66208669914017e-06	117924053
751945	56	4.74881914040047e-07	117924053
754035	10	8.48003417928656e-08	117924053
754252	14	1.18720478510012e-07	117924053
754476	10	8.48003417928656e-08	117924053
754477	10	8.48003417928656e-08	117924053
755178	4	3.39201367171462e-08	117924053
755732	45	3.81601538067895e-07	117924053
756272	2	1.69600683585731e-08	117924053
756499	1	8.48003417928656e-09	117924053
757424	160	1.35680546868585e-06	117924053
757425	1	8.48003417928656e-09	117924053
758793	8	6.78402734342925e-08	117924053
759350	126	1.06848430659011e-06	117924053
759362	3	2.54401025378597e-08	117924053
759914	3	2.54401025378597e-08	117924053
760011	3	2.54401025378597e-08	117924053
760154	1	8.48003417928656e-09	117924053
760192	17	1.44160581047872e-07	117924053
760568	1	8.48003417928656e-09	117924053
760570	29	2.4592099119931e-07	117924053
761193	12	1.01760410151439e-07	117924053
761659	4	3.39201367171462e-08	117924053
762051	4	3.39201367171462e-08	117924053
762376	89	7.54723041956504e-07	117924053
762550	4	3.39201367171462e-08	117924053
762570	7	5.93602392550059e-08	117924053
762633	109	9.24323725542235e-07	117924053
762903	24	2.03520820302877e-07	117924053
762948	9	7.63203076135791e-08	117924053
765698	15	1.27200512689298e-07	117924053
765911	8	6.78402734342925e-08	117924053
765912	10	8.48003417928656e-08	117924053
765952	8	6.78402734342925e-08	117924053
766760	2	1.69600683585731e-08	117924053
767029	7	5.93602392550059e-08	117924053
767031	26	2.20480888661451e-07	117924053
767434	7	5.93602392550059e-08	117924053
767453	3	2.54401025378597e-08	117924053
767455	7	5.93602392550059e-08	117924053
767462	3	2.54401025378597e-08	117924053
767463	129	1.09392440912797e-06	117924053
768066	11	9.32803759721522e-08	117924053
768486	6	5.08802050757194e-08	117924053
768490	9	7.63203076135791e-08	117924053
768492	7	5.93602392550059e-08	117924053
768670	2	1.69600683585731e-08	117924053
768704	2	1.69600683585731e-08	117924053
768706	3	2.54401025378597e-08	117924053
771875	1	8.48003417928656e-09	117924053
797210	1	8.48003417928656e-09	117924053
797302	1	8.48003417928656e-09	117924053
798128	83	7.03842836880785e-07	117924053
856793	3	2.54401025378597e-08	117924053
857087	8	6.78402734342925e-08	117924053
858215	8	6.78402734342925e-08	117924053
858619	12	1.01760410151439e-07	117924053
859653	1	8.48003417928656e-09	117924053
859654	1	8.48003417928656e-09	117924053
859655	25	2.12000854482164e-07	117924053
859656	30	2.54401025378597e-07	117924053
859657	55	4.66401879860761e-07	117924053
860228	8	6.78402734342925e-08	117924053
861208	17	1.44160581047872e-07	117924053
861360	54	4.57921845681474e-07	117924053
862259	1	8.48003417928656e-09	117924053
862719	19	1.61120649406445e-07	117924053
862751	8	6.78402734342925e-08	117924053
862908	4	3.39201367171462e-08	117924053
862962	202	1.71296690421589e-06	117924053
862965	23	1.95040786123591e-07	117924053
862966	7	5.93602392550059e-08	117924053
862967	5	4.24001708964328e-08	117924053
862968	5	4.24001708964328e-08	117924053
862971	6	5.08802050757194e-08	117924053
865938	11	9.32803759721522e-08	117924053
866536	18	1.52640615227158e-07	117924053
866630	1	8.48003417928656e-09	117924053
866768	56	4.74881914040047e-07	117924053
866775	6	5.08802050757194e-08	117924053
866777	14	1.18720478510012e-07	117924053
867900	17	1.44160581047872e-07	117924053
867902	11	9.32803759721522e-08	117924053
868131	3	2.54401025378597e-08	117924053
868132	2	1.69600683585731e-08	117924053
868595	1	8.48003417928656e-09	117924053
868597	39	3.30721332992176e-07	117924053
868864	1	8.48003417928656e-09	117924053
869209	16	1.35680546868585e-07	117924053
869210	2	1.69600683585731e-08	117924053
869212	6	5.08802050757194e-08	117924053
869216	2	1.69600683585731e-08	117924053
869269	1	8.48003417928656e-09	117924053
869309	49	4.15521674785042e-07	117924053
869729	32	2.7136109373717e-07	117924053
871585	61	5.1728208493648e-07	117924053
871963	4	3.39201367171462e-08	117924053
875328	6	5.08802050757194e-08	117924053
877468	1	8.48003417928656e-09	117924053
879243	5	4.24001708964328e-08	117924053
880070	3	2.54401025378597e-08	117924053
880071	33	2.79841127916457e-07	117924053
880447	3	2.54401025378597e-08	117924053
880591	6	5.08802050757194e-08	117924053
880633	2	1.69600683585731e-08	117924053
880758	49	4.15521674785042e-07	117924053
882102	3	2.54401025378597e-08	117924053
882378	9	7.63203076135791e-08	117924053
882884	11	9.32803759721522e-08	117924053
882944	3	2.54401025378597e-08	117924053
883062	19	1.61120649406445e-07	117924053
884204	7	5.93602392550059e-08	117924053
885276	1	8.48003417928656e-09	117924053
886293	14	1.18720478510012e-07	117924053
886377	6	5.08802050757194e-08	117924053
887061	9	7.63203076135791e-08	117924053
889738	53	4.49441811502188e-07	117924053
889932	4	3.39201367171462e-08	117924053
890402	169	1.43312577629943e-06	117924053
891391	8	6.78402734342925e-08	117924053
891968	2	1.69600683585731e-08	117924053
903503	1	8.48003417928656e-09	117924053
903814	23	1.95040786123591e-07	117924053
905079	25	2.12000854482164e-07	117924053
906968	10	8.48003417928656e-08	117924053
907265	1	8.48003417928656e-09	117924053
907269	1	8.48003417928656e-09	117924053
907287	1	8.48003417928656e-09	117924053
908937	14	1.18720478510012e-07	117924053
909420	3	2.54401025378597e-08	117924053
909952	170	1.44160581047872e-06	117924053
909954	7	5.93602392550059e-08	117924053
910348	5	4.24001708964328e-08	117924053
911045	8	6.78402734342925e-08	117924053
914149	1	8.48003417928656e-09	117924053
926550	2	1.69600683585731e-08	117924053
926556	6	5.08802050757194e-08	117924053
926562	12	1.01760410151439e-07	117924053
926566	4	3.39201367171462e-08	117924053
926570	7	5.93602392550059e-08	117924053
927666	63	5.34242153295053e-07	117924053
927704	8	6.78402734342925e-08	117924053
929102	55	4.66401879860761e-07	117924053
929439	4	3.39201367171462e-08	117924053
929556	24	2.03520820302877e-07	117924053
929562	38	3.22241298812889e-07	117924053
930169	13	1.10240444330725e-07	117924053
930171	8	6.78402734342925e-08	117924053
930944	18	1.52640615227158e-07	117924053
931276	31	2.62881059557883e-07	117924053
931281	12	1.01760410151439e-07	117924053
931626	1	8.48003417928656e-09	117924053
931890	4	3.39201367171462e-08	117924053
932677	1	8.48003417928656e-09	117924053
933093	1	8.48003417928656e-09	117924053
935296	8	6.78402734342925e-08	117924053
935297	1	8.48003417928656e-09	117924053
935588	8	6.78402734342925e-08	117924053
935589	2	1.69600683585731e-08	117924053
935591	5	4.24001708964328e-08	117924053
935593	12	1.01760410151439e-07	117924053
935599	3	2.54401025378597e-08	117924053
935897	7	5.93602392550059e-08	117924053
936153	7	5.93602392550059e-08	117924053
936154	3	2.54401025378597e-08	117924053
936156	3	2.54401025378597e-08	117924053
936157	1	8.48003417928656e-09	117924053
937773	4	3.39201367171462e-08	117924053
937774	1	8.48003417928656e-09	117924053
937777	1	8.48003417928656e-09	117924053
940190	11	9.32803759721522e-08	117924053
940296	5	4.24001708964328e-08	117924053
941193	5	4.24001708964328e-08	117924053
941639	8	6.78402734342925e-08	117924053
941968	1	8.48003417928656e-09	117924053
942513	1	8.48003417928656e-09	117924053
944168	1	8.48003417928656e-09	117924053
944546	77	6.52962631805065e-07	117924053
944547	134	1.1363245800244e-06	117924053
945021	2	1.69600683585731e-08	117924053
945556	12	1.01760410151439e-07	117924053
945704	14	1.18720478510012e-07	117924053
945712	1	8.48003417928656e-09	117924053
946362	11	9.32803759721522e-08	117924053
946483	14	1.18720478510012e-07	117924053
948595	1	8.48003417928656e-09	117924053
953739	10	8.48003417928656e-08	117924053
956149	3	2.54401025378597e-08	117924053
977880	79	6.69922700163638e-07	117924053
979556	59	5.00322016577907e-07	117924053
979982	1	8.48003417928656e-09	117924053
980514	12	1.01760410151439e-07	117924053
981222	2	1.69600683585731e-08	117924053
981368	12	1.01760410151439e-07	117924053
981539	2	1.69600683585731e-08	117924053
981540	15	1.27200512689298e-07	117924053
983544	32	2.7136109373717e-07	117924053
983545	1	8.48003417928656e-09	117924053
983548	13	1.10240444330725e-07	117924053
983917	204	1.72992697257446e-06	117924053
984262	3	2.54401025378597e-08	117924053
984892	3	2.54401025378597e-08	117924053
985665	1	8.48003417928656e-09	117924053
990288	6	5.08802050757194e-08	117924053
990315	89	7.54723041956504e-07	117924053
990316	25	2.12000854482164e-07	117924053
990317	10	8.48003417928656e-08	117924053
991905	24	2.03520820302877e-07	117924053
992406	7	5.93602392550059e-08	117924053
994476	27	2.28960922840737e-07	117924053
994484	84	7.12322871060071e-07	117924053
996285	62	5.25762119115767e-07	117924053
998088	40	3.39201367171462e-07	117924053
999378	4	3.39201367171462e-08	117924053
999541	53	4.49441811502188e-07	117924053
999552	7	5.93602392550059e-08	117924053
999953	17	1.44160581047872e-07	117924053
1001583	2	1.69600683585731e-08	117924053
1001585	57	4.83361948219334e-07	117924053
1002804	1	8.48003417928656e-09	117924053
1002809	52	4.40961777322901e-07	117924053
1003195	10	8.48003417928656e-08	117924053
1004785	3	2.54401025378597e-08	117924053
1004786	6	5.08802050757194e-08	117924053
1004787	1	8.48003417928656e-09	117924053
1004952	4	3.39201367171462e-08	117924053
1005041	10	8.48003417928656e-08	117924053
1005042	9	7.63203076135791e-08	117924053
1005048	112	9.49763828080095e-07	117924053
1005057	2	1.69600683585731e-08	117924053
1005090	2	1.69600683585731e-08	117924053
1006007	1	8.48003417928656e-09	117924053
1006551	24	2.03520820302877e-07	117924053
1007064	1	8.48003417928656e-09	117924053
1007105	4	3.39201367171462e-08	117924053
1008459	1	8.48003417928656e-09	117924053
1009464	17	1.44160581047872e-07	117924053
1009846	8	6.78402734342925e-08	117924053
1016998	9	7.63203076135791e-08	117924053
1017264	10	8.48003417928656e-08	117924053
1028307	9	7.63203076135791e-08	117924053
1029756	4	3.39201367171462e-08	117924053
1030843	3	2.54401025378597e-08	117924053
1031709	112	9.49763828080095e-07	117924053
1031710	13	1.10240444330725e-07	117924053
1031711	21	1.78080717765018e-07	117924053
1032480	19	1.61120649406445e-07	117924053
1033813	10	8.48003417928656e-08	117924053
1033837	8	6.78402734342925e-08	117924053
1034807	283	2.3998496727381e-06	117924053
1034809	1	8.48003417928656e-09	117924053
1035817	67	5.681622900122e-07	117924053
1036172	45	3.81601538067895e-07	117924053
1036672	2	1.69600683585731e-08	117924053
1036673	1	8.48003417928656e-09	117924053
1036743	6	5.08802050757194e-08	117924053
1037409	55	4.66401879860761e-07	117924053
1037911	293	2.48465001453096e-06	117924053
1041826	122	1.03456416987296e-06	117924053
1042156	63	5.34242153295053e-07	117924053
1042417	1	8.48003417928656e-09	117924053
1042876	45	3.81601538067895e-07	117924053
1042878	60	5.08802050757194e-07	117924053
1045854	1	8.48003417928656e-09	117924053
1045855	43	3.64641469709322e-07	117924053
1045856	2	1.69600683585731e-08	117924053
1045858	2	1.69600683585731e-08	117924053
1046624	5	4.24001708964328e-08	117924053
1046629	118	1.00064403315581e-06	117924053
1046632	1	8.48003417928656e-09	117924053
1048260	3	2.54401025378597e-08	117924053
1048332	103	8.73443520466516e-07	117924053
1048689	2	1.69600683585731e-08	117924053
1049565	28	2.37440957020024e-07	117924053
1051074	21	1.78080717765018e-07	117924053
1051632	1	8.48003417928656e-09	117924053
1052588	2	1.69600683585731e-08	117924053
1054460	35	2.9680119627503e-07	117924053
1064535	53	4.49441811502188e-07	117924053
1064539	13	1.10240444330725e-07	117924053
1064592	8	6.78402734342925e-08	117924053
1069533	22	1.86560751944304e-07	117924053
1069534	2	1.69600683585731e-08	117924053
1069642	2	1.69600683585731e-08	117924053
1071378	10	8.48003417928656e-08	117924053
1071381	6	5.08802050757194e-08	117924053
1071382	14	1.18720478510012e-07	117924053
1071400	3	2.54401025378597e-08	117924053
1072459	4	3.39201367171462e-08	117924053
1072467	2	1.69600683585731e-08	117924053
1074252	1	8.48003417928656e-09	117924053
1074889	2	1.69600683585731e-08	117924053
1074919	1	8.48003417928656e-09	117924053
1075089	28	2.37440957020024e-07	117924053
1075399	2	1.69600683585731e-08	117924053
1076934	29	2.4592099119931e-07	117924053
1080228	3	2.54401025378597e-08	117924053
1081093	2	1.69600683585731e-08	117924053
1082931	9	7.63203076135791e-08	117924053
1085623	1	8.48003417928656e-09	117924053
1087448	3	2.54401025378597e-08	117924053
1088720	1	8.48003417928656e-09	117924053
1089456	47	3.98561606426468e-07	117924053
1089553	7	5.93602392550059e-08	117924053
1090974	3	2.54401025378597e-08	117924053
1091041	1	8.48003417928656e-09	117924053
1091045	919	7.79315141076435e-06	117924053
1091494	5	4.24001708964328e-08	117924053
1091495	1	8.48003417928656e-09	117924053
1091497	1	8.48003417928656e-09	117924053
1093141	44	3.73121503888609e-07	117924053
1093787	11	9.32803759721522e-08	117924053
1094466	103	8.73443520466516e-07	117924053
1094508	1	8.48003417928656e-09	117924053
1095774	2	1.69600683585731e-08	117924053
1096995	3	2.54401025378597e-08	117924053
1096996	48	4.07041640605755e-07	117924053
1096997	1	8.48003417928656e-09	117924053
1097668	16	1.35680546868585e-07	117924053
1097677	30	2.54401025378597e-07	117924053
1100841	2	1.69600683585731e-08	117924053
1104320	2	1.69600683585731e-08	117924053
1104321	2	1.69600683585731e-08	117924053
1104322	44	3.73121503888609e-07	117924053
1104325	19	1.61120649406445e-07	117924053
1104326	26	2.20480888661451e-07	117924053
1105104	1	8.48003417928656e-09	117924053
1107880	25	2.12000854482164e-07	117924053
1110502	17	1.44160581047872e-07	117924053
1110509	1	8.48003417928656e-09	117924053
1111068	18	1.52640615227158e-07	117924053
1111069	85	7.20802905239358e-07	117924053
1111678	25	2.12000854482164e-07	117924053
1112204	10	8.48003417928656e-08	117924053
1114958	1	8.48003417928656e-09	117924053
1114965	21	1.78080717765018e-07	117924053
1114966	28	2.37440957020024e-07	117924053
1114967	236	2.00128806631163e-06	117924053
1114969	2161	1.83253538614383e-05	117924053
1114970	76	6.44482597625779e-07	117924053
1116231	15	1.27200512689298e-07	117924053
1116391	1	8.48003417928656e-09	117924053
1117647	5	4.24001708964328e-08	117924053
1117943	12	1.01760410151439e-07	117924053
1118959	1	8.48003417928656e-09	117924053
1118963	28	2.37440957020024e-07	117924053
1120755	4	3.39201367171462e-08	117924053
1121335	11	9.32803759721522e-08	117924053
1121353	19	1.61120649406445e-07	117924053
1121362	17	1.44160581047872e-07	117924053
1123519	60	5.08802050757194e-07	117924053
1123523	4	3.39201367171462e-08	117924053
1123863	3	2.54401025378597e-08	117924053
1124936	2	1.69600683585731e-08	117924053
1124983	71	6.02082426729346e-07	117924053
1124991	2	1.69600683585731e-08	117924053
1125630	21	1.78080717765018e-07	117924053
1126011	1	8.48003417928656e-09	117924053
1127134	19	1.61120649406445e-07	117924053
1129794	1	8.48003417928656e-09	117924053
1131462	4	3.39201367171462e-08	117924053
1133568	5	4.24001708964328e-08	117924053
1133592	1	8.48003417928656e-09	117924053
1133849	15	1.27200512689298e-07	117924053
1133850	10	8.48003417928656e-08	117924053
1133852	4	3.39201367171462e-08	117924053
1133853	10	8.48003417928656e-08	117924053
1134454	1128	9.56547855423524e-06	117924053
1134782	2	1.69600683585731e-08	117924053
1136179	3279	2.78060320738806e-05	117924053
1137651	20	1.69600683585731e-07	117924053
1138308	2	1.69600683585731e-08	117924053
1138382	6	5.08802050757194e-08	117924053
1138383	6	5.08802050757194e-08	117924053
1142394	4	3.39201367171462e-08	117924053
1142511	2	1.69600683585731e-08	117924053
1144275	6	5.08802050757194e-08	117924053
1146883	25	2.12000854482164e-07	117924053
1147128	4	3.39201367171462e-08	117924053
1147129	5	4.24001708964328e-08	117924053
1150469	6	5.08802050757194e-08	117924053
1151116	16	1.35680546868585e-07	117924053
1155071	1	8.48003417928656e-09	117924053
1155766	8	6.78402734342925e-08	117924053
1156431	26	2.20480888661451e-07	117924053
1156433	38	3.22241298812889e-07	117924053
1156913	9	7.63203076135791e-08	117924053
1157951	1	8.48003417928656e-09	117924053
1161918	2	1.69600683585731e-08	117924053
1162668	4	3.39201367171462e-08	117924053
1163389	1	8.48003417928656e-09	117924053
1163399	46	3.90081572247182e-07	117924053
1163617	20	1.69600683585731e-07	117924053
1163748	1	8.48003417928656e-09	117924053
1166016	1	8.48003417928656e-09	117924053
1166018	6	5.08802050757194e-08	117924053
1166130	5	4.24001708964328e-08	117924053
1167006	2	1.69600683585731e-08	117924053
1167634	71	6.02082426729346e-07	117924053
1168287	2	1.69600683585731e-08	117924053
1170318	93	7.8864317867365e-07	117924053
1170562	6	5.08802050757194e-08	117924053
1171373	10	8.48003417928656e-08	117924053
1171376	4	3.39201367171462e-08	117924053
1171377	2	1.69600683585731e-08	117924053
1173020	52	4.40961777322901e-07	117924053
1173022	7	5.93602392550059e-08	117924053
1173025	1	8.48003417928656e-09	117924053
1173026	7	5.93602392550059e-08	117924053
1173027	1	8.48003417928656e-09	117924053
1173263	1	8.48003417928656e-09	117924053
1179773	9	7.63203076135791e-08	117924053
1183438	1	8.48003417928656e-09	117924053
1184267	3	2.54401025378597e-08	117924053
1185652	9	7.63203076135791e-08	117924053
1187956	28	2.37440957020024e-07	117924053
1191061	72	6.10562460908632e-07	117924053
1192196	3	2.54401025378597e-08	117924053
1193292	25	2.12000854482164e-07	117924053
1193576	1	8.48003417928656e-09	117924053
1193729	1	8.48003417928656e-09	117924053
1194526	13	1.10240444330725e-07	117924053
1195464	2	1.69600683585731e-08	117924053
1196325	15	1.27200512689298e-07	117924053
1196835	485	4.11281657695398e-06	117924053
1197719	1	8.48003417928656e-09	117924053
1198114	2	1.69600683585731e-08	117924053
1198232	3	2.54401025378597e-08	117924053
1198627	6	5.08802050757194e-08	117924053
1198676	1	8.48003417928656e-09	117924053
1199187	5	4.24001708964328e-08	117924053
1200352	6	5.08802050757194e-08	117924053
1201294	5	4.24001708964328e-08	117924053
1202772	2	1.69600683585731e-08	117924053
1203460	7	5.93602392550059e-08	117924053
1203670	3	2.54401025378597e-08	117924053
1204414	61	5.1728208493648e-07	117924053
1205674	1	8.48003417928656e-09	117924053
1205677	2	1.69600683585731e-08	117924053
1205910	13	1.10240444330725e-07	117924053
1206105	8	6.78402734342925e-08	117924053
1207075	98	8.31043349570083e-07	117924053
1208658	7	5.93602392550059e-08	117924053
1208660	16	1.35680546868585e-07	117924053
1208918	1	8.48003417928656e-09	117924053
1208919	2	1.69600683585731e-08	117924053
1208920	7	5.93602392550059e-08	117924053
1208921	3	2.54401025378597e-08	117924053
1208923	10	8.48003417928656e-08	117924053
1209989	2	1.69600683585731e-08	117924053
1211025	12	1.01760410151439e-07	117924053
1211579	35	2.9680119627503e-07	117924053
1214101	3	2.54401025378597e-08	117924053
1214242	5	4.24001708964328e-08	117924053
1215088	48	4.07041640605755e-07	117924053
1216976	64	5.4272218747434e-07	117924053
1217737	1	8.48003417928656e-09	117924053
1217984	9	7.63203076135791e-08	117924053
1218175	8	6.78402734342925e-08	117924053
1218933	2	1.69600683585731e-08	117924053
1219076	1	8.48003417928656e-09	117924053
1224163	10	8.48003417928656e-08	117924053
1225179	1	8.48003417928656e-09	117924053
1228997	4	3.39201367171462e-08	117924053
1229205	9	7.63203076135791e-08	117924053
1229512	1	8.48003417928656e-09	117924053
1229756	2	1.69600683585731e-08	117924053
1229758	5	4.24001708964328e-08	117924053
1229785	2	1.69600683585731e-08	117924053
1229908	3	2.54401025378597e-08	117924053
1229909	4	3.39201367171462e-08	117924053
1230587	2	1.69600683585731e-08	117924053
1231072	5	4.24001708964328e-08	117924053
1231626	2	1.69600683585731e-08	117924053
1232381	20	1.69600683585731e-07	117924053
1232383	4	3.39201367171462e-08	117924053
1233873	8	6.78402734342925e-08	117924053
1234378	1	8.48003417928656e-09	117924053
1234380	10	8.48003417928656e-08	117924053
1234603	1	8.48003417928656e-09	117924053
1234679	79	6.69922700163638e-07	117924053
1235461	3	2.54401025378597e-08	117924053
1235990	2	1.69600683585731e-08	117924053
1236903	11	9.32803759721522e-08	117924053
1237085	2	1.69600683585731e-08	117924053
1241583	2	1.69600683585731e-08	117924053
1244085	3	2.54401025378597e-08	117924053
1245469	31	2.62881059557883e-07	117924053
1245471	91	7.71683110315077e-07	117924053
1246301	257	2.17936878407665e-06	117924053
1246365	6	5.08802050757194e-08	117924053
1246995	27	2.28960922840737e-07	117924053
1249480	7	5.93602392550059e-08	117924053
1249526	2	1.69600683585731e-08	117924053
1249531	2	1.69600683585731e-08	117924053
1249634	3	2.54401025378597e-08	117924053
1249661	8	6.78402734342925e-08	117924053
1254432	6	5.08802050757194e-08	117924053
1254439	11	9.32803759721522e-08	117924053
1255043	7	5.93602392550059e-08	117924053
1257118	2	1.69600683585731e-08	117924053
1260251	3	2.54401025378597e-08	117924053
1260292	2	1.69600683585731e-08	117924053
1261126	1	8.48003417928656e-09	117924053
1261557	7	5.93602392550059e-08	117924053
1262161	3	2.54401025378597e-08	117924053
1262456	18	1.52640615227158e-07	117924053
1265601	5	4.24001708964328e-08	117924053
1266738	3	2.54401025378597e-08	117924053
1266845	54	4.57921845681474e-07	117924053
1267577	6	5.08802050757194e-08	117924053
1267753	1	8.48003417928656e-09	117924053
1267754	4	3.39201367171462e-08	117924053
1271752	1	8.48003417928656e-09	117924053
1271862	2	1.69600683585731e-08	117924053
1271863	3	2.54401025378597e-08	117924053
1273173	6	5.08802050757194e-08	117924053
1276227	3	2.54401025378597e-08	117924053
1276229	2	1.69600683585731e-08	117924053
1276282	9	7.63203076135791e-08	117924053
1276647	1	8.48003417928656e-09	117924053
1278073	5	4.24001708964328e-08	117924053
1279007	2	1.69600683585731e-08	117924053
1279008	5	4.24001708964328e-08	117924053
1279365	2	1.69600683585731e-08	117924053
1280938	10	8.48003417928656e-08	117924053
1282356	187	1.58576639152659e-06	117924053
1283331	9	7.63203076135791e-08	117924053
1284663	1	8.48003417928656e-09	117924053
1286170	20	1.69600683585731e-07	117924053
1286640	1	8.48003417928656e-09	117924053
1288394	54	4.57921845681474e-07	117924053
1294143	44	3.73121503888609e-07	117924053
1295826	2	1.69600683585731e-08	117924053
1298593	14	1.18720478510012e-07	117924053
1300150	5	4.24001708964328e-08	117924053
1300253	1	8.48003417928656e-09	117924053
1300254	5	4.24001708964328e-08	117924053
1300255	3	2.54401025378597e-08	117924053
1300256	2	1.69600683585731e-08	117924053
1300257	2	1.69600683585731e-08	117924053
1300258	2	1.69600683585731e-08	117924053
1302858	1	8.48003417928656e-09	117924053
1302863	12	1.01760410151439e-07	117924053
1303024	4	3.39201367171462e-08	117924053
1303518	5	4.24001708964328e-08	117924053
1303692	10	8.48003417928656e-08	117924053
1304892	16	1.35680546868585e-07	117924053
1305598	1	8.48003417928656e-09	117924053
1305849	9	7.63203076135791e-08	117924053
1310161	21	1.78080717765018e-07	117924053
1313172	23	1.95040786123591e-07	117924053
1316444	1	8.48003417928656e-09	117924053
1316932	2	1.69600683585731e-08	117924053
1318615	2	1.69600683585731e-08	117924053
1318633	1	8.48003417928656e-09	117924053
1318635	2	1.69600683585731e-08	117924053
1321369	1	8.48003417928656e-09	117924053
1321370	6	5.08802050757194e-08	117924053
1322346	2	1.69600683585731e-08	117924053
1327988	3	2.54401025378597e-08	117924053
1328306	8	6.78402734342925e-08	117924053
1331671	41	3.47681401350749e-07	117924053
1332188	14	1.18720478510012e-07	117924053
1334187	1	8.48003417928656e-09	117924053
1335307	1	8.48003417928656e-09	117924053
1335757	4	3.39201367171462e-08	117924053
1340495	8	6.78402734342925e-08	117924053
1340851	8	6.78402734342925e-08	117924053
1341692	1	8.48003417928656e-09	117924053
1343740	6	5.08802050757194e-08	117924053
1345695	24	2.03520820302877e-07	117924053
1345697	6	5.08802050757194e-08	117924053
1346614	10	8.48003417928656e-08	117924053
1348660	3	2.54401025378597e-08	117924053
1348662	2	1.69600683585731e-08	117924053
1355100	4	3.39201367171462e-08	117924053
1356861	1	8.48003417928656e-09	117924053
1358027	2	1.69600683585731e-08	117924053
1367491	2	1.69600683585731e-08	117924053
1367847	9	7.63203076135791e-08	117924053
1379702	35	2.9680119627503e-07	117924053
1380774	21	1.78080717765018e-07	117924053
1380908	28	2.37440957020024e-07	117924053
1383068	1	8.48003417928656e-09	117924053
1384484	5	4.24001708964328e-08	117924053
1385727	1	8.48003417928656e-09	117924053
1389489	16	1.35680546868585e-07	117924053
1394709	6	5.08802050757194e-08	117924053
1394711	8	6.78402734342925e-08	117924053
1394889	1	8.48003417928656e-09	117924053
1399115	4	3.39201367171462e-08	117924053
1399116	9	7.63203076135791e-08	117924053
1400867	18	1.52640615227158e-07	117924053
1401659	11	9.32803759721522e-08	117924053
1408179	1	8.48003417928656e-09	117924053
1408186	4	3.39201367171462e-08	117924053
1408272	7	5.93602392550059e-08	117924053
1415629	5	4.24001708964328e-08	117924053
1415630	401	3.40049370589391e-06	117924053
1416914	21	1.78080717765018e-07	117924053
1423144	2	1.69600683585731e-08	117924053
1427342	23	1.95040786123591e-07	117924053
1429244	1	8.48003417928656e-09	117924053
1430440	6	5.08802050757194e-08	117924053
1435044	13	1.10240444330725e-07	117924053
1435058	4	3.39201367171462e-08	117924053
1435356	24	2.03520820302877e-07	117924053
1436140	75	6.36002563446492e-07	117924053
