Tax.ID	Frequency	Proportion	Total
394	6	8.7012002609664e-08	68956004
1311	1353	1.96212065884792e-05	68956004
1511	1	1.4502000434944e-08	68956004
1639	2	2.9004000869888e-08	68956004
2762	3	4.3506001304832e-08	68956004
2769	1	1.4502000434944e-08	68956004
2771	2	2.9004000869888e-08	68956004
2787	6	8.7012002609664e-08	68956004
2788	1	1.4502000434944e-08	68956004
2829	2	2.9004000869888e-08	68956004
2839	18	2.61036007828992e-07	68956004
2850	16	2.32032006959104e-07	68956004
2880	2	2.9004000869888e-08	68956004
2898	1	1.4502000434944e-08	68956004
3039	2	2.9004000869888e-08	68956004
4770	1	1.4502000434944e-08	68956004
5061	1	1.4502000434944e-08	68956004
5518	3	4.3506001304832e-08	68956004
5661	1	1.4502000434944e-08	68956004
5749	1	1.4502000434944e-08	68956004
5786	2	2.9004000869888e-08	68956004
5872	4	5.8008001739776e-08	68956004
5905	2	2.9004000869888e-08	68956004
5907	2	2.9004000869888e-08	68956004
5932	3	4.3506001304832e-08	68956004
31964	6	8.7012002609664e-08	68956004
33657	3	4.3506001304832e-08	68956004
33658	3	4.3506001304832e-08	68956004
35128	16	2.32032006959104e-07	68956004
36809	8	1.16016003479552e-07	68956004
40041	43	6.23586018702592e-07	68956004
42746	1	1.4502000434944e-08	68956004
43926	1	1.4502000434944e-08	68956004
52970	4	5.8008001739776e-08	68956004
55529	18	2.61036007828992e-07	68956004
59748	2	2.9004000869888e-08	68956004
60481	26	3.77052011308544e-07	68956004
62928	17	2.46534007394048e-07	68956004
62977	1	1.4502000434944e-08	68956004
63186	1	1.4502000434944e-08	68956004
64471	2	2.9004000869888e-08	68956004
65071	2	2.9004000869888e-08	68956004
67593	2	2.9004000869888e-08	68956004
69328	1	1.4502000434944e-08	68956004
72520	2	2.9004000869888e-08	68956004
74557	1	1.4502000434944e-08	68956004
75379	12	1.74024005219328e-07	68956004
76114	3	4.3506001304832e-08	68956004
76869	6	8.7012002609664e-08	68956004
78245	6	8.7012002609664e-08	68956004
79929	1	1.4502000434944e-08	68956004
83406	2	2.9004000869888e-08	68956004
85643	13	1.88526005654272e-07	68956004
88149	1	1.4502000434944e-08	68956004
93061	1	1.4502000434944e-08	68956004
94122	6	8.7012002609664e-08	68956004
96561	1	1.4502000434944e-08	68956004
96563	4	5.8008001739776e-08	68956004
100226	1	1.4502000434944e-08	68956004
101510	21	3.04542009133824e-07	68956004
114615	11	1.59522004784384e-07	68956004
120807	3	4.3506001304832e-08	68956004
122587	1	1.4502000434944e-08	68956004
126740	1	1.4502000434944e-08	68956004
126793	1	1.4502000434944e-08	68956004
129356	2	2.9004000869888e-08	68956004
129358	2	2.9004000869888e-08	68956004
134676	1	1.4502000434944e-08	68956004
136089	1	1.4502000434944e-08	68956004
137722	4	5.8008001739776e-08	68956004
145522	1	1.4502000434944e-08	68956004
155864	2	2.9004000869888e-08	68956004
158189	1	1.4502000434944e-08	68956004
158190	6	8.7012002609664e-08	68956004
158878	1	1.4502000434944e-08	68956004
159087	7	1.01514003044608e-07	68956004
160488	2	2.9004000869888e-08	68956004
160490	2842	4.12146852361108e-05	68956004
160491	2894	4.19687892587279e-05	68956004
160619	11	1.59522004784384e-07	68956004
164328	1	1.4502000434944e-08	68956004
164756	11	1.59522004784384e-07	68956004
169963	1	1.4502000434944e-08	68956004
170187	1	1.4502000434944e-08	68956004
171101	211	3.05992209177318e-06	68956004
176279	7	1.01514003044608e-07	68956004
176280	11	1.59522004784384e-07	68956004
176299	2	2.9004000869888e-08	68956004
186103	1711	2.48129227441892e-05	68956004
187303	1	1.4502000434944e-08	68956004
187420	2	2.9004000869888e-08	68956004
189423	60	8.7012002609664e-07	68956004
189918	3	4.3506001304832e-08	68956004
190304	4	5.8008001739776e-08	68956004
190485	9	1.30518003914496e-07	68956004
190486	3	4.3506001304832e-08	68956004
190650	8	1.16016003479552e-07	68956004
191026	1	1.4502000434944e-08	68956004
192952	1	1.4502000434944e-08	68956004
193567	1264	1.83305285497692e-05	68956004
194439	1	1.4502000434944e-08	68956004
195102	2	2.9004000869888e-08	68956004
195103	127	1.84175405523789e-06	68956004
196162	5	7.251000217472e-08	68956004
196164	26	3.77052011308544e-07	68956004
198466	358	5.19171615570995e-06	68956004
198540	1	1.4502000434944e-08	68956004
203119	2	2.9004000869888e-08	68956004
203120	10	1.4502000434944e-07	68956004
203122	1	1.4502000434944e-08	68956004
203123	2	2.9004000869888e-08	68956004
203124	2	2.9004000869888e-08	68956004
203275	1	1.4502000434944e-08	68956004
204773	26	3.77052011308544e-07	68956004
205913	24	3.48048010438656e-07	68956004
205914	6	8.7012002609664e-08	68956004
205918	6	8.7012002609664e-08	68956004
205921	5920	8.58518425748685e-05	68956004
205922	7	1.01514003044608e-07	68956004
206672	1	1.4502000434944e-08	68956004
207559	1	1.4502000434944e-08	68956004
208435	90716	0.00131556347145638	68956004
208596	5	7.251000217472e-08	68956004
208963	7	1.01514003044608e-07	68956004
208964	17	2.46534007394048e-07	68956004
210007	90	1.30518003914496e-06	68956004
211110	74239	0.00107661401028981	68956004
213810	1	1.4502000434944e-08	68956004
215689	1	1.4502000434944e-08	68956004
216591	2	2.9004000869888e-08	68956004
216594	2	2.9004000869888e-08	68956004
216595	55	7.9761002392192e-07	68956004
216596	13	1.88526005654272e-07	68956004
216599	2	2.9004000869888e-08	68956004
218494	2	2.9004000869888e-08	68956004
218495	528	7.65705622965043e-06	68956004
220341	10	1.4502000434944e-07	68956004
220664	5	7.251000217472e-08	68956004
221721	1	1.4502000434944e-08	68956004
223283	8	1.16016003479552e-07	68956004
223926	1	1.4502000434944e-08	68956004
224308	8	1.16016003479552e-07	68956004
224911	12	1.74024005219328e-07	68956004
225849	3	4.3506001304832e-08	68956004
226185	67	9.71634029141248e-07	68956004
226186	97	1.40669404218957e-06	68956004
227882	6	8.7012002609664e-08	68956004
228405	1	1.4502000434944e-08	68956004
228410	1	1.4502000434944e-08	68956004
231023	2	2.9004000869888e-08	68956004
232721	133	1.92876605784755e-06	68956004
234621	477	6.91745420746829e-06	68956004
234831	1	1.4502000434944e-08	68956004
243090	1	1.4502000434944e-08	68956004
243164	1	1.4502000434944e-08	68956004
243230	1	1.4502000434944e-08	68956004
243233	2	2.9004000869888e-08	68956004
243243	1	1.4502000434944e-08	68956004
243273	7	1.01514003044608e-07	68956004
243274	3	4.3506001304832e-08	68956004
243275	2	2.9004000869888e-08	68956004
243277	2	2.9004000869888e-08	68956004
243365	6	8.7012002609664e-08	68956004
245014	20	2.9004000869888e-07	68956004
245018	72	1.04414403131597e-06	68956004
246196	6	8.7012002609664e-08	68956004
246197	4	5.8008001739776e-08	68956004
246200	2	2.9004000869888e-08	68956004
247156	1	1.4502000434944e-08	68956004
254945	1	1.4502000434944e-08	68956004
257310	8	1.16016003479552e-07	68956004
257311	1	1.4502000434944e-08	68956004
257313	6	8.7012002609664e-08	68956004
257314	1	1.4502000434944e-08	68956004
258594	4	5.8008001739776e-08	68956004
259536	24	3.48048010438656e-07	68956004
261292	21	3.04542009133824e-07	68956004
262724	8	1.16016003479552e-07	68956004
262728	1	1.4502000434944e-08	68956004
263358	1	1.4502000434944e-08	68956004
264198	7	1.01514003044608e-07	68956004
264199	46	6.67092020007424e-07	68956004
264730	2	2.9004000869888e-08	68956004
264731	4	5.8008001739776e-08	68956004
265072	1	1.4502000434944e-08	68956004
265311	6	8.7012002609664e-08	68956004
266117	2	2.9004000869888e-08	68956004
266264	26	3.77052011308544e-07	68956004
266265	5	7.251000217472e-08	68956004
266779	14	2.03028006089216e-07	68956004
266834	2	2.9004000869888e-08	68956004
266835	2	2.9004000869888e-08	68956004
266940	2	2.9004000869888e-08	68956004
267608	13	1.88526005654272e-07	68956004
267747	5	7.251000217472e-08	68956004
269482	7	1.01514003044608e-07	68956004
269796	1	1.4502000434944e-08	68956004
269797	1	1.4502000434944e-08	68956004
269798	14	2.03028006089216e-07	68956004
271848	2	2.9004000869888e-08	68956004
272559	9	1.30518003914496e-07	68956004
272563	33	4.78566014353152e-07	68956004
272568	2	2.9004000869888e-08	68956004
272620	12	1.74024005219328e-07	68956004
272622	283	4.10406612308915e-06	68956004
272623	30	4.3506001304832e-07	68956004
272624	1	1.4502000434944e-08	68956004
272626	3	4.3506001304832e-08	68956004
272630	1	1.4502000434944e-08	68956004
272631	1	1.4502000434944e-08	68956004
272632	3	4.3506001304832e-08	68956004
272633	159	2.3058180691561e-06	68956004
272634	4	5.8008001739776e-08	68956004
272831	3	4.3506001304832e-08	68956004
272942	1	1.4502000434944e-08	68956004
273119	48822	0.000708016665234836	68956004
278137	3	4.3506001304832e-08	68956004
278197	32	4.64064013918208e-07	68956004
279238	2	2.9004000869888e-08	68956004
279808	3	4.3506001304832e-08	68956004
280463	6	8.7012002609664e-08	68956004
280699	3	4.3506001304832e-08	68956004
281090	3	4.3506001304832e-08	68956004
281310	1	1.4502000434944e-08	68956004
284592	1	1.4502000434944e-08	68956004
284593	1	1.4502000434944e-08	68956004
284812	1	1.4502000434944e-08	68956004
285951	1	1.4502000434944e-08	68956004
286636	97	1.40669404218957e-06	68956004
288000	6	8.7012002609664e-08	68956004
288705	4	5.8008001739776e-08	68956004
289380	50	7.251000217472e-07	68956004
290338	1	1.4502000434944e-08	68956004
290339	3	4.3506001304832e-08	68956004
290340	6	8.7012002609664e-08	68956004
290398	1	1.4502000434944e-08	68956004
290399	9	1.30518003914496e-07	68956004
290402	14	2.03028006089216e-07	68956004
291112	1	1.4502000434944e-08	68956004
291331	1	1.4502000434944e-08	68956004
292415	4	5.8008001739776e-08	68956004
292564	1	1.4502000434944e-08	68956004
293826	7	1.01514003044608e-07	68956004
295405	35	5.0757001522304e-07	68956004
296543	17	2.46534007394048e-07	68956004
296591	48	6.96096020877312e-07	68956004
299768	39	5.65578016962816e-07	68956004
300269	1	1.4502000434944e-08	68956004
300852	5	7.251000217472e-08	68956004
302409	1	1.4502000434944e-08	68956004
306537	3	4.3506001304832e-08	68956004
309798	6	8.7012002609664e-08	68956004
309799	1	1.4502000434944e-08	68956004
309803	1	1.4502000434944e-08	68956004
311402	1	1.4502000434944e-08	68956004
311403	3	4.3506001304832e-08	68956004
312153	4	5.8008001739776e-08	68956004
313595	2	2.9004000869888e-08	68956004
313598	4	5.8008001739776e-08	68956004
313603	1	1.4502000434944e-08	68956004
314225	2	2.9004000869888e-08	68956004
314565	7	1.01514003044608e-07	68956004
314724	1	1.4502000434944e-08	68956004
315456	2	2.9004000869888e-08	68956004
315730	1	1.4502000434944e-08	68956004
315749	1	1.4502000434944e-08	68956004
316055	14	2.03028006089216e-07	68956004
316056	8	1.16016003479552e-07	68956004
316057	5	7.251000217472e-08	68956004
316058	5	7.251000217472e-08	68956004
316278	1	1.4502000434944e-08	68956004
316279	1	1.4502000434944e-08	68956004
316385	5	7.251000217472e-08	68956004
317655	4	5.8008001739776e-08	68956004
318161	1	1.4502000434944e-08	68956004
318167	6	8.7012002609664e-08	68956004
318586	6	8.7012002609664e-08	68956004
319224	1	1.4502000434944e-08	68956004
319701	283	4.10406612308915e-06	68956004
319795	2	2.9004000869888e-08	68956004
320373	2	2.9004000869888e-08	68956004
320388	7	1.01514003044608e-07	68956004
320389	1	1.4502000434944e-08	68956004
321956	3	4.3506001304832e-08	68956004
321967	86	1.24717203740518e-06	68956004
322159	1794	2.60165887802895e-05	68956004
322710	2	2.9004000869888e-08	68956004
323097	2	2.9004000869888e-08	68956004
323098	1	1.4502000434944e-08	68956004
323259	1	1.4502000434944e-08	68956004
323848	1	1.4502000434944e-08	68956004
324057	2	2.9004000869888e-08	68956004
324602	1	1.4502000434944e-08	68956004
324831	8	1.16016003479552e-07	68956004
325240	2	2.9004000869888e-08	68956004
326423	2	2.9004000869888e-08	68956004
326424	5	7.251000217472e-08	68956004
326426	1	1.4502000434944e-08	68956004
326442	1	1.4502000434944e-08	68956004
330214	6	8.7012002609664e-08	68956004
330879	1	1.4502000434944e-08	68956004
331111	15	2.1753000652416e-07	68956004
331112	9	1.30518003914496e-07	68956004
331271	17	2.46534007394048e-07	68956004
331272	4	5.8008001739776e-08	68956004
331678	1	1.4502000434944e-08	68956004
333849	7	1.01514003044608e-07	68956004
334390	2	2.9004000869888e-08	68956004
334413	1414	2.05058286150108e-05	68956004
335283	3	4.3506001304832e-08	68956004
335284	42	6.09084018267648e-07	68956004
335541	6	8.7012002609664e-08	68956004
335659	14	2.03028006089216e-07	68956004
337191	1	1.4502000434944e-08	68956004
338187	1	1.4502000434944e-08	68956004
338963	1	1.4502000434944e-08	68956004
338966	2	2.9004000869888e-08	68956004
338969	19	2.75538008263936e-07	68956004
339670	17	2.46534007394048e-07	68956004
339860	1	1.4502000434944e-08	68956004
340099	2	2.9004000869888e-08	68956004
340100	10	1.4502000434944e-07	68956004
340322	9	1.30518003914496e-07	68956004
342108	2	2.9004000869888e-08	68956004
342451	1	1.4502000434944e-08	68956004
342610	4	5.8008001739776e-08	68956004
343509	1	1.4502000434944e-08	68956004
344609	4	5.8008001739776e-08	68956004
345073	2	2.9004000869888e-08	68956004
345219	1	1.4502000434944e-08	68956004
347253	123	1.78374605349811e-06	68956004
347256	7	1.01514003044608e-07	68956004
347257	2	2.9004000869888e-08	68956004
347515	1	1.4502000434944e-08	68956004
347834	2	2.9004000869888e-08	68956004
348535	1	1.4502000434944e-08	68956004
349101	4	5.8008001739776e-08	68956004
349102	4	5.8008001739776e-08	68956004
349106	18	2.61036007828992e-07	68956004
349161	2	2.9004000869888e-08	68956004
349163	1	1.4502000434944e-08	68956004
349521	4	5.8008001739776e-08	68956004
349741	10	1.4502000434944e-07	68956004
349747	1	1.4502000434944e-08	68956004
350054	5	7.251000217472e-08	68956004
350058	4	5.8008001739776e-08	68956004
351348	10	1.4502000434944e-07	68956004
351607	2	2.9004000869888e-08	68956004
351627	1	1.4502000434944e-08	68956004
351745	4	5.8008001739776e-08	68956004
351746	4	5.8008001739776e-08	68956004
352472	1	1.4502000434944e-08	68956004
353151	2	2.9004000869888e-08	68956004
353152	3	4.3506001304832e-08	68956004
353153	26	3.77052011308544e-07	68956004
353154	2	2.9004000869888e-08	68956004
354242	2	2.9004000869888e-08	68956004
355276	4	5.8008001739776e-08	68956004
355277	3	4.3506001304832e-08	68956004
357348	4	5.8008001739776e-08	68956004
357544	5	7.251000217472e-08	68956004
357804	1	1.4502000434944e-08	68956004
357808	2	2.9004000869888e-08	68956004
357809	9	1.30518003914496e-07	68956004
358220	116	1.6822320504535e-06	68956004
358681	2	2.9004000869888e-08	68956004
359786	16	2.32032006959104e-07	68956004
360094	2	2.9004000869888e-08	68956004
360095	1	1.4502000434944e-08	68956004
360106	2	2.9004000869888e-08	68956004
360107	35	5.0757001522304e-07	68956004
360910	3	4.3506001304832e-08	68956004
360911	1	1.4502000434944e-08	68956004
361100	1	1.4502000434944e-08	68956004
362242	1	1.4502000434944e-08	68956004
362663	18	2.61036007828992e-07	68956004
362948	1	1.4502000434944e-08	68956004
363253	1	1.4502000434944e-08	68956004
365044	197	2.85689408568397e-06	68956004
365046	33	4.78566014353152e-07	68956004
365659	84	1.2181680365353e-06	68956004
366394	1	1.4502000434944e-08	68956004
366602	10	1.4502000434944e-07	68956004
367737	17	2.46534007394048e-07	68956004
367928	46	6.67092020007424e-07	68956004
368407	1	1.4502000434944e-08	68956004
369723	2	2.9004000869888e-08	68956004
370551	53	7.68606023052032e-07	68956004
370552	93	1.34868604044979e-06	68956004
370553	13	1.88526005654272e-07	68956004
370554	611	8.86072226575078e-06	68956004
372461	1	1.4502000434944e-08	68956004
373153	571	8.28064224835302e-06	68956004
373384	23	3.33546010003712e-07	68956004
373903	6	8.7012002609664e-08	68956004
374463	2	2.9004000869888e-08	68956004
374833	1	1.4502000434944e-08	68956004
375286	6	8.7012002609664e-08	68956004
375451	1	1.4502000434944e-08	68956004
376686	75	1.0876500326208e-06	68956004
376758	1	1.4502000434944e-08	68956004
377629	1	1.4502000434944e-08	68956004
378753	2	2.9004000869888e-08	68956004
379066	1	1.4502000434944e-08	68956004
379731	4	5.8008001739776e-08	68956004
380358	1	1.4502000434944e-08	68956004
380703	9	1.30518003914496e-07	68956004
381666	19	2.75538008263936e-07	68956004
381754	10	1.4502000434944e-07	68956004
382245	26	3.77052011308544e-07	68956004
382638	1	1.4502000434944e-08	68956004
383372	1	1.4502000434944e-08	68956004
383379	2	2.9004000869888e-08	68956004
383629	2	2.9004000869888e-08	68956004
384616	1	1.4502000434944e-08	68956004
384676	23	3.33546010003712e-07	68956004
385025	1	1.4502000434944e-08	68956004
386043	53	7.68606023052032e-07	68956004
386415	7	1.01514003044608e-07	68956004
386585	2	2.9004000869888e-08	68956004
387092	1	1.4502000434944e-08	68956004
387344	50	7.251000217472e-07	68956004
388919	384	5.5687681670185e-06	68956004
390235	6	8.7012002609664e-08	68956004
390236	1	1.4502000434944e-08	68956004
390333	355	5.14821015440512e-06	68956004
390874	2	2.9004000869888e-08	68956004
391008	4	5.8008001739776e-08	68956004
391037	2	2.9004000869888e-08	68956004
391165	2	2.9004000869888e-08	68956004
391295	1098	1.59231964775685e-05	68956004
391296	964	1.3979928419286e-05	68956004
391735	29	4.20558012613376e-07	68956004
391904	9	1.30518003914496e-07	68956004
392499	11	1.59522004784384e-07	68956004
392500	1	1.4502000434944e-08	68956004
393011	1	1.4502000434944e-08	68956004
393305	3	4.3506001304832e-08	68956004
393595	1	1.4502000434944e-08	68956004
394221	5	7.251000217472e-08	68956004
394503	1	1.4502000434944e-08	68956004
395019	7	1.01514003044608e-07	68956004
395491	2	2.9004000869888e-08	68956004
395492	1	1.4502000434944e-08	68956004
395494	1	1.4502000434944e-08	68956004
395495	48	6.96096020877312e-07	68956004
395960	6	8.7012002609664e-08	68956004
395965	1	1.4502000434944e-08	68956004
396513	3	4.3506001304832e-08	68956004
396588	5	7.251000217472e-08	68956004
397945	56	8.12112024356864e-07	68956004
398527	3	4.3506001304832e-08	68956004
398578	82	1.18916403566541e-06	68956004
399599	2	2.9004000869888e-08	68956004
399726	1	1.4502000434944e-08	68956004
399739	9	1.30518003914496e-07	68956004
399741	1	1.4502000434944e-08	68956004
399804	1	1.4502000434944e-08	68956004
400667	23	3.33546010003712e-07	68956004
400673	1	1.4502000434944e-08	68956004
400756	7	1.01514003044608e-07	68956004
401473	1	1.4502000434944e-08	68956004
402612	57	8.26614024791808e-07	68956004
402626	14	2.03028006089216e-07	68956004
402881	4	5.8008001739776e-08	68956004
403677	15	2.1753000652416e-07	68956004
403833	1	1.4502000434944e-08	68956004
404589	5	7.251000217472e-08	68956004
405416	27	3.91554011743488e-07	68956004
405534	1	1.4502000434944e-08	68956004
405948	2	2.9004000869888e-08	68956004
405955	16	2.32032006959104e-07	68956004
406425	1	1.4502000434944e-08	68956004
406817	3	4.3506001304832e-08	68956004
406818	1	1.4502000434944e-08	68956004
407976	3	4.3506001304832e-08	68956004
410358	1	1.4502000434944e-08	68956004
410359	1	1.4502000434944e-08	68956004
411154	2	2.9004000869888e-08	68956004
412022	4	5.8008001739776e-08	68956004
412694	9	1.30518003914496e-07	68956004
413949	1	1.4502000434944e-08	68956004
413999	1	1.4502000434944e-08	68956004
414684	2	2.9004000869888e-08	68956004
416870	41	5.94582017832704e-07	68956004
418127	38	5.51076016527872e-07	68956004
419610	5	7.251000217472e-08	68956004
420246	4	5.8008001739776e-08	68956004
420247	16	2.32032006959104e-07	68956004
420662	48	6.96096020877312e-07	68956004
420889	28	4.06056012178432e-07	68956004
420890	8	1.16016003479552e-07	68956004
423211	1	1.4502000434944e-08	68956004
423368	8	1.16016003479552e-07	68956004
423536	7	1.01514003044608e-07	68956004
424182	2	2.9004000869888e-08	68956004
425011	4	5.8008001739776e-08	68956004
426114	6	8.7012002609664e-08	68956004
426117	5	7.251000217472e-08	68956004
426355	9	1.30518003914496e-07	68956004
426430	2	2.9004000869888e-08	68956004
428406	4	5.8008001739776e-08	68956004
429009	5	7.251000217472e-08	68956004
431895	1	1.4502000434944e-08	68956004
431943	2	2.9004000869888e-08	68956004
434131	1	1.4502000434944e-08	68956004
435258	1	1.4502000434944e-08	68956004
435590	429	6.22135818659097e-06	68956004
435591	46	6.67092020007424e-07	68956004
436717	4	5.8008001739776e-08	68956004
438753	4	5.8008001739776e-08	68956004
439292	1	1.4502000434944e-08	68956004
439375	4	5.8008001739776e-08	68956004
439843	10	1.4502000434944e-07	68956004
439855	5	7.251000217472e-08	68956004
440085	2	2.9004000869888e-08	68956004
441375	7	1.01514003044608e-07	68956004
441620	4	5.8008001739776e-08	68956004
441768	12	1.74024005219328e-07	68956004
442563	2	2.9004000869888e-08	68956004
443906	6	8.7012002609664e-08	68956004
444177	6	8.7012002609664e-08	68956004
444179	3	4.3506001304832e-08	68956004
445932	1	1.4502000434944e-08	68956004
446462	4	5.8008001739776e-08	68956004
446466	4	5.8008001739776e-08	68956004
446468	2	2.9004000869888e-08	68956004
446469	2	2.9004000869888e-08	68956004
446471	2	2.9004000869888e-08	68956004
447217	1	1.4502000434944e-08	68956004
448385	6	8.7012002609664e-08	68956004
449447	2	2.9004000869888e-08	68956004
450851	4	5.8008001739776e-08	68956004
452637	1	1.4502000434944e-08	68956004
452638	2	2.9004000869888e-08	68956004
452652	4	5.8008001739776e-08	68956004
452662	3	4.3506001304832e-08	68956004
454169	9	1.30518003914496e-07	68956004
455488	1	1.4502000434944e-08	68956004
455632	1	1.4502000434944e-08	68956004
456481	6	8.7012002609664e-08	68956004
458233	3	4.3506001304832e-08	68956004
458817	1	1.4502000434944e-08	68956004
459349	30	4.3506001304832e-07	68956004
459424	1	1.4502000434944e-08	68956004
460265	6	8.7012002609664e-08	68956004
465515	6	8.7012002609664e-08	68956004
467705	368	5.33673616005939e-06	68956004
469371	1	1.4502000434944e-08	68956004
469378	1	1.4502000434944e-08	68956004
469383	2	2.9004000869888e-08	68956004
469607	2	2.9004000869888e-08	68956004
470137	1	1.4502000434944e-08	68956004
471223	1	1.4502000434944e-08	68956004
471852	2	2.9004000869888e-08	68956004
471853	2	2.9004000869888e-08	68956004
471854	3	4.3506001304832e-08	68956004
471855	2	2.9004000869888e-08	68956004
471876	669	9.70183829097753e-06	68956004
472759	2	2.9004000869888e-08	68956004
474186	4	5.8008001739776e-08	68956004
477641	2	2.9004000869888e-08	68956004
478801	2	2.9004000869888e-08	68956004
479431	19	2.75538008263936e-07	68956004
479432	8	1.16016003479552e-07	68956004
479433	3	4.3506001304832e-08	68956004
479435	2	2.9004000869888e-08	68956004
479436	4	5.8008001739776e-08	68956004
479437	4	5.8008001739776e-08	68956004
480119	21	3.04542009133824e-07	68956004
481805	32	4.64064013918208e-07	68956004
481877	1	1.4502000434944e-08	68956004
482957	1	1.4502000434944e-08	68956004
483179	1	1.4502000434944e-08	68956004
484020	5	7.251000217472e-08	68956004
484021	6	8.7012002609664e-08	68956004
485917	5	7.251000217472e-08	68956004
485918	1	1.4502000434944e-08	68956004
486410	1769	2.56540387694159e-05	68956004
487213	99	1.43569804305946e-06	68956004
487214	103	1.49370604479923e-06	68956004
487215	131	1.89976205697766e-06	68956004
488221	6	8.7012002609664e-08	68956004
488222	31	4.49562013483264e-07	68956004
488223	13	1.88526005654272e-07	68956004
488538	1	1.4502000434944e-08	68956004
489653	7	1.01514003044608e-07	68956004
491077	2	2.9004000869888e-08	68956004
491915	5	7.251000217472e-08	68956004
491916	2	2.9004000869888e-08	68956004
497978	11	1.59522004784384e-07	68956004
498211	7	1.01514003044608e-07	68956004
498216	2	2.9004000869888e-08	68956004
498761	4	5.8008001739776e-08	68956004
502025	1	1.4502000434944e-08	68956004
502558	1	1.4502000434944e-08	68956004
502800	1	1.4502000434944e-08	68956004
504474	2	2.9004000869888e-08	68956004
504728	18	2.61036007828992e-07	68956004
504832	5	7.251000217472e-08	68956004
505682	44638	0.00064734029541503	68956004
507522	2	2.9004000869888e-08	68956004
508767	2	2.9004000869888e-08	68956004
508771	2	2.9004000869888e-08	68956004
509169	13	1.88526005654272e-07	68956004
509170	15	2.1753000652416e-07	68956004
509173	61	8.84622026531584e-07	68956004
509190	5	7.251000217472e-08	68956004
510516	1	1.4502000434944e-08	68956004
511437	1	1.4502000434944e-08	68956004
511691	99	1.43569804305946e-06	68956004
512565	1	1.4502000434944e-08	68956004
512566	90	1.30518003914496e-06	68956004
515619	164	2.37832807133082e-06	68956004
515620	59	8.55618025661696e-07	68956004
515635	1	1.4502000434944e-08	68956004
516950	1383	2.00562666015275e-05	68956004
518766	1	1.4502000434944e-08	68956004
521045	1	1.4502000434944e-08	68956004
521095	1	1.4502000434944e-08	68956004
521096	1	1.4502000434944e-08	68956004
521097	3	4.3506001304832e-08	68956004
521098	1	1.4502000434944e-08	68956004
522306	14	2.03028006089216e-07	68956004
522373	5	7.251000217472e-08	68956004
523796	1	1.4502000434944e-08	68956004
525284	1	1.4502000434944e-08	68956004
525381	83	1.20366603610035e-06	68956004
525904	4	5.8008001739776e-08	68956004
525919	833	1.20801663623084e-05	68956004
526222	1	1.4502000434944e-08	68956004
526226	3	4.3506001304832e-08	68956004
526227	13	1.88526005654272e-07	68956004
530564	2	2.9004000869888e-08	68956004
531844	10	1.4502000434944e-07	68956004
535289	70	1.01514003044608e-06	68956004
536019	1	1.4502000434944e-08	68956004
536056	2	2.9004000869888e-08	68956004
537457	2	2.9004000869888e-08	68956004
543728	55	7.9761002392192e-07	68956004
543734	4	5.8008001739776e-08	68956004
543891	8	1.16016003479552e-07	68956004
543913	8	1.16016003479552e-07	68956004
544556	1	1.4502000434944e-08	68956004
546269	101	1.46470204392934e-06	68956004
546342	2	2.9004000869888e-08	68956004
546414	1	1.4502000434944e-08	68956004
548473	3	4.3506001304832e-08	68956004
548476	2	2.9004000869888e-08	68956004
550542	1	1.4502000434944e-08	68956004
552526	219	3.17593809525274e-06	68956004
552536	2	2.9004000869888e-08	68956004
553174	6	8.7012002609664e-08	68956004
553190	3	4.3506001304832e-08	68956004
553199	160	2.32032006959104e-06	68956004
553482	77	1.11665403349069e-06	68956004
556484	3	4.3506001304832e-08	68956004
557433	6	8.7012002609664e-08	68956004
557436	10	1.4502000434944e-07	68956004
557598	6	8.7012002609664e-08	68956004
557600	9	1.30518003914496e-07	68956004
557722	6	8.7012002609664e-08	68956004
557760	1	1.4502000434944e-08	68956004
559292	25	3.625500108736e-07	68956004
559295	3	4.3506001304832e-08	68956004
559307	2	2.9004000869888e-08	68956004
561276	583	8.45466625357235e-06	68956004
562970	2	2.9004000869888e-08	68956004
563174	2	2.9004000869888e-08	68956004
565034	2	2.9004000869888e-08	68956004
565040	27	3.91554011743488e-07	68956004
565042	11	1.59522004784384e-07	68956004
565050	6	8.7012002609664e-08	68956004
565575	16675	0.000241820857252691	68956004
565655	6	8.7012002609664e-08	68956004
568206	3	4.3506001304832e-08	68956004
568703	2	2.9004000869888e-08	68956004
568706	1	1.4502000434944e-08	68956004
568707	1	1.4502000434944e-08	68956004
568813	5	7.251000217472e-08	68956004
568814	36	5.22072015657984e-07	68956004
568816	1	1.4502000434944e-08	68956004
568819	1	1.4502000434944e-08	68956004
571800	55	7.9761002392192e-07	68956004
572265	1	1.4502000434944e-08	68956004
572480	2	2.9004000869888e-08	68956004
573062	13	1.88526005654272e-07	68956004
573065	1	1.4502000434944e-08	68956004
573729	4	5.8008001739776e-08	68956004
574087	3	4.3506001304832e-08	68956004
574093	675	9.7888502935872e-06	68956004
574521	3	4.3506001304832e-08	68956004
574556	1	1.4502000434944e-08	68956004
575540	3	4.3506001304832e-08	68956004
575614	1	1.4502000434944e-08	68956004
578455	6	8.7012002609664e-08	68956004
579138	1	1.4502000434944e-08	68956004
580327	1	1.4502000434944e-08	68956004
580332	4	5.8008001739776e-08	68956004
582899	1	1.4502000434944e-08	68956004
583345	7	1.01514003044608e-07	68956004
583346	1	1.4502000434944e-08	68956004
585035	2	2.9004000869888e-08	68956004
585054	2	2.9004000869888e-08	68956004
585055	2	2.9004000869888e-08	68956004
585057	1	1.4502000434944e-08	68956004
585394	74	1.07314803218586e-06	68956004
585395	2	2.9004000869888e-08	68956004
585396	10	1.4502000434944e-07	68956004
589865	2	2.9004000869888e-08	68956004
590998	1	1.4502000434944e-08	68956004
591167	2	2.9004000869888e-08	68956004
591365	62	8.99124026966528e-07	68956004
592029	1	1.4502000434944e-08	68956004
593588	2	2.9004000869888e-08	68956004
593907	1	1.4502000434944e-08	68956004
595494	6	8.7012002609664e-08	68956004
595495	1	1.4502000434944e-08	68956004
595496	1	1.4502000434944e-08	68956004
595528	2	2.9004000869888e-08	68956004
595537	46	6.67092020007424e-07	68956004
596153	57	8.26614024791808e-07	68956004
596154	45	6.5259001957248e-07	68956004
600809	1	1.4502000434944e-08	68956004
604162	1	1.4502000434944e-08	68956004
610130	9	1.30518003914496e-07	68956004
617121	1107	1.6053714481483e-05	68956004
622759	1	1.4502000434944e-08	68956004
626418	2	2.9004000869888e-08	68956004
627192	4	5.8008001739776e-08	68956004
630588	2	2.9004000869888e-08	68956004
630626	1	1.4502000434944e-08	68956004
632292	3	4.3506001304832e-08	68956004
632772	5	7.251000217472e-08	68956004
633147	1	1.4502000434944e-08	68956004
633149	6	8.7012002609664e-08	68956004
633699	1	1.4502000434944e-08	68956004
634177	1	1.4502000434944e-08	68956004
634499	3	4.3506001304832e-08	68956004
634956	1	1.4502000434944e-08	68956004
637379	8	1.16016003479552e-07	68956004
637387	2	2.9004000869888e-08	68956004
637887	1	1.4502000434944e-08	68956004
637909	70	1.01514003044608e-06	68956004
637910	1	1.4502000434944e-08	68956004
639283	4	5.8008001739776e-08	68956004
640081	11	1.59522004784384e-07	68956004
640131	2	2.9004000869888e-08	68956004
640132	2	2.9004000869888e-08	68956004
640510	1	1.4502000434944e-08	68956004
640511	1	1.4502000434944e-08	68956004
640512	2	2.9004000869888e-08	68956004
640513	1	1.4502000434944e-08	68956004
642492	2	2.9004000869888e-08	68956004
643561	25	3.625500108736e-07	68956004
643562	1	1.4502000434944e-08	68956004
643867	1	1.4502000434944e-08	68956004
644042	2	2.9004000869888e-08	68956004
644283	1	1.4502000434944e-08	68956004
644284	3	4.3506001304832e-08	68956004
644651	1	1.4502000434944e-08	68956004
644801	1	1.4502000434944e-08	68956004
644966	1	1.4502000434944e-08	68956004
645127	2	2.9004000869888e-08	68956004
645462	3	4.3506001304832e-08	68956004
645463	9	1.30518003914496e-07	68956004
645464	1	1.4502000434944e-08	68956004
645657	1	1.4502000434944e-08	68956004
646413	1	1.4502000434944e-08	68956004
646529	4	5.8008001739776e-08	68956004
648757	1	1.4502000434944e-08	68956004
648999	3	4.3506001304832e-08	68956004
649349	1	1.4502000434944e-08	68956004
649639	1	1.4502000434944e-08	68956004
649831	2	2.9004000869888e-08	68956004
650150	4	5.8008001739776e-08	68956004
652103	9	1.30518003914496e-07	68956004
653045	2	2.9004000869888e-08	68956004
653938	1	1.4502000434944e-08	68956004
655815	1	1.4502000434944e-08	68956004
657308	5	7.251000217472e-08	68956004
657309	80	1.16016003479552e-06	68956004
657313	82	1.18916403566541e-06	68956004
657314	63	9.13626027401472e-07	68956004
657315	56	8.12112024356864e-07	68956004
657316	25	3.625500108736e-07	68956004
657317	109	1.5807180474089e-06	68956004
657318	117	1.69673405088845e-06	68956004
657319	22	3.19044009568768e-07	68956004
657321	83	1.20366603610035e-06	68956004
657322	89	1.29067803871002e-06	68956004
657323	108	1.56621604697395e-06	68956004
657324	1	1.4502000434944e-08	68956004
661367	6	8.7012002609664e-08	68956004
661410	1	1.4502000434944e-08	68956004
662755	1	1.4502000434944e-08	68956004
663278	3	4.3506001304832e-08	68956004
663918	2	2.9004000869888e-08	68956004
663954	716	1.03834323114199e-05	68956004
665571	2	2.9004000869888e-08	68956004
666681	9	1.30518003914496e-07	68956004
666685	4	5.8008001739776e-08	68956004
666686	2	2.9004000869888e-08	68956004
667015	11	1.59522004784384e-07	68956004
675635	3	4.3506001304832e-08	68956004
679935	9	1.30518003914496e-07	68956004
680198	1	1.4502000434944e-08	68956004
680646	5	7.251000217472e-08	68956004
684738	23	3.33546010003712e-07	68956004
685038	1	1.4502000434944e-08	68956004
685727	4	5.8008001739776e-08	68956004
688245	22	3.19044009568768e-07	68956004
688270	3	4.3506001304832e-08	68956004
690566	3	4.3506001304832e-08	68956004
691437	2	2.9004000869888e-08	68956004
692420	1	1.4502000434944e-08	68956004
693216	1	1.4502000434944e-08	68956004
693444	1	1.4502000434944e-08	68956004
693746	2	2.9004000869888e-08	68956004
693970	1	1.4502000434944e-08	68956004
693973	1	1.4502000434944e-08	68956004
693974	3	4.3506001304832e-08	68956004
693978	8	1.16016003479552e-07	68956004
693979	4	5.8008001739776e-08	68956004
694427	7	1.01514003044608e-07	68956004
696216	124	1.79824805393306e-06	68956004
696281	2	2.9004000869888e-08	68956004
696749	2	2.9004000869888e-08	68956004
697281	10	1.4502000434944e-07	68956004
697283	16	2.32032006959104e-07	68956004
697303	1	1.4502000434944e-08	68956004
697329	6	8.7012002609664e-08	68956004
698737	3	4.3506001304832e-08	68956004
698761	1	1.4502000434944e-08	68956004
698948	2	2.9004000869888e-08	68956004
698965	1	1.4502000434944e-08	68956004
699032	69	1.00063803001114e-06	68956004
699033	55	7.9761002392192e-07	68956004
699037	3	4.3506001304832e-08	68956004
699246	12	1.74024005219328e-07	68956004
700508	1	1.4502000434944e-08	68956004
700598	3	4.3506001304832e-08	68956004
701521	1	1.4502000434944e-08	68956004
702113	5	7.251000217472e-08	68956004
702459	2	2.9004000869888e-08	68956004
706191	1	1.4502000434944e-08	68956004
706587	1	1.4502000434944e-08	68956004
707241	2	2.9004000869888e-08	68956004
708616	107	1.55171404653901e-06	68956004
709991	16	2.32032006959104e-07	68956004
710127	27	3.91554011743488e-07	68956004
710128	21	3.04542009133824e-07	68956004
710421	1	1.4502000434944e-08	68956004
710696	2	2.9004000869888e-08	68956004
712938	2	2.9004000869888e-08	68956004
712961	1	1.4502000434944e-08	68956004
714313	6	8.7012002609664e-08	68956004
715451	3	4.3506001304832e-08	68956004
716541	11	1.59522004784384e-07	68956004
716544	2	2.9004000869888e-08	68956004
717608	14	2.03028006089216e-07	68956004
717959	20	2.9004000869888e-07	68956004
717960	18	2.61036007828992e-07	68956004
717961	13	1.88526005654272e-07	68956004
717962	61	8.84622026531584e-07	68956004
718252	71	1.02964203088102e-06	68956004
718254	2	2.9004000869888e-08	68956004
718255	68	9.86136029576192e-07	68956004
720554	3	4.3506001304832e-08	68956004
722911	4	5.8008001739776e-08	68956004
741091	5	7.251000217472e-08	68956004
742013	59	8.55618025661696e-07	68956004
743525	137	1.98677405958733e-06	68956004
743718	2	2.9004000869888e-08	68956004
743720	9	1.30518003914496e-07	68956004
743721	3	4.3506001304832e-08	68956004
745310	3	4.3506001304832e-08	68956004
746361	11	1.59522004784384e-07	68956004
748247	5	7.251000217472e-08	68956004
748280	9	1.30518003914496e-07	68956004
748449	4	5.8008001739776e-08	68956004
748727	3	4.3506001304832e-08	68956004
749219	2	2.9004000869888e-08	68956004
749414	2	2.9004000869888e-08	68956004
749927	2	2.9004000869888e-08	68956004
751585	24	3.48048010438656e-07	68956004
751945	5	7.251000217472e-08	68956004
754035	1	1.4502000434944e-08	68956004
754252	1	1.4502000434944e-08	68956004
754476	2	2.9004000869888e-08	68956004
754477	2	2.9004000869888e-08	68956004
755178	2	2.9004000869888e-08	68956004
755732	10	1.4502000434944e-07	68956004
757424	18	2.61036007828992e-07	68956004
757425	1	1.4502000434944e-08	68956004
758793	1	1.4502000434944e-08	68956004
759350	13	1.88526005654272e-07	68956004
759913	288	4.17657612526387e-06	68956004
760192	3	4.3506001304832e-08	68956004
760568	6	8.7012002609664e-08	68956004
760570	20	2.9004000869888e-07	68956004
761193	1	1.4502000434944e-08	68956004
762376	13	1.88526005654272e-07	68956004
762550	4	5.8008001739776e-08	68956004
762633	28	4.06056012178432e-07	68956004
762903	2	2.9004000869888e-08	68956004
765698	1	1.4502000434944e-08	68956004
765912	1	1.4502000434944e-08	68956004
767029	2	2.9004000869888e-08	68956004
767031	1	1.4502000434944e-08	68956004
767434	3	4.3506001304832e-08	68956004
767453	1	1.4502000434944e-08	68956004
767463	251	3.64000210917094e-06	68956004
767468	1	1.4502000434944e-08	68956004
768066	1	1.4502000434944e-08	68956004
768486	7	1.01514003044608e-07	68956004
768490	1	1.4502000434944e-08	68956004
768492	1	1.4502000434944e-08	68956004
768670	1	1.4502000434944e-08	68956004
795359	1	1.4502000434944e-08	68956004
798128	14	2.03028006089216e-07	68956004
798300	243	3.52398610569139e-06	68956004
858215	1	1.4502000434944e-08	68956004
859194	1	1.4502000434944e-08	68956004
859653	1	1.4502000434944e-08	68956004
859654	1	1.4502000434944e-08	68956004
859655	6	8.7012002609664e-08	68956004
859656	4	5.8008001739776e-08	68956004
859657	5	7.251000217472e-08	68956004
860228	1	1.4502000434944e-08	68956004
861360	10	1.4502000434944e-07	68956004
862259	2	2.9004000869888e-08	68956004
862719	1	1.4502000434944e-08	68956004
862751	1	1.4502000434944e-08	68956004
862962	23	3.33546010003712e-07	68956004
862966	52	7.54104022617088e-07	68956004
862967	65	9.4263002827136e-07	68956004
862968	9	1.30518003914496e-07	68956004
862969	47	6.81594020442368e-07	68956004
862970	67	9.71634029141248e-07	68956004
862971	240	3.48048010438656e-06	68956004
865867	1	1.4502000434944e-08	68956004
866536	4	5.8008001739776e-08	68956004
866629	1	1.4502000434944e-08	68956004
866768	11	1.59522004784384e-07	68956004
866775	521	7.55554222660582e-06	68956004
866777	1	1.4502000434944e-08	68956004
866895	4	5.8008001739776e-08	68956004
867900	6	8.7012002609664e-08	68956004
867902	2	2.9004000869888e-08	68956004
868131	1	1.4502000434944e-08	68956004
868132	1	1.4502000434944e-08	68956004
868597	1	1.4502000434944e-08	68956004
869209	2	2.9004000869888e-08	68956004
869210	2	2.9004000869888e-08	68956004
869211	1	1.4502000434944e-08	68956004
869216	2	2.9004000869888e-08	68956004
869269	1	1.4502000434944e-08	68956004
869303	1	1.4502000434944e-08	68956004
869309	103	1.49370604479923e-06	68956004
869729	1	1.4502000434944e-08	68956004
871585	4	5.8008001739776e-08	68956004
871963	1	1.4502000434944e-08	68956004
872331	1	1.4502000434944e-08	68956004
875328	1	1.4502000434944e-08	68956004
879243	2	2.9004000869888e-08	68956004
880071	1	1.4502000434944e-08	68956004
880072	1	1.4502000434944e-08	68956004
880447	1	1.4502000434944e-08	68956004
880591	1	1.4502000434944e-08	68956004
880633	1	1.4502000434944e-08	68956004
880758	5	7.251000217472e-08	68956004
881621	1	1.4502000434944e-08	68956004
882378	1	1.4502000434944e-08	68956004
883062	3	4.3506001304832e-08	68956004
884204	1	1.4502000434944e-08	68956004
886293	3	4.3506001304832e-08	68956004
889738	7	1.01514003044608e-07	68956004
889932	2	2.9004000869888e-08	68956004
890402	19	2.75538008263936e-07	68956004
903814	2	2.9004000869888e-08	68956004
905079	7	1.01514003044608e-07	68956004
909420	1	1.4502000434944e-08	68956004
909952	5	7.251000217472e-08	68956004
909954	1	1.4502000434944e-08	68956004
910348	1	1.4502000434944e-08	68956004
914149	1	1.4502000434944e-08	68956004
926562	3	4.3506001304832e-08	68956004
926570	3	4.3506001304832e-08	68956004
927666	78	1.13115603392563e-06	68956004
929102	7	1.01514003044608e-07	68956004
929506	1	1.4502000434944e-08	68956004
929556	1	1.4502000434944e-08	68956004
929562	6	8.7012002609664e-08	68956004
930171	3	4.3506001304832e-08	68956004
930944	3	4.3506001304832e-08	68956004
931276	3	4.3506001304832e-08	68956004
931281	1	1.4502000434944e-08	68956004
931626	2	2.9004000869888e-08	68956004
931890	3	4.3506001304832e-08	68956004
932677	1	1.4502000434944e-08	68956004
933093	1	1.4502000434944e-08	68956004
935593	1	1.4502000434944e-08	68956004
935599	1	1.4502000434944e-08	68956004
935897	1	1.4502000434944e-08	68956004
936153	16	2.32032006959104e-07	68956004
936154	269	3.90103811699994e-06	68956004
937774	2	2.9004000869888e-08	68956004
937777	3	4.3506001304832e-08	68956004
940190	4	5.8008001739776e-08	68956004
941193	1	1.4502000434944e-08	68956004
941639	5	7.251000217472e-08	68956004
941640	7	1.01514003044608e-07	68956004
944546	11	1.59522004784384e-07	68956004
944547	12	1.74024005219328e-07	68956004
945021	2	2.9004000869888e-08	68956004
945556	2	2.9004000869888e-08	68956004
945704	1	1.4502000434944e-08	68956004
945711	1	1.4502000434944e-08	68956004
945712	2	2.9004000869888e-08	68956004
946362	2	2.9004000869888e-08	68956004
946483	4	5.8008001739776e-08	68956004
953739	4	5.8008001739776e-08	68956004
977880	6	8.7012002609664e-08	68956004
979556	7	1.01514003044608e-07	68956004
980514	1	1.4502000434944e-08	68956004
981222	1	1.4502000434944e-08	68956004
981539	6	8.7012002609664e-08	68956004
981540	24	3.48048010438656e-07	68956004
983544	3	4.3506001304832e-08	68956004
983548	1	1.4502000434944e-08	68956004
983917	31	4.49562013483264e-07	68956004
985002	1	1.4502000434944e-08	68956004
990315	9	1.30518003914496e-07	68956004
990316	8	1.16016003479552e-07	68956004
990317	52	7.54104022617088e-07	68956004
991905	5	7.251000217472e-08	68956004
992406	1	1.4502000434944e-08	68956004
994476	5	7.251000217472e-08	68956004
994484	11	1.59522004784384e-07	68956004
996285	7	1.01514003044608e-07	68956004
998088	8	1.16016003479552e-07	68956004
999541	6	8.7012002609664e-08	68956004
1001583	2	2.9004000869888e-08	68956004
1001585	14	2.03028006089216e-07	68956004
1002809	4	5.8008001739776e-08	68956004
1003195	1	1.4502000434944e-08	68956004
1004951	5	7.251000217472e-08	68956004
1004952	18	2.61036007828992e-07	68956004
1005041	8	1.16016003479552e-07	68956004
1005042	9	1.30518003914496e-07	68956004
1005048	14	2.03028006089216e-07	68956004
1006551	1	1.4502000434944e-08	68956004
1007064	15	2.1753000652416e-07	68956004
1008459	1	1.4502000434944e-08	68956004
1009464	1	1.4502000434944e-08	68956004
1009846	1	1.4502000434944e-08	68956004
1010840	98	1.42119604262451e-06	68956004
1028307	1	1.4502000434944e-08	68956004
1031709	7	1.01514003044608e-07	68956004
1031710	2	2.9004000869888e-08	68956004
1031711	1	1.4502000434944e-08	68956004
1032480	2	2.9004000869888e-08	68956004
1033837	3	4.3506001304832e-08	68956004
1034807	43	6.23586018702592e-07	68956004
1034809	2	2.9004000869888e-08	68956004
1034836	1	1.4502000434944e-08	68956004
1035817	11	1.59522004784384e-07	68956004
1036172	6	8.7012002609664e-08	68956004
1036672	1	1.4502000434944e-08	68956004
1036743	1	1.4502000434944e-08	68956004
1037409	9	1.30518003914496e-07	68956004
1037911	33	4.78566014353152e-07	68956004
1041826	8	1.16016003479552e-07	68956004
1042156	11	1.59522004784384e-07	68956004
1042876	3	4.3506001304832e-08	68956004
1042878	11	1.59522004784384e-07	68956004
1045855	3	4.3506001304832e-08	68956004
1045856	2	2.9004000869888e-08	68956004
1045858	1	1.4502000434944e-08	68956004
1046624	8	1.16016003479552e-07	68956004
1046629	205	2.97291008916352e-06	68956004
1048332	185	2.68287008046464e-06	68956004
1048834	2	2.9004000869888e-08	68956004
1049565	2	2.9004000869888e-08	68956004
1051072	33	4.78566014353152e-07	68956004
1051074	240	3.48048010438656e-06	68956004
1052588	2	2.9004000869888e-08	68956004
1054460	33	4.78566014353152e-07	68956004
1064535	5	7.251000217472e-08	68956004
1064539	2	2.9004000869888e-08	68956004
1064592	2	2.9004000869888e-08	68956004
1069533	28	4.06056012178432e-07	68956004
1069534	1	1.4502000434944e-08	68956004
1071381	2	2.9004000869888e-08	68956004
1071382	1	1.4502000434944e-08	68956004
1071400	1	1.4502000434944e-08	68956004
1074889	2	2.9004000869888e-08	68956004
1074919	1	1.4502000434944e-08	68956004
1075089	4	5.8008001739776e-08	68956004
1076934	21	3.04542009133824e-07	68956004
1080228	1	1.4502000434944e-08	68956004
1081094	1	1.4502000434944e-08	68956004
1082931	2	2.9004000869888e-08	68956004
1089456	4	5.8008001739776e-08	68956004
1089553	1	1.4502000434944e-08	68956004
1090974	1	1.4502000434944e-08	68956004
1091045	70	1.01514003044608e-06	68956004
1091495	1	1.4502000434944e-08	68956004
1093141	5	7.251000217472e-08	68956004
1093787	1	1.4502000434944e-08	68956004
1094466	13	1.88526005654272e-07	68956004
1095774	1	1.4502000434944e-08	68956004
1096996	1	1.4502000434944e-08	68956004
1097668	4	5.8008001739776e-08	68956004
1097677	3	4.3506001304832e-08	68956004
1104320	1	1.4502000434944e-08	68956004
1104322	10	1.4502000434944e-07	68956004
1104325	1	1.4502000434944e-08	68956004
1104326	3	4.3506001304832e-08	68956004
1107880	2	2.9004000869888e-08	68956004
1111069	21	3.04542009133824e-07	68956004
1111676	6	8.7012002609664e-08	68956004
1111678	10	1.4502000434944e-07	68956004
1114965	12	1.74024005219328e-07	68956004
1114966	1	1.4502000434944e-08	68956004
1114967	14	2.03028006089216e-07	68956004
1114969	147	2.13179406393677e-06	68956004
1114970	8	1.16016003479552e-07	68956004
1116231	52	7.54104022617088e-07	68956004
1117647	2	2.9004000869888e-08	68956004
1117943	4	5.8008001739776e-08	68956004
1118963	5	7.251000217472e-08	68956004
1118964	1	1.4502000434944e-08	68956004
1121353	1	1.4502000434944e-08	68956004
1121362	2	2.9004000869888e-08	68956004
1121451	1	1.4502000434944e-08	68956004
1123519	2	2.9004000869888e-08	68956004
1123523	1	1.4502000434944e-08	68956004
1123863	1	1.4502000434944e-08	68956004
1124936	1	1.4502000434944e-08	68956004
1124983	7	1.01514003044608e-07	68956004
1125630	3	4.3506001304832e-08	68956004
1127134	1	1.4502000434944e-08	68956004
1128398	2	2.9004000869888e-08	68956004
1129369	1	1.4502000434944e-08	68956004
1130804	1	1.4502000434944e-08	68956004
1133849	2	2.9004000869888e-08	68956004
1133850	2	2.9004000869888e-08	68956004
1133853	1	1.4502000434944e-08	68956004
1134454	85	1.23267003697024e-06	68956004
1134456	2	2.9004000869888e-08	68956004
1136179	453	6.56940619702963e-06	68956004
1137651	2	2.9004000869888e-08	68956004
1138383	1	1.4502000434944e-08	68956004
1142394	1	1.4502000434944e-08	68956004
1144275	1	1.4502000434944e-08	68956004
1146883	3	4.3506001304832e-08	68956004
1147128	3	4.3506001304832e-08	68956004
1147129	2	2.9004000869888e-08	68956004
1150469	1	1.4502000434944e-08	68956004
1151116	4	5.8008001739776e-08	68956004
1155071	75	1.0876500326208e-06	68956004
1155766	9	1.30518003914496e-07	68956004
1156431	32	4.64064013918208e-07	68956004
1156433	37	5.36574016092928e-07	68956004
1157951	1	1.4502000434944e-08	68956004
1159200	6	8.7012002609664e-08	68956004
1159201	3	4.3506001304832e-08	68956004
1163399	4	5.8008001739776e-08	68956004
1163617	3	4.3506001304832e-08	68956004
1167629	1	1.4502000434944e-08	68956004
1167634	17	2.46534007394048e-07	68956004
1170318	8	1.16016003479552e-07	68956004
1170562	9	1.30518003914496e-07	68956004
1171373	1	1.4502000434944e-08	68956004
1171377	1	1.4502000434944e-08	68956004
1173022	1	1.4502000434944e-08	68956004
1173026	1	1.4502000434944e-08	68956004
1173064	1	1.4502000434944e-08	68956004
1179773	1	1.4502000434944e-08	68956004
1184253	1	1.4502000434944e-08	68956004
1184267	1	1.4502000434944e-08	68956004
1186051	7	1.01514003044608e-07	68956004
1187956	58	8.41116025226752e-07	68956004
1191061	5	7.251000217472e-08	68956004
1192196	3	4.3506001304832e-08	68956004
1193292	6	8.7012002609664e-08	68956004
1194526	1	1.4502000434944e-08	68956004
1195464	1	1.4502000434944e-08	68956004
1196325	6	8.7012002609664e-08	68956004
1196835	3	4.3506001304832e-08	68956004
1198114	6	8.7012002609664e-08	68956004
1198232	1	1.4502000434944e-08	68956004
1198627	4	5.8008001739776e-08	68956004
1198676	49	7.10598021312256e-07	68956004
1203460	2	2.9004000869888e-08	68956004
1203670	35661	0.000517155837510538	68956004
1204414	4	5.8008001739776e-08	68956004
1205910	2	2.9004000869888e-08	68956004
1206105	3	4.3506001304832e-08	68956004
1207075	9	1.30518003914496e-07	68956004
1207470	162	2.34932407046093e-06	68956004
1208658	2	2.9004000869888e-08	68956004
1208660	1	1.4502000434944e-08	68956004
1208920	1	1.4502000434944e-08	68956004
1208923	2	2.9004000869888e-08	68956004
1209989	3	4.3506001304832e-08	68956004
1211579	5	7.251000217472e-08	68956004
1211705	1	1.4502000434944e-08	68956004
1214101	4	5.8008001739776e-08	68956004
1214242	2	2.9004000869888e-08	68956004
1215088	5	7.251000217472e-08	68956004
1216976	10	1.4502000434944e-07	68956004
1217984	2	2.9004000869888e-08	68956004
1218175	1	1.4502000434944e-08	68956004
1219076	2	2.9004000869888e-08	68956004
1224163	1	1.4502000434944e-08	68956004
1229205	1	1.4502000434944e-08	68956004
1229512	1	1.4502000434944e-08	68956004
1229756	2	2.9004000869888e-08	68956004
1229758	1	1.4502000434944e-08	68956004
1231389	5227	7.58019562734523e-05	68956004
1232381	1	1.4502000434944e-08	68956004
1233873	1	1.4502000434944e-08	68956004
1234378	1	1.4502000434944e-08	68956004
1234679	4	5.8008001739776e-08	68956004
1235829	57	8.26614024791808e-07	68956004
1236689	1	1.4502000434944e-08	68956004
1236903	1	1.4502000434944e-08	68956004
1245469	7	1.01514003044608e-07	68956004
1245471	9	1.30518003914496e-07	68956004
1246301	42	6.09084018267648e-07	68956004
1246365	1	1.4502000434944e-08	68956004
1247189	685	9.93387029793664e-06	68956004
1249480	1	1.4502000434944e-08	68956004
1249634	1	1.4502000434944e-08	68956004
1249661	2	2.9004000869888e-08	68956004
1254432	2	2.9004000869888e-08	68956004
1254439	2	2.9004000869888e-08	68956004
1255043	1	1.4502000434944e-08	68956004
1262161	2	2.9004000869888e-08	68956004
1262456	3	4.3506001304832e-08	68956004
1265601	2	2.9004000869888e-08	68956004
1266844	1	1.4502000434944e-08	68956004
1266845	3	4.3506001304832e-08	68956004
1267754	1	1.4502000434944e-08	68956004
1271752	1	1.4502000434944e-08	68956004
1276220	2	2.9004000869888e-08	68956004
1276221	5	7.251000217472e-08	68956004
1276258	1	1.4502000434944e-08	68956004
1276282	2	2.9004000869888e-08	68956004
1276647	25	3.625500108736e-07	68956004
1278073	1	1.4502000434944e-08	68956004
1282356	20	2.9004000869888e-07	68956004
1283331	1	1.4502000434944e-08	68956004
1286170	1	1.4502000434944e-08	68956004
1288394	9	1.30518003914496e-07	68956004
1292033	2	2.9004000869888e-08	68956004
1294143	7	1.01514003044608e-07	68956004
1295826	4	5.8008001739776e-08	68956004
1298593	3	4.3506001304832e-08	68956004
1300150	7	1.01514003044608e-07	68956004
1300253	3	4.3506001304832e-08	68956004
1302863	56	8.12112024356864e-07	68956004
1303024	1	1.4502000434944e-08	68956004
1304892	1	1.4502000434944e-08	68956004
1305598	1	1.4502000434944e-08	68956004
1305849	2	2.9004000869888e-08	68956004
1309806	6985	0.000101296473038084	68956004
1309807	1467	2.12744346380628e-05	68956004
1310161	3	4.3506001304832e-08	68956004
1313172	2	2.9004000869888e-08	68956004
1318615	3890	5.64127816919321e-05	68956004
1318633	270	3.91554011743488e-06	68956004
1318635	2	2.9004000869888e-08	68956004
1328306	2	2.9004000869888e-08	68956004
1331671	6	8.7012002609664e-08	68956004
1334187	1	1.4502000434944e-08	68956004
1335307	1	1.4502000434944e-08	68956004
1336746	41	5.94582017832704e-07	68956004
1340495	7	1.01514003044608e-07	68956004
1340847	5	7.251000217472e-08	68956004
1341692	3	4.3506001304832e-08	68956004
1345695	3	4.3506001304832e-08	68956004
1345697	2	2.9004000869888e-08	68956004
1348662	1	1.4502000434944e-08	68956004
1358027	1	1.4502000434944e-08	68956004
1367477	1	1.4502000434944e-08	68956004
1379702	2	2.9004000869888e-08	68956004
1380774	4	5.8008001739776e-08	68956004
1380908	4	5.8008001739776e-08	68956004
1384484	1	1.4502000434944e-08	68956004
1389489	2	2.9004000869888e-08	68956004
1394889	1	1.4502000434944e-08	68956004
1399116	1	1.4502000434944e-08	68956004
1400867	2	2.9004000869888e-08	68956004
1406860	1	1.4502000434944e-08	68956004
1406864	3	4.3506001304832e-08	68956004
1408179	1	1.4502000434944e-08	68956004
1408206	3	4.3506001304832e-08	68956004
1408272	1	1.4502000434944e-08	68956004
1415630	35	5.0757001522304e-07	68956004
1416914	2	2.9004000869888e-08	68956004
1423144	2	2.9004000869888e-08	68956004
1427342	3	4.3506001304832e-08	68956004
1430440	2	2.9004000869888e-08	68956004
1435044	2	2.9004000869888e-08	68956004
1435058	1	1.4502000434944e-08	68956004
1436140	27	3.91554011743488e-07	68956004
