Tax.ID	Frequency	Proportion	Total
394	14	1.62818927825963e-07	85985089
882	3	3.48897702484206e-08	85985089
1140	2	2.32598468322804e-08	85985089
1148	9	1.04669310745262e-07	85985089
1511	19	2.20968544906664e-07	85985089
1639	3	3.48897702484206e-08	85985089
2762	10	1.16299234161402e-07	85985089
2769	5	5.81496170807011e-08	85985089
2771	1	1.16299234161402e-08	85985089
2787	4	4.65196936645608e-08	85985089
2788	1	1.16299234161402e-08	85985089
2829	7	8.14094639129815e-08	85985089
2839	53	6.16385941055431e-07	85985089
2850	65	7.55945022049114e-07	85985089
2880	5	5.81496170807011e-08	85985089
2885	1	1.16299234161402e-08	85985089
2898	5	5.81496170807011e-08	85985089
2903	2	2.32598468322804e-08	85985089
2986	1	1.16299234161402e-08	85985089
3037	2	2.32598468322804e-08	85985089
3040	1	1.16299234161402e-08	85985089
4770	6	6.97795404968413e-08	85985089
4950	13	1.51189004409823e-07	85985089
5061	2	2.32598468322804e-08	85985089
5145	7	8.14094639129815e-08	85985089
5518	17	1.97708698074384e-07	85985089
5661	6	6.97795404968413e-08	85985089
5749	2	2.32598468322804e-08	85985089
5762	1	1.16299234161402e-08	85985089
5786	7	8.14094639129815e-08	85985089
5851	32	3.72157549316487e-07	85985089
5872	3	3.48897702484206e-08	85985089
5885	8	9.30393873291217e-08	85985089
5889	1	1.16299234161402e-08	85985089
5901	7	8.14094639129815e-08	85985089
5905	6	6.97795404968413e-08	85985089
5907	8	9.30393873291217e-08	85985089
5908	8	9.30393873291217e-08	85985089
5911	25	2.90748085403505e-07	85985089
5932	11	1.27929157577542e-07	85985089
10280	4	4.65196936645608e-08	85985089
10678	1	1.16299234161402e-08	85985089
13035	2	2.32598468322804e-08	85985089
28072	2	2.32598468322804e-08	85985089
31271	2	2.32598468322804e-08	85985089
31532	2	2.32598468322804e-08	85985089
31964	40	4.65196936645608e-07	85985089
32049	1	1.16299234161402e-08	85985089
32051	4	4.65196936645608e-08	85985089
33653	1	1.16299234161402e-08	85985089
33657	1	1.16299234161402e-08	85985089
33658	1	1.16299234161402e-08	85985089
35128	78	9.07134026458936e-07	85985089
35241	1	1.16299234161402e-08	85985089
35345	1	1.16299234161402e-08	85985089
35688	2	2.32598468322804e-08	85985089
36329	2	2.32598468322804e-08	85985089
36809	5	5.81496170807011e-08	85985089
41431	4	4.65196936645608e-08	85985089
42746	2	2.32598468322804e-08	85985089
43925	7	8.14094639129815e-08	85985089
43926	3	3.48897702484206e-08	85985089
44056	5	5.81496170807011e-08	85985089
44058	2	2.32598468322804e-08	85985089
46234	3	3.48897702484206e-08	85985089
47573	1	1.16299234161402e-08	85985089
48483	2	2.32598468322804e-08	85985089
48942	1	1.16299234161402e-08	85985089
49266	6	6.97795404968413e-08	85985089
52970	9	1.04669310745262e-07	85985089
55529	15	1.74448851242103e-07	85985089
56107	5	5.81496170807011e-08	85985089
56110	1	1.16299234161402e-08	85985089
59748	2	2.32598468322804e-08	85985089
59922	3	3.48897702484206e-08	85985089
60480	2	2.32598468322804e-08	85985089
60481	44	5.11716630310169e-07	85985089
62928	87	1.0118033372042e-06	85985089
62977	64	7.44315098632973e-07	85985089
63118	1	1.16299234161402e-08	85985089
63186	7	8.14094639129815e-08	85985089
63737	6	6.97795404968413e-08	85985089
65071	10	1.16299234161402e-07	85985089
65093	2	2.32598468322804e-08	85985089
66692	5	5.81496170807011e-08	85985089
67593	2	2.32598468322804e-08	85985089
69328	33	3.83787472732627e-07	85985089
72520	5	5.81496170807011e-08	85985089
73025	1	1.16299234161402e-08	85985089
74547	2	2.32598468322804e-08	85985089
74557	2	2.32598468322804e-08	85985089
75379	42	4.88456783477889e-07	85985089
76114	29	3.37267779068066e-07	85985089
76869	37	4.30307166397188e-07	85985089
78245	56	6.51275711303852e-07	85985089
79929	2	2.32598468322804e-08	85985089
83129	1	1.16299234161402e-08	85985089
83406	5	5.81496170807011e-08	85985089
84588	1	1.16299234161402e-08	85985089
85569	1	1.16299234161402e-08	85985089
85643	74	8.60614332794376e-07	85985089
86416	12	1.39559080993683e-07	85985089
88149	7	8.14094639129815e-08	85985089
88150	1	1.16299234161402e-08	85985089
90936	1	1.16299234161402e-08	85985089
91891	1	1.16299234161402e-08	85985089
93061	1	1.16299234161402e-08	85985089
94122	35	4.07047319564907e-07	85985089
96561	2	2.32598468322804e-08	85985089
96563	40	4.65196936645608e-07	85985089
99287	7	8.14094639129815e-08	85985089
99598	2	2.32598468322804e-08	85985089
100226	21	2.44228391738944e-07	85985089
100901	2	2.32598468322804e-08	85985089
101510	77	8.95504103042796e-07	85985089
103690	4	4.65196936645608e-08	85985089
105559	3	3.48897702484206e-08	85985089
106370	4	4.65196936645608e-08	85985089
107806	1	1.16299234161402e-08	85985089
109269	1	1.16299234161402e-08	85985089
110662	1	1.16299234161402e-08	85985089
111780	2	2.32598468322804e-08	85985089
111781	2	2.32598468322804e-08	85985089
114615	49	5.6986624739087e-07	85985089
115713	1	1.16299234161402e-08	85985089
118163	2	2.32598468322804e-08	85985089
120807	13	1.51189004409823e-07	85985089
122586	1	1.16299234161402e-08	85985089
122587	6	6.97795404968413e-08	85985089
126793	4	4.65196936645608e-08	85985089
129356	1	1.16299234161402e-08	85985089
129358	2	2.32598468322804e-08	85985089
134287	2	2.32598468322804e-08	85985089
134676	13	1.51189004409823e-07	85985089
137722	17	1.97708698074384e-07	85985089
138677	1	1.16299234161402e-08	85985089
145522	2	2.32598468322804e-08	85985089
151534	1	1.16299234161402e-08	85985089
153948	16	1.86078774658243e-07	85985089
155864	8	9.30393873291217e-08	85985089
156889	5	5.81496170807011e-08	85985089
158189	26	3.02378008819645e-07	85985089
158190	3	3.48897702484206e-08	85985089
159087	58	6.74535558136132e-07	85985089
160488	26	3.02378008819645e-07	85985089
160490	2	2.32598468322804e-08	85985089
160491	1	1.16299234161402e-08	85985089
160492	1	1.16299234161402e-08	85985089
160619	88	1.02343326062034e-06	85985089
164037	6	6.97795404968413e-08	85985089
164328	7	8.14094639129815e-08	85985089
164756	29	3.37267779068066e-07	85985089
164757	2	2.32598468322804e-08	85985089
167555	1	1.16299234161402e-08	85985089
167879	4	4.65196936645608e-08	85985089
169683	1	1.16299234161402e-08	85985089
170187	4	4.65196936645608e-08	85985089
171101	20	2.32598468322804e-07	85985089
172667	1	1.16299234161402e-08	85985089
176279	106	1.23277188211086e-06	85985089
176280	110	1.27929157577542e-06	85985089
176299	9	1.04669310745262e-07	85985089
177437	1	1.16299234161402e-08	85985089
179408	62	7.21055251800693e-07	85985089
187272	20	2.32598468322804e-07	85985089
187303	8	9.30393873291217e-08	85985089
187420	1	1.16299234161402e-08	85985089
188937	1	1.16299234161402e-08	85985089
189423	2	2.32598468322804e-08	85985089
189918	11	1.27929157577542e-07	85985089
190304	13	1.51189004409823e-07	85985089
190485	72	8.37354485962095e-07	85985089
190486	20	2.32598468322804e-07	85985089
190650	40	4.65196936645608e-07	85985089
191026	1	1.16299234161402e-08	85985089
192952	17	1.97708698074384e-07	85985089
193567	1	1.16299234161402e-08	85985089
194439	1	1.16299234161402e-08	85985089
195102	3	3.48897702484206e-08	85985089
195103	34	3.95417396148767e-07	85985089
196162	38	4.41937089813328e-07	85985089
196164	150	1.74448851242103e-06	85985089
196600	2	2.32598468322804e-08	85985089
196620	2	2.32598468322804e-08	85985089
197221	2	2.32598468322804e-08	85985089
198214	1	1.16299234161402e-08	85985089
198215	4	4.65196936645608e-08	85985089
198466	1	1.16299234161402e-08	85985089
198628	1	1.16299234161402e-08	85985089
199310	7	8.14094639129815e-08	85985089
203119	27	3.14007932235786e-07	85985089
203120	3	3.48897702484206e-08	85985089
203123	5	5.81496170807011e-08	85985089
203124	6	6.97795404968413e-08	85985089
203267	3	3.48897702484206e-08	85985089
203275	33	3.83787472732627e-07	85985089
204536	4	4.65196936645608e-08	85985089
204669	1	1.16299234161402e-08	85985089
204773	99	1.15136241819788e-06	85985089
205913	205	2.38413430030874e-06	85985089
205914	16	1.86078774658243e-07	85985089
205918	55	6.39645787887712e-07	85985089
205922	111	1.29092149919156e-06	85985089
206672	15	1.74448851242103e-07	85985089
207559	10	1.16299234161402e-07	85985089
208435	3	3.48897702484206e-08	85985089
208596	18	2.09338621490524e-07	85985089
208963	39	4.53567013229468e-07	85985089
208964	62	7.21055251800693e-07	85985089
209261	2	2.32598468322804e-08	85985089
210007	5	5.81496170807011e-08	85985089
211586	3	3.48897702484206e-08	85985089
212717	3	3.48897702484206e-08	85985089
213775	1	1.16299234161402e-08	85985089
213810	21	2.44228391738944e-07	85985089
214092	7	8.14094639129815e-08	85985089
214684	22	2.55858315155085e-07	85985089
216389	1	1.16299234161402e-08	85985089
216432	22	2.55858315155085e-07	85985089
216591	9	1.04669310745262e-07	85985089
216592	3	3.48897702484206e-08	85985089
216594	2	2.32598468322804e-08	85985089
216595	469	5.45443408216976e-06	85985089
216596	34	3.95417396148767e-07	85985089
216597	1	1.16299234161402e-08	85985089
216599	2	2.32598468322804e-08	85985089
216895	3	3.48897702484206e-08	85985089
218491	1	1.16299234161402e-08	85985089
218496	3	3.48897702484206e-08	85985089
220341	1794	2.08640826085555e-05	85985089
220664	47	5.4660640055859e-07	85985089
221029	1	1.16299234161402e-08	85985089
221109	5	5.81496170807011e-08	85985089
221724	1	1.16299234161402e-08	85985089
221988	1	1.16299234161402e-08	85985089
222523	3	3.48897702484206e-08	85985089
222891	1	1.16299234161402e-08	85985089
223283	58	6.74535558136132e-07	85985089
224308	3	3.48897702484206e-08	85985089
224324	2	2.32598468322804e-08	85985089
224719	6	6.97795404968413e-08	85985089
224911	61	7.09425328384553e-07	85985089
224914	4	4.65196936645608e-08	85985089
225849	1	1.16299234161402e-08	85985089
225937	6	6.97795404968413e-08	85985089
226185	23	2.67488238571225e-07	85985089
226186	613	7.12914305409395e-06	85985089
227086	11	1.27929157577542e-07	85985089
227882	11	1.27929157577542e-07	85985089
227941	1	1.16299234161402e-08	85985089
228400	1	1.16299234161402e-08	85985089
228405	8	9.30393873291217e-08	85985089
228410	6	6.97795404968413e-08	85985089
229193	1	1.16299234161402e-08	85985089
229533	2	2.32598468322804e-08	85985089
231023	24	2.79118161987365e-07	85985089
232721	809	9.40860804365743e-06	85985089
233412	2	2.32598468322804e-08	85985089
234267	5	5.81496170807011e-08	85985089
234621	3309	3.8483416584008e-05	85985089
234831	6	6.97795404968413e-08	85985089
235909	8	9.30393873291217e-08	85985089
240015	1	1.16299234161402e-08	85985089
240292	3	3.48897702484206e-08	85985089
242507	3	3.48897702484206e-08	85985089
243159	1	1.16299234161402e-08	85985089
243164	1	1.16299234161402e-08	85985089
243230	6	6.97795404968413e-08	85985089
243231	1	1.16299234161402e-08	85985089
243233	6	6.97795404968413e-08	85985089
243243	13	1.51189004409823e-07	85985089
243272	3	3.48897702484206e-08	85985089
243274	1	1.16299234161402e-08	85985089
243275	2	2.32598468322804e-08	85985089
243276	2	2.32598468322804e-08	85985089
243277	1	1.16299234161402e-08	85985089
243365	36	4.18677242981048e-07	85985089
245014	198	2.30272483639576e-06	85985089
245018	508	5.90800109539923e-06	85985089
246194	2	2.32598468322804e-08	85985089
246195	4	4.65196936645608e-08	85985089
246196	22	2.55858315155085e-07	85985089
246197	13	1.51189004409823e-07	85985089
246198	10	1.16299234161402e-07	85985089
246200	8	9.30393873291217e-08	85985089
247156	6	6.97795404968413e-08	85985089
251221	2	2.32598468322804e-08	85985089
251229	7	8.14094639129815e-08	85985089
257310	41	4.76826860061749e-07	85985089
257311	6	6.97795404968413e-08	85985089
257313	22	2.55858315155085e-07	85985089
257314	3	3.48897702484206e-08	85985089
258594	15	1.74448851242103e-07	85985089
259536	310	3.60527625900347e-06	85985089
261292	132	1.53514989093051e-06	85985089
261658	4	4.65196936645608e-08	85985089
262316	4	4.65196936645608e-08	85985089
262543	8	9.30393873291217e-08	85985089
262724	36	4.18677242981048e-07	85985089
262727	1	1.16299234161402e-08	85985089
262728	2	2.32598468322804e-08	85985089
262768	3	3.48897702484206e-08	85985089
263358	8	9.30393873291217e-08	85985089
263820	2	2.32598468322804e-08	85985089
264198	35	4.07047319564907e-07	85985089
264199	11	1.27929157577542e-07	85985089
264201	8	9.30393873291217e-08	85985089
264203	4	4.65196936645608e-08	85985089
264462	3	3.48897702484206e-08	85985089
264730	38	4.41937089813328e-07	85985089
264731	6	6.97795404968413e-08	85985089
264732	1	1.16299234161402e-08	85985089
265072	14	1.62818927825963e-07	85985089
265311	1	1.16299234161402e-08	85985089
266117	2	2.32598468322804e-08	85985089
266264	75	8.72244256210516e-07	85985089
266265	10	1.16299234161402e-07	85985089
266779	35	4.07047319564907e-07	85985089
266834	10	1.16299234161402e-07	85985089
266835	14	1.62818927825963e-07	85985089
266940	15	1.74448851242103e-07	85985089
267608	66	7.67574945465254e-07	85985089
267671	1	1.16299234161402e-08	85985089
267747	57	6.62905634719992e-07	85985089
267748	1	1.16299234161402e-08	85985089
269084	2	2.32598468322804e-08	85985089
269482	27	3.14007932235786e-07	85985089
269796	1	1.16299234161402e-08	85985089
269797	3	3.48897702484206e-08	85985089
269798	63	7.32685175216833e-07	85985089
269799	1	1.16299234161402e-08	85985089
269800	6	6.97795404968413e-08	85985089
271848	3	3.48897702484206e-08	85985089
272123	5	5.81496170807011e-08	85985089
272558	1	1.16299234161402e-08	85985089
272559	96	1.11647264794946e-06	85985089
272560	1	1.16299234161402e-08	85985089
272562	2	2.32598468322804e-08	85985089
272563	61	7.09425328384553e-07	85985089
272564	6	6.97795404968413e-08	85985089
272568	10	1.16299234161402e-07	85985089
272620	72	8.37354485962095e-07	85985089
272621	5	5.81496170807011e-08	85985089
272622	75	8.72244256210516e-07	85985089
272623	92	1.0699529542849e-06	85985089
272624	6	6.97795404968413e-08	85985089
272626	4	4.65196936645608e-08	85985089
272630	30	3.48897702484206e-07	85985089
272631	1	1.16299234161402e-08	85985089
272831	22	2.55858315155085e-07	85985089
272843	1	1.16299234161402e-08	85985089
272942	9	1.04669310745262e-07	85985089
272943	4	4.65196936645608e-08	85985089
272947	2	2.32598468322804e-08	85985089
273119	2	2.32598468322804e-08	85985089
273121	2	2.32598468322804e-08	85985089
278137	10	1.16299234161402e-07	85985089
278197	20	2.32598468322804e-07	85985089
279010	1	1.16299234161402e-08	85985089
279238	33	3.83787472732627e-07	85985089
279808	16	1.86078774658243e-07	85985089
280463	17	1.97708698074384e-07	85985089
280699	10	1.16299234161402e-07	85985089
281090	16	1.86078774658243e-07	85985089
281309	1	1.16299234161402e-08	85985089
281310	6	6.97795404968413e-08	85985089
284591	4	4.65196936645608e-08	85985089
284592	21	2.44228391738944e-07	85985089
284593	4	4.65196936645608e-08	85985089
284811	2	2.32598468322804e-08	85985089
284812	21	2.44228391738944e-07	85985089
285951	2	2.32598468322804e-08	85985089
288000	47	5.4660640055859e-07	85985089
288705	8	9.30393873291217e-08	85985089
289380	4	4.65196936645608e-08	85985089
289397	2	2.32598468322804e-08	85985089
290315	1	1.16299234161402e-08	85985089
290317	2	2.32598468322804e-08	85985089
290318	3	3.48897702484206e-08	85985089
290338	4	4.65196936645608e-08	85985089
290339	18	2.09338621490524e-07	85985089
290340	51	5.93126094223151e-07	85985089
290397	2	2.32598468322804e-08	85985089
290398	4	4.65196936645608e-08	85985089
290399	29	3.37267779068066e-07	85985089
290400	3	3.48897702484206e-08	85985089
290402	44	5.11716630310169e-07	85985089
290512	1	1.16299234161402e-08	85985089
290633	2	2.32598468322804e-08	85985089
291331	12	1.39559080993683e-07	85985089
292414	2	2.32598468322804e-08	85985089
292415	22	2.55858315155085e-07	85985089
292459	11	1.27929157577542e-07	85985089
292563	1	1.16299234161402e-08	85985089
292564	4	4.65196936645608e-08	85985089
292805	1	1.16299234161402e-08	85985089
293614	1	1.16299234161402e-08	85985089
293826	7	8.14094639129815e-08	85985089
294381	1	1.16299234161402e-08	85985089
295405	338	3.93091411465539e-06	85985089
296543	68	7.90834792297534e-07	85985089
296591	443	5.15205607335011e-06	85985089
297245	1	1.16299234161402e-08	85985089
297246	2	2.32598468322804e-08	85985089
298386	1	1.16299234161402e-08	85985089
298653	5	5.81496170807011e-08	85985089
298654	15	1.74448851242103e-07	85985089
299768	9	1.04669310745262e-07	85985089
300267	3	3.48897702484206e-08	85985089
300268	2	2.32598468322804e-08	85985089
300269	4	4.65196936645608e-08	85985089
300852	26	3.02378008819645e-07	85985089
302409	1	1.16299234161402e-08	85985089
306263	1	1.16299234161402e-08	85985089
306537	10	1.16299234161402e-07	85985089
309798	2	2.32598468322804e-08	85985089
311402	7	8.14094639129815e-08	85985089
311403	4	4.65196936645608e-08	85985089
311424	1	1.16299234161402e-08	85985089
312153	41	4.76826860061749e-07	85985089
312309	3	3.48897702484206e-08	85985089
313595	8	9.30393873291217e-08	85985089
313596	3	3.48897702484206e-08	85985089
313598	18	2.09338621490524e-07	85985089
313603	8	9.30393873291217e-08	85985089
314225	11	1.27929157577542e-07	85985089
314260	2	2.32598468322804e-08	85985089
314282	4	4.65196936645608e-08	85985089
314315	9	1.04669310745262e-07	85985089
314565	53	6.16385941055431e-07	85985089
315456	1	1.16299234161402e-08	85985089
315730	4	4.65196936645608e-08	85985089
315749	5	5.81496170807011e-08	85985089
315750	7	8.14094639129815e-08	85985089
316055	42	4.88456783477889e-07	85985089
316056	21	2.44228391738944e-07	85985089
316057	18	2.09338621490524e-07	85985089
316058	23	2.67488238571225e-07	85985089
316067	6	6.97795404968413e-08	85985089
316273	2	2.32598468322804e-08	85985089
316275	2	2.32598468322804e-08	85985089
316278	4	4.65196936645608e-08	85985089
316385	36	4.18677242981048e-07	85985089
316401	2	2.32598468322804e-08	85985089
317025	7	8.14094639129815e-08	85985089
317655	40	4.65196936645608e-07	85985089
318161	1	1.16299234161402e-08	85985089
318167	53	6.16385941055431e-07	85985089
318586	30	3.48897702484206e-07	85985089
319224	3	3.48897702484206e-08	85985089
319225	2	2.32598468322804e-08	85985089
319795	15	1.74448851242103e-07	85985089
320373	3	3.48897702484206e-08	85985089
320388	14	1.62818927825963e-07	85985089
320483	1	1.16299234161402e-08	85985089
321314	1	1.16299234161402e-08	85985089
321327	6	6.97795404968413e-08	85985089
321332	6	6.97795404968413e-08	85985089
321956	9	1.04669310745262e-07	85985089
321967	18	2.09338621490524e-07	85985089
322098	1	1.16299234161402e-08	85985089
322104	2	2.32598468322804e-08	85985089
322159	194	2.2562051427312e-06	85985089
322710	31	3.60527625900346e-07	85985089
323097	20	2.32598468322804e-07	85985089
323098	14	1.62818927825963e-07	85985089
323259	13	1.51189004409823e-07	85985089
323261	3	3.48897702484206e-08	85985089
323848	3	3.48897702484206e-08	85985089
323850	1	1.16299234161402e-08	85985089
324057	1	1.16299234161402e-08	85985089
324831	16	1.86078774658243e-07	85985089
325240	12	1.39559080993683e-07	85985089
326297	6	6.97795404968413e-08	85985089
326298	13	1.51189004409823e-07	85985089
326423	5	5.81496170807011e-08	85985089
326424	24	2.79118161987365e-07	85985089
326425	10	1.16299234161402e-07	85985089
326426	5	5.81496170807011e-08	85985089
326427	2	2.32598468322804e-08	85985089
329726	7	8.14094639129815e-08	85985089
330214	10	1.16299234161402e-07	85985089
330879	5	5.81496170807011e-08	85985089
331104	1	1.16299234161402e-08	85985089
331111	105	1.22114195869472e-06	85985089
331112	46	5.3497647714245e-07	85985089
331113	2	2.32598468322804e-08	85985089
331271	52	6.04756017639291e-07	85985089
331272	14	1.62818927825963e-07	85985089
331678	1	1.16299234161402e-08	85985089
333146	1	1.16299234161402e-08	85985089
333849	11	1.27929157577542e-07	85985089
334390	5	5.81496170807011e-08	85985089
334406	1	1.16299234161402e-08	85985089
334413	7	8.14094639129815e-08	85985089
335283	26	3.02378008819645e-07	85985089
335284	452	5.25672538409537e-06	85985089
335541	6	6.97795404968413e-08	85985089
335543	4	4.65196936645608e-08	85985089
335659	56	6.51275711303852e-07	85985089
335992	1	1.16299234161402e-08	85985089
336982	1	1.16299234161402e-08	85985089
337191	16	1.86078774658243e-07	85985089
338966	10	1.16299234161402e-07	85985089
338969	214	2.488803611054e-06	85985089
339670	185	2.15153583198594e-06	85985089
339671	2	2.32598468322804e-08	85985089
340099	3	3.48897702484206e-08	85985089
340100	109	1.26766165235928e-06	85985089
340177	2	2.32598468322804e-08	85985089
340322	45	5.23346553726309e-07	85985089
342108	13	1.51189004409823e-07	85985089
342109	5	5.81496170807011e-08	85985089
342451	33	3.83787472732627e-07	85985089
342610	9	1.04669310745262e-07	85985089
343509	1	1.16299234161402e-08	85985089
344609	36	4.18677242981048e-07	85985089
345073	6	6.97795404968413e-08	85985089
345219	12	1.39559080993683e-07	85985089
347253	76	8.83874179626656e-07	85985089
347256	2	2.32598468322804e-08	85985089
347257	4	4.65196936645608e-08	85985089
347515	4	4.65196936645608e-08	85985089
347834	1	1.16299234161402e-08	85985089
349101	28	3.25637855651926e-07	85985089
349102	13	1.51189004409823e-07	85985089
349106	149	1.73285858900489e-06	85985089
349124	6	6.97795404968413e-08	85985089
349163	10	1.16299234161402e-07	85985089
349215	2	2.32598468322804e-08	85985089
349519	6	6.97795404968413e-08	85985089
349521	5	5.81496170807011e-08	85985089
349741	120	1.39559080993683e-06	85985089
349746	1	1.16299234161402e-08	85985089
349747	5	5.81496170807011e-08	85985089
350054	17	1.97708698074384e-07	85985089
350058	8	9.30393873291217e-08	85985089
350688	3	3.48897702484206e-08	85985089
351348	33	3.83787472732627e-07	85985089
351605	5	5.81496170807011e-08	85985089
351607	5	5.81496170807011e-08	85985089
351627	4	4.65196936645608e-08	85985089
351745	18	2.09338621490524e-07	85985089
351746	36	4.18677242981048e-07	85985089
352472	1	1.16299234161402e-08	85985089
352914	9	1.04669310745262e-07	85985089
353151	17	1.97708698074384e-07	85985089
353152	10	1.16299234161402e-07	85985089
353153	15	1.74448851242103e-07	85985089
353154	1	1.16299234161402e-08	85985089
354242	25	2.90748085403505e-07	85985089
355276	8	9.30393873291217e-08	85985089
355277	6	6.97795404968413e-08	85985089
355278	2	2.32598468322804e-08	85985089
357244	4	4.65196936645608e-08	85985089
357348	10	1.16299234161402e-07	85985089
357544	3	3.48897702484206e-08	85985089
357804	13	1.51189004409823e-07	85985089
357809	64	7.44315098632973e-07	85985089
358220	689	8.0130172337206e-06	85985089
358681	11	1.27929157577542e-07	85985089
359786	36	4.18677242981048e-07	85985089
359787	11	1.27929157577542e-07	85985089
360094	19	2.20968544906664e-07	85985089
360095	3	3.48897702484206e-08	85985089
360102	49	5.6986624739087e-07	85985089
360104	1	1.16299234161402e-08	85985089
360106	3	3.48897702484206e-08	85985089
360107	2	2.32598468322804e-08	85985089
360109	6	6.97795404968413e-08	85985089
360115	1	1.16299234161402e-08	85985089
360910	21	2.44228391738944e-07	85985089
360911	4	4.65196936645608e-08	85985089
362242	1	1.16299234161402e-08	85985089
362663	91	1.05832303086876e-06	85985089
362948	10	1.16299234161402e-07	85985089
363253	2	2.32598468322804e-08	85985089
364106	1	1.16299234161402e-08	85985089
364745	1	1.16299234161402e-08	85985089
365044	1506	1.75146646647072e-05	85985089
365046	216	2.51206345788629e-06	85985089
365659	47	5.4660640055859e-07	85985089
366394	14	1.62818927825963e-07	85985089
366602	39	4.53567013229468e-07	85985089
367737	123	1.43048058018525e-06	85985089
367775	29	3.37267779068066e-07	85985089
367928	265	3.08192970527716e-06	85985089
368407	4	4.65196936645608e-08	85985089
369723	10	1.16299234161402e-07	85985089
370354	6	6.97795404968413e-08	85985089
370438	3	3.48897702484206e-08	85985089
370553	8	9.30393873291217e-08	85985089
370554	1	1.16299234161402e-08	85985089
372461	1	1.16299234161402e-08	85985089
373153	46	5.3497647714245e-07	85985089
373384	112	1.3025514226077e-06	85985089
373903	8	9.30393873291217e-08	85985089
373994	3	3.48897702484206e-08	85985089
374930	5	5.81496170807011e-08	85985089
374931	6	6.97795404968413e-08	85985089
375286	47	5.4660640055859e-07	85985089
375451	4	4.65196936645608e-08	85985089
376686	664	7.7222691483171e-06	85985089
376758	6	6.97795404968413e-08	85985089
377628	11	1.27929157577542e-07	85985089
377629	8	9.30393873291217e-08	85985089
378753	10	1.16299234161402e-07	85985089
378806	8	9.30393873291217e-08	85985089
379066	5	5.81496170807011e-08	85985089
379329	1	1.16299234161402e-08	85985089
379731	93	1.08158287770104e-06	85985089
380358	5	5.81496170807011e-08	85985089
380394	8	9.30393873291217e-08	85985089
380703	105	1.22114195869472e-06	85985089
380749	1	1.16299234161402e-08	85985089
381666	92	1.0699529542849e-06	85985089
381754	63	7.32685175216833e-07	85985089
381764	3	3.48897702484206e-08	85985089
382245	224	2.60510284521541e-06	85985089
382638	5	5.81496170807011e-08	85985089
383379	2	2.32598468322804e-08	85985089
383407	11	1.27929157577542e-07	85985089
383629	3	3.48897702484206e-08	85985089
384676	94	1.09321280111718e-06	85985089
385025	1	1.16299234161402e-08	85985089
386043	6	6.97795404968413e-08	85985089
386415	5	5.81496170807011e-08	85985089
386585	14	1.62818927825963e-07	85985089
386656	8	9.30393873291217e-08	85985089
387092	1	1.16299234161402e-08	85985089
387344	18	2.09338621490524e-07	85985089
388919	16	1.86078774658243e-07	85985089
390235	29	3.37267779068066e-07	85985089
390333	31	3.60527625900346e-07	85985089
390874	1	1.16299234161402e-08	85985089
391008	25	2.90748085403505e-07	85985089
391037	12	1.39559080993683e-07	85985089
391038	16	1.86078774658243e-07	85985089
391165	12	1.39559080993683e-07	85985089
391295	18	2.09338621490524e-07	85985089
391296	10	1.16299234161402e-07	85985089
391595	3	3.48897702484206e-08	85985089
391616	2	2.32598468322804e-08	85985089
391619	1	1.16299234161402e-08	85985089
391626	1	1.16299234161402e-08	85985089
391735	205	2.38413430030874e-06	85985089
391904	90	1.04669310745262e-06	85985089
392499	45	5.23346553726309e-07	85985089
393011	15	1.74448851242103e-07	85985089
393115	6	6.97795404968413e-08	85985089
393305	43	5.00086706894029e-07	85985089
393595	18	2.09338621490524e-07	85985089
394221	5	5.81496170807011e-08	85985089
394503	7	8.14094639129815e-08	85985089
395019	104	1.20951203527858e-06	85985089
395491	10	1.16299234161402e-07	85985089
395492	7	8.14094639129815e-08	85985089
395494	20	2.32598468322804e-07	85985089
395495	304	3.53549671850662e-06	85985089
395960	24	2.79118161987365e-07	85985089
395961	1	1.16299234161402e-08	85985089
395962	2	2.32598468322804e-08	85985089
395963	7	8.14094639129815e-08	85985089
395965	5	5.81496170807011e-08	85985089
396513	7	8.14094639129815e-08	85985089
396588	23	2.67488238571225e-07	85985089
396595	3	3.48897702484206e-08	85985089
397945	270	3.14007932235786e-06	85985089
398511	2	2.32598468322804e-08	85985089
398527	20	2.32598468322804e-07	85985089
398577	3	3.48897702484206e-08	85985089
398578	522	6.07082002322519e-06	85985089
398579	3	3.48897702484206e-08	85985089
398580	4	4.65196936645608e-08	85985089
398767	5	5.81496170807011e-08	85985089
398839	1	1.16299234161402e-08	85985089
399183	1	1.16299234161402e-08	85985089
399185	1	1.16299234161402e-08	85985089
399599	7	8.14094639129815e-08	85985089
399726	6	6.97795404968413e-08	85985089
399739	54	6.28015864471571e-07	85985089
399741	10	1.16299234161402e-07	85985089
399742	5	5.81496170807011e-08	85985089
399781	1	1.16299234161402e-08	85985089
399804	4	4.65196936645608e-08	85985089
400667	231	2.68651230912839e-06	85985089
400668	11	1.27929157577542e-07	85985089
400673	9	1.04669310745262e-07	85985089
400756	91	1.05832303086876e-06	85985089
401053	3	3.48897702484206e-08	85985089
401473	27	3.14007932235786e-07	85985089
402612	497	5.78007193782168e-06	85985089
402626	56	6.51275711303852e-07	85985089
402881	22	2.55858315155085e-07	85985089
402882	7	8.14094639129815e-08	85985089
403677	94	1.09321280111718e-06	85985089
403833	1	1.16299234161402e-08	85985089
404380	5	5.81496170807011e-08	85985089
404589	13	1.51189004409823e-07	85985089
405416	157	1.82589797633401e-06	85985089
405440	3	3.48897702484206e-08	85985089
405441	1	1.16299234161402e-08	85985089
405531	3	3.48897702484206e-08	85985089
405532	2	2.32598468322804e-08	85985089
405534	2	2.32598468322804e-08	85985089
405566	14	1.62818927825963e-07	85985089
405948	18	2.09338621490524e-07	85985089
405955	80	9.30393873291217e-07	85985089
406425	10	1.16299234161402e-07	85985089
406817	4	4.65196936645608e-08	85985089
407148	1	1.16299234161402e-08	85985089
407976	12	1.39559080993683e-07	85985089
409438	17	1.97708698074384e-07	85985089
410289	6	6.97795404968413e-08	85985089
410358	12	1.39559080993683e-07	85985089
411154	36	4.18677242981048e-07	85985089
412022	6	6.97795404968413e-08	85985089
412030	28	3.25637855651926e-07	85985089
412133	2	2.32598468322804e-08	85985089
412694	4	4.65196936645608e-08	85985089
412965	2	2.32598468322804e-08	85985089
413404	4	4.65196936645608e-08	85985089
413999	5	5.81496170807011e-08	85985089
414684	12	1.39559080993683e-07	85985089
416269	3	3.48897702484206e-08	85985089
416276	2	2.32598468322804e-08	85985089
416344	4	4.65196936645608e-08	85985089
416870	38	4.41937089813328e-07	85985089
418127	1	1.16299234161402e-08	85985089
418136	1	1.16299234161402e-08	85985089
419610	36	4.18677242981048e-07	85985089
419947	4	4.65196936645608e-08	85985089
420245	2	2.32598468322804e-08	85985089
420246	10	1.16299234161402e-07	85985089
420247	95	1.10484272453332e-06	85985089
420662	190	2.20968544906664e-06	85985089
420889	5	5.81496170807011e-08	85985089
420890	1	1.16299234161402e-08	85985089
423211	8	9.30393873291217e-08	85985089
423212	5	5.81496170807011e-08	85985089
423368	30	3.48897702484206e-07	85985089
423536	31	3.60527625900346e-07	85985089
424182	12	1.39559080993683e-07	85985089
425011	44	5.11716630310169e-07	85985089
425104	2	2.32598468322804e-08	85985089
426114	28	3.25637855651926e-07	85985089
426117	30	3.48897702484206e-07	85985089
426355	58	6.74535558136132e-07	85985089
426430	19	2.20968544906664e-07	85985089
428406	62	7.21055251800693e-07	85985089
430066	1	1.16299234161402e-08	85985089
431895	14	1.62818927825963e-07	85985089
431943	13	1.51189004409823e-07	85985089
431946	6	6.97795404968413e-08	85985089
431947	13	1.51189004409823e-07	85985089
434131	1	1.16299234161402e-08	85985089
434271	1	1.16299234161402e-08	85985089
434922	1	1.16299234161402e-08	85985089
435258	2	2.32598468322804e-08	85985089
435590	4085	4.75082371549328e-05	85985089
435591	564	6.55927680670308e-06	85985089
435998	8	9.30393873291217e-08	85985089
436308	3	3.48897702484206e-08	85985089
436717	72	8.37354485962095e-07	85985089
438753	23	2.67488238571225e-07	85985089
439292	2	2.32598468322804e-08	85985089
439375	19	2.20968544906664e-07	85985089
439481	1	1.16299234161402e-08	85985089
439843	1799	2.09222322256362e-05	85985089
439855	33	3.83787472732627e-07	85985089
440085	23	2.67488238571225e-07	85985089
441375	6	6.97795404968413e-08	85985089
441620	43	5.00086706894029e-07	85985089
441768	65	7.55945022049114e-07	85985089
441771	1	1.16299234161402e-08	85985089
442563	8	9.30393873291217e-08	85985089
443143	5	5.81496170807011e-08	85985089
443144	1	1.16299234161402e-08	85985089
443218	4	4.65196936645608e-08	85985089
443906	50	5.8149617080701e-07	85985089
444177	23	2.67488238571225e-07	85985089
444178	9	1.04669310745262e-07	85985089
444179	3	3.48897702484206e-08	85985089
444450	2	2.32598468322804e-08	85985089
446462	17	1.97708698074384e-07	85985089
446465	14	1.62818927825963e-07	85985089
446466	7	8.14094639129815e-08	85985089
446468	11	1.27929157577542e-07	85985089
446469	27	3.14007932235786e-07	85985089
446470	4	4.65196936645608e-08	85985089
446471	14	1.62818927825963e-07	85985089
447217	7	8.14094639129815e-08	85985089
447909	1	1.16299234161402e-08	85985089
448385	22	2.55858315155085e-07	85985089
449447	7	8.14094639129815e-08	85985089
450851	22	2.55858315155085e-07	85985089
451516	2	2.32598468322804e-08	85985089
452471	5	5.81496170807011e-08	85985089
452637	13	1.51189004409823e-07	85985089
452638	33	3.83787472732627e-07	85985089
452652	11	1.27929157577542e-07	85985089
452662	33	3.83787472732627e-07	85985089
452863	8	9.30393873291217e-08	85985089
454169	1788	2.07943030680587e-05	85985089
455488	3	3.48897702484206e-08	85985089
455632	10	1.16299234161402e-07	85985089
456481	4	4.65196936645608e-08	85985089
457425	5	5.81496170807011e-08	85985089
458233	6	6.97795404968413e-08	85985089
458817	1	1.16299234161402e-08	85985089
459349	252	2.93074070086733e-06	85985089
460265	16	1.86078774658243e-07	85985089
463136	1	1.16299234161402e-08	85985089
463137	2	2.32598468322804e-08	85985089
464988	18	2.09338621490524e-07	85985089
465515	57	6.62905634719992e-07	85985089
465817	7	8.14094639129815e-08	85985089
467705	15	1.74448851242103e-07	85985089
469371	6	6.97795404968413e-08	85985089
469378	6	6.97795404968413e-08	85985089
469383	15	1.74448851242103e-07	85985089
469604	4	4.65196936645608e-08	85985089
469607	3	3.48897702484206e-08	85985089
471223	42	4.88456783477889e-07	85985089
471821	1	1.16299234161402e-08	85985089
471852	8	9.30393873291217e-08	85985089
471853	10	1.16299234161402e-07	85985089
471854	15	1.74448851242103e-07	85985089
471855	3	3.48897702484206e-08	85985089
471856	6	6.97795404968413e-08	85985089
471857	11	1.27929157577542e-07	85985089
472759	1	1.16299234161402e-08	85985089
474186	1	1.16299234161402e-08	85985089
477641	18	2.09338621490524e-07	85985089
478433	1	1.16299234161402e-08	85985089
478434	2	2.32598468322804e-08	85985089
478801	13	1.51189004409823e-07	85985089
479431	35	4.07047319564907e-07	85985089
479432	16	1.86078774658243e-07	85985089
479433	11	1.27929157577542e-07	85985089
479434	2	2.32598468322804e-08	85985089
479435	11	1.27929157577542e-07	85985089
479436	35	4.07047319564907e-07	85985089
479437	27	3.14007932235786e-07	85985089
480119	51	5.93126094223151e-07	85985089
481448	5	5.81496170807011e-08	85985089
481743	2	2.32598468322804e-08	85985089
481805	133	1.54677981434665e-06	85985089
481877	7	8.14094639129815e-08	85985089
482957	9	1.04669310745262e-07	85985089
483179	3	3.48897702484206e-08	85985089
483219	10	1.16299234161402e-07	85985089
484019	2	2.32598468322804e-08	85985089
484020	15	1.74448851242103e-07	85985089
484021	47	5.4660640055859e-07	85985089
484906	1	1.16299234161402e-08	85985089
485914	1	1.16299234161402e-08	85985089
485915	2	2.32598468322804e-08	85985089
485916	1	1.16299234161402e-08	85985089
485917	82	9.53653720123497e-07	85985089
485918	23	2.67488238571225e-07	85985089
487148	1	1.16299234161402e-08	85985089
487213	11	1.27929157577542e-07	85985089
487214	17	1.97708698074384e-07	85985089
487521	4	4.65196936645608e-08	85985089
488221	1	1.16299234161402e-08	85985089
488222	2	2.32598468322804e-08	85985089
488223	4	4.65196936645608e-08	85985089
489653	6	6.97795404968413e-08	85985089
489779	1	1.16299234161402e-08	85985089
490759	7	8.14094639129815e-08	85985089
491077	8	9.30393873291217e-08	85985089
491915	100	1.16299234161402e-06	85985089
491916	8	9.30393873291217e-08	85985089
491952	6	6.97795404968413e-08	85985089
497965	2	2.32598468322804e-08	85985089
497978	71	8.25724562545955e-07	85985089
498211	17	1.97708698074384e-07	85985089
498216	3	3.48897702484206e-08	85985089
498217	2	2.32598468322804e-08	85985089
502025	5	5.81496170807011e-08	85985089
502558	7	8.14094639129815e-08	85985089
502800	3	3.48897702484206e-08	85985089
502801	3	3.48897702484206e-08	85985089
504472	5	5.81496170807011e-08	85985089
504474	12	1.39559080993683e-07	85985089
504728	76	8.83874179626656e-07	85985089
504832	27	3.14007932235786e-07	85985089
507522	27	3.14007932235786e-07	85985089
508765	5	5.81496170807011e-08	85985089
508767	19	2.20968544906664e-07	85985089
508771	10	1.16299234161402e-07	85985089
509169	93	1.08158287770104e-06	85985089
509170	93	1.08158287770104e-06	85985089
509173	523	6.08244994664133e-06	85985089
509190	30	3.48897702484206e-07	85985089
509193	2	2.32598468322804e-08	85985089
510516	19	2.20968544906664e-07	85985089
511051	1	1.16299234161402e-08	85985089
511062	7	8.14094639129815e-08	85985089
511437	6	6.97795404968413e-08	85985089
511691	7	8.14094639129815e-08	85985089
511995	7	8.14094639129815e-08	85985089
512564	1	1.16299234161402e-08	85985089
512565	19	2.20968544906664e-07	85985089
512566	5	5.81496170807011e-08	85985089
515619	1248	1.4514144423343e-05	85985089
515620	244	2.83770131353821e-06	85985089
515621	1	1.16299234161402e-08	85985089
515622	18	2.09338621490524e-07	85985089
516950	29	3.37267779068066e-07	85985089
517417	1	1.16299234161402e-08	85985089
517418	1	1.16299234161402e-08	85985089
521006	2	2.32598468322804e-08	85985089
521011	6	6.97795404968413e-08	85985089
521095	1	1.16299234161402e-08	85985089
521096	12	1.39559080993683e-07	85985089
521097	34	3.95417396148767e-07	85985089
521460	1	1.16299234161402e-08	85985089
521674	1	1.16299234161402e-08	85985089
522306	58	6.74535558136132e-07	85985089
522373	40	4.65196936645608e-07	85985089
523794	2	2.32598468322804e-08	85985089
523796	3	3.48897702484206e-08	85985089
525146	3	3.48897702484206e-08	85985089
525284	2	2.32598468322804e-08	85985089
525381	8	9.30393873291217e-08	85985089
525897	3	3.48897702484206e-08	85985089
525898	8	9.30393873291217e-08	85985089
525903	4	4.65196936645608e-08	85985089
525904	2	2.32598468322804e-08	85985089
525909	5	5.81496170807011e-08	85985089
525919	4	4.65196936645608e-08	85985089
526218	5	5.81496170807011e-08	85985089
526222	2	2.32598468322804e-08	85985089
526224	1	1.16299234161402e-08	85985089
526225	23	2.67488238571225e-07	85985089
526226	30	3.48897702484206e-07	85985089
526227	27	3.14007932235786e-07	85985089
527021	1	1.16299234161402e-08	85985089
529120	1	1.16299234161402e-08	85985089
529122	2	2.32598468322804e-08	85985089
529507	4	4.65196936645608e-08	85985089
530564	2	2.32598468322804e-08	85985089
531844	48	5.5823632397473e-07	85985089
535289	326	3.79135503366171e-06	85985089
536019	13	1.51189004409823e-07	85985089
536056	9	1.04669310745262e-07	85985089
536230	3	3.48897702484206e-08	85985089
536232	2	2.32598468322804e-08	85985089
537457	3	3.48897702484206e-08	85985089
541229	2	2.32598468322804e-08	85985089
543728	390	4.53567013229468e-06	85985089
543734	10	1.16299234161402e-07	85985089
543891	45	5.23346553726309e-07	85985089
543913	107	1.244401805527e-06	85985089
544404	1	1.16299234161402e-08	85985089
544556	8	9.30393873291217e-08	85985089
545693	2	2.32598468322804e-08	85985089
545695	1	1.16299234161402e-08	85985089
546269	1	1.16299234161402e-08	85985089
546271	10	1.16299234161402e-07	85985089
546272	1	1.16299234161402e-08	85985089
547559	1	1.16299234161402e-08	85985089
548473	23	2.67488238571225e-07	85985089
548476	24	2.79118161987365e-07	85985089
548479	6	6.97795404968413e-08	85985089
550538	1	1.16299234161402e-08	85985089
550540	4	4.65196936645608e-08	85985089
550542	6	6.97795404968413e-08	85985089
551115	2	2.32598468322804e-08	85985089
551895	1	1.16299234161402e-08	85985089
552526	5	5.81496170807011e-08	85985089
552536	1	1.16299234161402e-08	85985089
552811	2	2.32598468322804e-08	85985089
553174	60	6.97795404968413e-07	85985089
553190	7	8.14094639129815e-08	85985089
553199	2057	2.39227524670004e-05	85985089
553482	4	4.65196936645608e-08	85985089
555778	11	1.27929157577542e-07	85985089
556484	21	2.44228391738944e-07	85985089
557433	22	2.55858315155085e-07	85985089
557436	26	3.02378008819645e-07	85985089
557598	22	2.55858315155085e-07	85985089
557599	4	4.65196936645608e-08	85985089
557600	33	3.83787472732627e-07	85985089
557722	30	3.48897702484206e-07	85985089
557723	3	3.48897702484206e-08	85985089
557760	19	2.20968544906664e-07	85985089
559292	278	3.23311870968698e-06	85985089
559295	9	1.04669310745262e-07	85985089
559307	11	1.27929157577542e-07	85985089
561229	3	3.48897702484206e-08	85985089
561231	2	2.32598468322804e-08	85985089
561276	10	1.16299234161402e-07	85985089
561304	1	1.16299234161402e-08	85985089
561996	1	1.16299234161402e-08	85985089
562019	1	1.16299234161402e-08	85985089
562970	1	1.16299234161402e-08	85985089
563040	12	1.39559080993683e-07	85985089
563178	1	1.16299234161402e-08	85985089
565034	3	3.48897702484206e-08	85985089
565040	168	1.95382713391156e-06	85985089
565042	108	1.25603172894314e-06	85985089
565050	28	3.25637855651926e-07	85985089
565655	5	5.81496170807011e-08	85985089
567106	2	2.32598468322804e-08	85985089
568206	2	2.32598468322804e-08	85985089
568706	7	8.14094639129815e-08	85985089
568707	13	1.51189004409823e-07	85985089
568814	6	6.97795404968413e-08	85985089
568815	1	1.16299234161402e-08	85985089
568816	44	5.11716630310169e-07	85985089
568817	1	1.16299234161402e-08	85985089
570417	1	1.16299234161402e-08	85985089
571800	615	7.15240290092623e-06	85985089
572307	2	2.32598468322804e-08	85985089
572477	10	1.16299234161402e-07	85985089
572480	32	3.72157549316487e-07	85985089
573059	3	3.48897702484206e-08	85985089
573061	4	4.65196936645608e-08	85985089
573062	6	6.97795404968413e-08	85985089
573065	18	2.09338621490524e-07	85985089
573234	1	1.16299234161402e-08	85985089
573235	3	3.48897702484206e-08	85985089
573370	4	4.65196936645608e-08	85985089
573413	3	3.48897702484206e-08	85985089
573569	1	1.16299234161402e-08	85985089
573729	10	1.16299234161402e-07	85985089
573826	3	3.48897702484206e-08	85985089
574087	2	2.32598468322804e-08	85985089
574521	9	1.04669310745262e-07	85985089
574556	1	1.16299234161402e-08	85985089
575540	2	2.32598468322804e-08	85985089
575614	9	1.04669310745262e-07	85985089
577650	7	8.14094639129815e-08	85985089
578455	23	2.67488238571225e-07	85985089
578461	2	2.32598468322804e-08	85985089
580050	5	5.81496170807011e-08	85985089
580327	11	1.27929157577542e-07	85985089
580331	1	1.16299234161402e-08	85985089
580332	26	3.02378008819645e-07	85985089
580340	1	1.16299234161402e-08	85985089
581103	4	4.65196936645608e-08	85985089
582402	1	1.16299234161402e-08	85985089
582744	10	1.16299234161402e-07	85985089
582899	7	8.14094639129815e-08	85985089
583345	18	2.09338621490524e-07	85985089
583346	9	1.04669310745262e-07	85985089
583355	5	5.81496170807011e-08	85985089
585034	8	9.30393873291217e-08	85985089
585035	5	5.81496170807011e-08	85985089
585054	13	1.51189004409823e-07	85985089
585055	11	1.27929157577542e-07	85985089
585056	9	1.04669310745262e-07	85985089
585057	23	2.67488238571225e-07	85985089
585394	456	5.30324507775994e-06	85985089
585395	5	5.81496170807011e-08	85985089
585396	1802	2.09571219958847e-05	85985089
585397	4	4.65196936645608e-08	85985089
588858	1	1.16299234161402e-08	85985089
589865	3	3.48897702484206e-08	85985089
590409	1	1.16299234161402e-08	85985089
590739	2	2.32598468322804e-08	85985089
590998	15	1.74448851242103e-07	85985089
591001	21	2.44228391738944e-07	85985089
591020	2	2.32598468322804e-08	85985089
591167	4	4.65196936645608e-08	85985089
591365	2	2.32598468322804e-08	85985089
591946	1	1.16299234161402e-08	85985089
592029	10	1.16299234161402e-07	85985089
592316	5	5.81496170807011e-08	85985089
593588	7	8.14094639129815e-08	85985089
593907	8	9.30393873291217e-08	85985089
595494	26	3.02378008819645e-07	85985089
595495	52	6.04756017639291e-07	85985089
595496	1	1.16299234161402e-08	85985089
595499	1	1.16299234161402e-08	85985089
595528	9	1.04669310745262e-07	85985089
595537	282	3.27963840335154e-06	85985089
596153	275	3.19822893943856e-06	85985089
596154	225	2.61673276863155e-06	85985089
598659	1	1.16299234161402e-08	85985089
600809	1	1.16299234161402e-08	85985089
604162	2	2.32598468322804e-08	85985089
608506	1	1.16299234161402e-08	85985089
610130	92	1.0699529542849e-06	85985089
622759	10	1.16299234161402e-07	85985089
626418	24	2.79118161987365e-07	85985089
627192	18	2.09338621490524e-07	85985089
630588	1	1.16299234161402e-08	85985089
630626	3	3.48897702484206e-08	85985089
632292	2	2.32598468322804e-08	85985089
632335	1	1.16299234161402e-08	85985089
632516	1	1.16299234161402e-08	85985089
632772	31	3.60527625900346e-07	85985089
633147	5	5.81496170807011e-08	85985089
633149	60	6.97795404968413e-07	85985089
633699	4	4.65196936645608e-08	85985089
634176	4	4.65196936645608e-08	85985089
634177	4	4.65196936645608e-08	85985089
634452	4	4.65196936645608e-08	85985089
634456	2	2.32598468322804e-08	85985089
634498	6	6.97795404968413e-08	85985089
634499	2	2.32598468322804e-08	85985089
634500	16	1.86078774658243e-07	85985089
634504	3	3.48897702484206e-08	85985089
634956	5	5.81496170807011e-08	85985089
635013	3	3.48897702484206e-08	85985089
637379	46	5.3497647714245e-07	85985089
637381	1	1.16299234161402e-08	85985089
637887	7	8.14094639129815e-08	85985089
637905	1	1.16299234161402e-08	85985089
637909	6	6.97795404968413e-08	85985089
637910	2	2.32598468322804e-08	85985089
639283	20	2.32598468322804e-07	85985089
640081	59	6.86165481552272e-07	85985089
640131	24	2.79118161987365e-07	85985089
640132	2	2.32598468322804e-08	85985089
640510	10	1.16299234161402e-07	85985089
640511	21	2.44228391738944e-07	85985089
640512	15	1.74448851242103e-07	85985089
640513	4	4.65196936645608e-08	85985089
641491	3	3.48897702484206e-08	85985089
642492	7	8.14094639129815e-08	85985089
643561	228	2.65162253887997e-06	85985089
643562	4	4.65196936645608e-08	85985089
643648	1	1.16299234161402e-08	85985089
643867	20	2.32598468322804e-07	85985089
644223	1	1.16299234161402e-08	85985089
644282	4	4.65196936645608e-08	85985089
644283	14	1.62818927825963e-07	85985089
644284	1	1.16299234161402e-08	85985089
644801	15	1.74448851242103e-07	85985089
644966	5	5.81496170807011e-08	85985089
645127	75	8.72244256210516e-07	85985089
645462	8	9.30393873291217e-08	85985089
645463	66	7.67574945465254e-07	85985089
645464	4	4.65196936645608e-08	85985089
646529	5	5.81496170807011e-08	85985089
648757	4	4.65196936645608e-08	85985089
648999	10	1.16299234161402e-07	85985089
649349	28	3.25637855651926e-07	85985089
649638	4	4.65196936645608e-08	85985089
649639	3	3.48897702484206e-08	85985089
649831	8	9.30393873291217e-08	85985089
650150	5	5.81496170807011e-08	85985089
651822	1	1.16299234161402e-08	85985089
652103	25	2.90748085403505e-07	85985089
653045	12	1.39559080993683e-07	85985089
653733	2	2.32598468322804e-08	85985089
653938	1	1.16299234161402e-08	85985089
655815	32	3.72157549316487e-07	85985089
655816	2	2.32598468322804e-08	85985089
656024	7	8.14094639129815e-08	85985089
657308	19	2.20968544906664e-07	85985089
657309	893	1.03855216106132e-05	85985089
657310	5	5.81496170807011e-08	85985089
657313	693	8.05953692738517e-06	85985089
657314	505	5.87311132515081e-06	85985089
657315	449	5.22183561384695e-06	85985089
657316	267	3.10518955210944e-06	85985089
657317	963	1.1199616249743e-05	85985089
657318	1033	1.20137108888728e-05	85985089
657319	151	1.75611843583717e-06	85985089
657321	696	8.09442669763359e-06	85985089
657322	797	9.26904896266375e-06	85985089
657323	845	9.82728528663848e-06	85985089
657324	3	3.48897702484206e-08	85985089
661367	4	4.65196936645608e-08	85985089
661410	19	2.20968544906664e-07	85985089
662598	1	1.16299234161402e-08	85985089
662755	3	3.48897702484206e-08	85985089
663278	14	1.62818927825963e-07	85985089
663951	1	1.16299234161402e-08	85985089
663954	1	1.16299234161402e-08	85985089
665029	1	1.16299234161402e-08	85985089
665571	4	4.65196936645608e-08	85985089
666681	79	9.18763949875077e-07	85985089
666685	15	1.74448851242103e-07	85985089
666686	1	1.16299234161402e-08	85985089
667015	117	1.3607010396884e-06	85985089
669502	1	1.16299234161402e-08	85985089
670307	2	2.32598468322804e-08	85985089
670487	4	4.65196936645608e-08	85985089
673862	2	2.32598468322804e-08	85985089
675635	10	1.16299234161402e-07	85985089
679897	1	1.16299234161402e-08	85985089
679935	169	1.9654570573277e-06	85985089
680198	16	1.86078774658243e-07	85985089
680646	22	2.55858315155085e-07	85985089
681288	1	1.16299234161402e-08	85985089
682634	5	5.81496170807011e-08	85985089
682795	5	5.81496170807011e-08	85985089
684738	67	7.79204868881394e-07	85985089
685038	1	1.16299234161402e-08	85985089
685727	15	1.74448851242103e-07	85985089
688245	169	1.9654570573277e-06	85985089
688270	38	4.41937089813328e-07	85985089
690566	30	3.48897702484206e-07	85985089
691437	12	1.39559080993683e-07	85985089
692420	1	1.16299234161402e-08	85985089
693216	5	5.81496170807011e-08	85985089
693444	6	6.97795404968413e-08	85985089
693746	23	2.67488238571225e-07	85985089
693970	6	6.97795404968413e-08	85985089
693973	5	5.81496170807011e-08	85985089
693974	8	9.30393873291217e-08	85985089
693977	1	1.16299234161402e-08	85985089
693978	27	3.14007932235786e-07	85985089
693979	87	1.0118033372042e-06	85985089
693982	11	1.27929157577542e-07	85985089
694427	26	3.02378008819645e-07	85985089
694569	1	1.16299234161402e-08	85985089
695560	7	8.14094639129815e-08	85985089
695562	3	3.48897702484206e-08	85985089
696216	13	1.51189004409823e-07	85985089
696281	4	4.65196936645608e-08	85985089
696406	3	3.48897702484206e-08	85985089
696748	2	2.32598468322804e-08	85985089
696749	22	2.55858315155085e-07	85985089
697281	2	2.32598468322804e-08	85985089
697284	3	3.48897702484206e-08	85985089
697329	64	7.44315098632973e-07	85985089
698737	3	3.48897702484206e-08	85985089
698758	5	5.81496170807011e-08	85985089
698761	4	4.65196936645608e-08	85985089
698948	4	4.65196936645608e-08	85985089
698962	3	3.48897702484206e-08	85985089
698964	6	6.97795404968413e-08	85985089
698965	4	4.65196936645608e-08	85985089
698966	2	2.32598468322804e-08	85985089
698967	4	4.65196936645608e-08	85985089
698968	1	1.16299234161402e-08	85985089
698969	2	2.32598468322804e-08	85985089
698970	1	1.16299234161402e-08	85985089
698973	1	1.16299234161402e-08	85985089
699032	20	2.32598468322804e-07	85985089
699033	15	1.74448851242103e-07	85985089
699037	23	2.67488238571225e-07	85985089
699246	4	4.65196936645608e-08	85985089
700015	8	9.30393873291217e-08	85985089
700508	5	5.81496170807011e-08	85985089
700598	34	3.95417396148767e-07	85985089
701347	3	3.48897702484206e-08	85985089
701521	6	6.97795404968413e-08	85985089
702113	32	3.72157549316487e-07	85985089
702459	30	3.48897702484206e-07	85985089
703352	1	1.16299234161402e-08	85985089
703613	1	1.16299234161402e-08	85985089
706191	3	3.48897702484206e-08	85985089
706587	1	1.16299234161402e-08	85985089
707241	4	4.65196936645608e-08	85985089
708248	1	1.16299234161402e-08	85985089
708616	1	1.16299234161402e-08	85985089
709032	9	1.04669310745262e-07	85985089
709986	2	2.32598468322804e-08	85985089
709991	162	1.88404759341471e-06	85985089
710127	1	1.16299234161402e-08	85985089
710128	1	1.16299234161402e-08	85985089
710421	7	8.14094639129815e-08	85985089
710685	9	1.04669310745262e-07	85985089
710686	5	5.81496170807011e-08	85985089
710696	24	2.79118161987365e-07	85985089
712898	7	8.14094639129815e-08	85985089
712938	4	4.65196936645608e-08	85985089
712961	14	1.62818927825963e-07	85985089
713604	6	6.97795404968413e-08	85985089
713887	4	4.65196936645608e-08	85985089
714313	17	1.97708698074384e-07	85985089
715451	1	1.16299234161402e-08	85985089
716540	1	1.16299234161402e-08	85985089
716541	56	6.51275711303852e-07	85985089
716544	2	2.32598468322804e-08	85985089
717605	3	3.48897702484206e-08	85985089
717608	106	1.23277188211086e-06	85985089
717774	6	6.97795404968413e-08	85985089
717785	6	6.97795404968413e-08	85985089
717959	161	1.87241766999857e-06	85985089
717960	141	1.63981920167577e-06	85985089
717961	126	1.46537035043367e-06	85985089
717962	362	4.21003227664276e-06	85985089
718251	1	1.16299234161402e-08	85985089
718252	651	7.57108014390728e-06	85985089
718254	6	6.97795404968413e-08	85985089
718255	404	4.69848906012065e-06	85985089
718271	8	9.30393873291217e-08	85985089
718274	6	6.97795404968413e-08	85985089
720554	21	2.44228391738944e-07	85985089
720555	2	2.32598468322804e-08	85985089
722911	43	5.00086706894029e-07	85985089
741091	21	2.44228391738944e-07	85985089
742013	282	3.27963840335154e-06	85985089
743299	2	2.32598468322804e-08	85985089
743525	472	5.48932385241818e-06	85985089
743718	12	1.39559080993683e-07	85985089
743720	40	4.65196936645608e-07	85985089
743721	32	3.72157549316487e-07	85985089
743722	11	1.27929157577542e-07	85985089
744533	6	6.97795404968413e-08	85985089
744985	1	1.16299234161402e-08	85985089
745277	9	1.04669310745262e-07	85985089
745310	54	6.28015864471571e-07	85985089
745776	3	3.48897702484206e-08	85985089
746361	16	1.86078774658243e-07	85985089
746697	16	1.86078774658243e-07	85985089
748247	15	1.74448851242103e-07	85985089
748280	27	3.14007932235786e-07	85985089
748449	1	1.16299234161402e-08	85985089
748671	11	1.27929157577542e-07	85985089
748727	4	4.65196936645608e-08	85985089
749219	24	2.79118161987365e-07	85985089
749414	5	5.81496170807011e-08	85985089
749927	9	1.04669310745262e-07	85985089
751585	195	2.26783506614734e-06	85985089
751945	50	5.8149617080701e-07	85985089
754035	13	1.51189004409823e-07	85985089
754252	16	1.86078774658243e-07	85985089
754476	9	1.04669310745262e-07	85985089
754477	11	1.27929157577542e-07	85985089
755732	40	4.65196936645608e-07	85985089
756272	7	8.14094639129815e-08	85985089
757424	105	1.22114195869472e-06	85985089
757425	1	1.16299234161402e-08	85985089
758793	7	8.14094639129815e-08	85985089
759350	128	1.48863019726595e-06	85985089
759362	2	2.32598468322804e-08	85985089
759914	4	4.65196936645608e-08	85985089
760154	3	3.48897702484206e-08	85985089
760192	25	2.90748085403505e-07	85985089
760570	22	2.55858315155085e-07	85985089
761193	14	1.62818927825963e-07	85985089
761659	2	2.32598468322804e-08	85985089
762051	3	3.48897702484206e-08	85985089
762376	78	9.07134026458936e-07	85985089
762550	7	8.14094639129815e-08	85985089
762633	67	7.79204868881394e-07	85985089
762903	17	1.97708698074384e-07	85985089
762948	11	1.27929157577542e-07	85985089
765698	22	2.55858315155085e-07	85985089
765874	5	5.81496170807011e-08	85985089
765911	9	1.04669310745262e-07	85985089
765912	8	9.30393873291217e-08	85985089
765952	10	1.16299234161402e-07	85985089
765962	1	1.16299234161402e-08	85985089
766760	2	2.32598468322804e-08	85985089
767029	2	2.32598468322804e-08	85985089
767031	19	2.20968544906664e-07	85985089
767434	2	2.32598468322804e-08	85985089
767453	6	6.97795404968413e-08	85985089
767455	7	8.14094639129815e-08	85985089
767462	9	1.04669310745262e-07	85985089
767463	161	1.87241766999857e-06	85985089
767468	3	3.48897702484206e-08	85985089
767817	1	1.16299234161402e-08	85985089
768066	4	4.65196936645608e-08	85985089
768486	5	5.81496170807011e-08	85985089
768490	4	4.65196936645608e-08	85985089
768492	3	3.48897702484206e-08	85985089
768670	1	1.16299234161402e-08	85985089
768700	1	1.16299234161402e-08	85985089
768706	2	2.32598468322804e-08	85985089
771875	1	1.16299234161402e-08	85985089
798128	60	6.97795404968413e-07	85985089
857087	8	9.30393873291217e-08	85985089
858215	5	5.81496170807011e-08	85985089
858619	11	1.27929157577542e-07	85985089
859653	3	3.48897702484206e-08	85985089
859654	1	1.16299234161402e-08	85985089
859655	47	5.4660640055859e-07	85985089
859656	38	4.41937089813328e-07	85985089
859657	44	5.11716630310169e-07	85985089
860228	5	5.81496170807011e-08	85985089
861208	4	4.65196936645608e-08	85985089
861360	17	1.97708698074384e-07	85985089
862719	17	1.97708698074384e-07	85985089
862751	5	5.81496170807011e-08	85985089
862908	2	2.32598468322804e-08	85985089
862962	295	3.43082740776136e-06	85985089
862964	3	3.48897702484206e-08	85985089
862965	17	1.97708698074384e-07	85985089
862966	2	2.32598468322804e-08	85985089
862967	1	1.16299234161402e-08	85985089
862968	5	5.81496170807011e-08	85985089
862969	1	1.16299234161402e-08	85985089
862970	4	4.65196936645608e-08	85985089
862971	1	1.16299234161402e-08	85985089
865938	9	1.04669310745262e-07	85985089
866536	14	1.62818927825963e-07	85985089
866630	2	2.32598468322804e-08	85985089
866768	72	8.37354485962095e-07	85985089
866775	2	2.32598468322804e-08	85985089
866777	16	1.86078774658243e-07	85985089
866895	2	2.32598468322804e-08	85985089
867900	12	1.39559080993683e-07	85985089
867902	11	1.27929157577542e-07	85985089
868131	8	9.30393873291217e-08	85985089
868132	3	3.48897702484206e-08	85985089
868595	7	8.14094639129815e-08	85985089
868597	33	3.83787472732627e-07	85985089
869209	16	1.86078774658243e-07	85985089
869210	3	3.48897702484206e-08	85985089
869211	2	2.32598468322804e-08	85985089
869212	5	5.81496170807011e-08	85985089
869216	1	1.16299234161402e-08	85985089
869269	1	1.16299234161402e-08	85985089
869309	25	2.90748085403505e-07	85985089
869729	25	2.90748085403505e-07	85985089
871585	46	5.3497647714245e-07	85985089
871963	1	1.16299234161402e-08	85985089
875328	7	8.14094639129815e-08	85985089
877468	2	2.32598468322804e-08	85985089
879243	4	4.65196936645608e-08	85985089
880070	4	4.65196936645608e-08	85985089
880071	35	4.07047319564907e-07	85985089
880072	1	1.16299234161402e-08	85985089
880591	6	6.97795404968413e-08	85985089
880633	5	5.81496170807011e-08	85985089
880758	41	4.76826860061749e-07	85985089
882102	2	2.32598468322804e-08	85985089
882378	9	1.04669310745262e-07	85985089
882884	4	4.65196936645608e-08	85985089
882944	2	2.32598468322804e-08	85985089
883062	36	4.18677242981048e-07	85985089
884204	1	1.16299234161402e-08	85985089
885275	1	1.16299234161402e-08	85985089
885276	2	2.32598468322804e-08	85985089
886293	10	1.16299234161402e-07	85985089
886377	6	6.97795404968413e-08	85985089
887061	8	9.30393873291217e-08	85985089
889378	2	2.32598468322804e-08	85985089
889738	41	4.76826860061749e-07	85985089
889933	1	1.16299234161402e-08	85985089
890402	155	1.80263812950173e-06	85985089
891391	16	1.86078774658243e-07	85985089
903510	1	1.16299234161402e-08	85985089
903814	21	2.44228391738944e-07	85985089
905079	18	2.09338621490524e-07	85985089
906968	4	4.65196936645608e-08	85985089
907265	4	4.65196936645608e-08	85985089
907269	3	3.48897702484206e-08	85985089
908937	14	1.62818927825963e-07	85985089
909420	1	1.16299234161402e-08	85985089
909946	1	1.16299234161402e-08	85985089
909952	144	1.67470897192419e-06	85985089
909954	2	2.32598468322804e-08	85985089
910348	7	8.14094639129815e-08	85985089
911045	3	3.48897702484206e-08	85985089
914127	5	5.81496170807011e-08	85985089
914149	4	4.65196936645608e-08	85985089
926556	13	1.51189004409823e-07	85985089
926562	10	1.16299234161402e-07	85985089
926566	6	6.97795404968413e-08	85985089
926569	4	4.65196936645608e-08	85985089
926570	4	4.65196936645608e-08	85985089
927666	31	3.60527625900346e-07	85985089
927704	12	1.39559080993683e-07	85985089
929102	67	7.79204868881394e-07	85985089
929439	5	5.81496170807011e-08	85985089
929506	4	4.65196936645608e-08	85985089
929556	17	1.97708698074384e-07	85985089
929562	39	4.53567013229468e-07	85985089
930169	9	1.04669310745262e-07	85985089
930171	6	6.97795404968413e-08	85985089
930944	28	3.25637855651926e-07	85985089
931276	31	3.60527625900346e-07	85985089
931281	15	1.74448851242103e-07	85985089
931626	8	9.30393873291217e-08	85985089
931890	4	4.65196936645608e-08	85985089
932677	2	2.32598468322804e-08	85985089
933093	1	1.16299234161402e-08	85985089
935296	3	3.48897702484206e-08	85985089
935297	1	1.16299234161402e-08	85985089
935591	2	2.32598468322804e-08	85985089
935593	1	1.16299234161402e-08	85985089
935897	3	3.48897702484206e-08	85985089
936153	14	1.62818927825963e-07	85985089
936154	1	1.16299234161402e-08	85985089
936156	2	2.32598468322804e-08	85985089
937773	6	6.97795404968413e-08	85985089
937774	1	1.16299234161402e-08	85985089
937777	1	1.16299234161402e-08	85985089
940296	1	1.16299234161402e-08	85985089
941193	6	6.97795404968413e-08	85985089
941639	25	2.90748085403505e-07	85985089
944168	1	1.16299234161402e-08	85985089
944546	72	8.37354485962095e-07	85985089
944547	135	1.57003966117893e-06	85985089
945021	10	1.16299234161402e-07	85985089
945556	11	1.27929157577542e-07	85985089
945704	7	8.14094639129815e-08	85985089
945712	4	4.65196936645608e-08	85985089
945713	1	1.16299234161402e-08	85985089
946362	4	4.65196936645608e-08	85985089
946483	23	2.67488238571225e-07	85985089
953739	9	1.04669310745262e-07	85985089
956149	1	1.16299234161402e-08	85985089
977880	44	5.11716630310169e-07	85985089
979556	42	4.88456783477889e-07	85985089
980514	18	2.09338621490524e-07	85985089
981222	2	2.32598468322804e-08	85985089
981368	7	8.14094639129815e-08	85985089
981540	19	2.20968544906664e-07	85985089
983544	27	3.14007932235786e-07	85985089
983545	1	1.16299234161402e-08	85985089
983548	15	1.74448851242103e-07	85985089
983917	161	1.87241766999857e-06	85985089
984262	7	8.14094639129815e-08	85985089
984892	10	1.16299234161402e-07	85985089
985002	3	3.48897702484206e-08	85985089
990288	6	6.97795404968413e-08	85985089
990315	51	5.93126094223151e-07	85985089
990316	77	8.95504103042796e-07	85985089
990317	6	6.97795404968413e-08	85985089
991791	1	1.16299234161402e-08	85985089
991905	15	1.74448851242103e-07	85985089
992406	5	5.81496170807011e-08	85985089
994476	41	4.76826860061749e-07	85985089
994484	82	9.53653720123497e-07	85985089
996285	22	2.55858315155085e-07	85985089
998088	54	6.28015864471571e-07	85985089
999541	36	4.18677242981048e-07	85985089
999552	5	5.81496170807011e-08	85985089
999953	3	3.48897702484206e-08	85985089
1001583	1	1.16299234161402e-08	85985089
1001585	45	5.23346553726309e-07	85985089
1002672	1	1.16299234161402e-08	85985089
1002804	1	1.16299234161402e-08	85985089
1002809	32	3.72157549316487e-07	85985089
1003195	18	2.09338621490524e-07	85985089
1003201	2	2.32598468322804e-08	85985089
1003202	1	1.16299234161402e-08	85985089
1004786	4	4.65196936645608e-08	85985089
1004952	5	5.81496170807011e-08	85985089
1005041	5	5.81496170807011e-08	85985089
1005042	11	1.27929157577542e-07	85985089
1005048	106	1.23277188211086e-06	85985089
1005058	3	3.48897702484206e-08	85985089
1006007	1	1.16299234161402e-08	85985089
1006543	1	1.16299234161402e-08	85985089
1006551	28	3.25637855651926e-07	85985089
1007064	2	2.32598468322804e-08	85985089
1007105	15	1.74448851242103e-07	85985089
1008459	3	3.48897702484206e-08	85985089
1009464	4	4.65196936645608e-08	85985089
1009846	12	1.39559080993683e-07	85985089
1016998	3	3.48897702484206e-08	85985089
1017264	4	4.65196936645608e-08	85985089
1028307	3	3.48897702484206e-08	85985089
1028799	1	1.16299234161402e-08	85985089
1029756	8	9.30393873291217e-08	85985089
1030843	3	3.48897702484206e-08	85985089
1031709	102	1.1862521884463e-06	85985089
1031710	8	9.30393873291217e-08	85985089
1031711	25	2.90748085403505e-07	85985089
1032480	26	3.02378008819645e-07	85985089
1033813	5	5.81496170807011e-08	85985089
1033837	1	1.16299234161402e-08	85985089
1034807	274	3.18659901602242e-06	85985089
1034809	1	1.16299234161402e-08	85985089
1034836	1	1.16299234161402e-08	85985089
1035817	55	6.39645787887712e-07	85985089
1036172	45	5.23346553726309e-07	85985089
1036672	11	1.27929157577542e-07	85985089
1036673	7	8.14094639129815e-08	85985089
1036743	5	5.81496170807011e-08	85985089
1037409	54	6.28015864471571e-07	85985089
1037911	298	3.46571717800978e-06	85985089
1041826	106	1.23277188211086e-06	85985089
1042156	57	6.62905634719992e-07	85985089
1042417	1	1.16299234161402e-08	85985089
1042876	35	4.07047319564907e-07	85985089
1042878	39	4.53567013229468e-07	85985089
1045854	1	1.16299234161402e-08	85985089
1045855	15	1.74448851242103e-07	85985089
1045856	7	8.14094639129815e-08	85985089
1045858	3	3.48897702484206e-08	85985089
1046624	4	4.65196936645608e-08	85985089
1046629	106	1.23277188211086e-06	85985089
1046632	2	2.32598468322804e-08	85985089
1048332	83	9.65283643539637e-07	85985089
1048689	2	2.32598468322804e-08	85985089
1049565	22	2.55858315155085e-07	85985089
1051074	16	1.86078774658243e-07	85985089
1052585	1	1.16299234161402e-08	85985089
1052588	1	1.16299234161402e-08	85985089
1054460	19	2.20968544906664e-07	85985089
1064535	25	2.90748085403505e-07	85985089
1064539	17	1.97708698074384e-07	85985089
1064592	9	1.04669310745262e-07	85985089
1069533	20	2.32598468322804e-07	85985089
1069534	8	9.30393873291217e-08	85985089
1071378	5	5.81496170807011e-08	85985089
1071381	4	4.65196936645608e-08	85985089
1071382	4	4.65196936645608e-08	85985089
1071400	6	6.97795404968413e-08	85985089
1072459	3	3.48897702484206e-08	85985089
1072467	1	1.16299234161402e-08	85985089
1074919	4	4.65196936645608e-08	85985089
1075089	16	1.86078774658243e-07	85985089
1076934	28	3.25637855651926e-07	85985089
1080228	3	3.48897702484206e-08	85985089
1080230	2	2.32598468322804e-08	85985089
1082931	3	3.48897702484206e-08	85985089
1089456	29	3.37267779068066e-07	85985089
1089553	4	4.65196936645608e-08	85985089
1091041	3	3.48897702484206e-08	85985089
1091045	801	9.31556865632831e-06	85985089
1091494	10	1.16299234161402e-07	85985089
1091495	1	1.16299234161402e-08	85985089
1093141	29	3.37267779068066e-07	85985089
1093787	11	1.27929157577542e-07	85985089
1094466	110	1.27929157577542e-06	85985089
1095774	2	2.32598468322804e-08	85985089
1096995	2	2.32598468322804e-08	85985089
1096996	55	6.39645787887712e-07	85985089
1096997	2	2.32598468322804e-08	85985089
1097668	21	2.44228391738944e-07	85985089
1097677	21	2.44228391738944e-07	85985089
1100841	4	4.65196936645608e-08	85985089
1104320	2	2.32598468322804e-08	85985089
1104322	50	5.8149617080701e-07	85985089
1104325	16	1.86078774658243e-07	85985089
1104326	17	1.97708698074384e-07	85985089
1105096	1	1.16299234161402e-08	85985089
1105112	1	1.16299234161402e-08	85985089
1107880	7	8.14094639129815e-08	85985089
1110502	8	9.30393873291217e-08	85985089
1111068	18	2.09338621490524e-07	85985089
1111069	46	5.3497647714245e-07	85985089
1111676	2	2.32598468322804e-08	85985089
1111678	21	2.44228391738944e-07	85985089
1112204	3	3.48897702484206e-08	85985089
1114958	1	1.16299234161402e-08	85985089
1114965	12	1.39559080993683e-07	85985089
1114966	14	1.62818927825963e-07	85985089
1114967	222	2.58184299838313e-06	85985089
1114969	2034	2.36552642284292e-05	85985089
1114970	78	9.07134026458936e-07	85985089
1116231	9	1.04669310745262e-07	85985089
1116391	1	1.16299234161402e-08	85985089
1117647	19	2.20968544906664e-07	85985089
1117943	4	4.65196936645608e-08	85985089
1118959	1	1.16299234161402e-08	85985089
1118963	20	2.32598468322804e-07	85985089
1120755	1	1.16299234161402e-08	85985089
1121335	7	8.14094639129815e-08	85985089
1121353	42	4.88456783477889e-07	85985089
1121362	11	1.27929157577542e-07	85985089
1121448	2	2.32598468322804e-08	85985089
1121451	4	4.65196936645608e-08	85985089
1123519	16	1.86078774658243e-07	85985089
1123523	2	2.32598468322804e-08	85985089
1123863	3	3.48897702484206e-08	85985089
1124936	1	1.16299234161402e-08	85985089
1124983	69	8.02464715713674e-07	85985089
1124991	4	4.65196936645608e-08	85985089
1125630	7	8.14094639129815e-08	85985089
1127134	12	1.39559080993683e-07	85985089
1128398	3	3.48897702484206e-08	85985089
1130804	1	1.16299234161402e-08	85985089
1131462	4	4.65196936645608e-08	85985089
1133568	2	2.32598468322804e-08	85985089
1133849	10	1.16299234161402e-07	85985089
1133850	7	8.14094639129815e-08	85985089
1133852	11	1.27929157577542e-07	85985089
1133853	17	1.97708698074384e-07	85985089
1134454	1057	1.22928290508602e-05	85985089
1134782	3	3.48897702484206e-08	85985089
1136179	3229	3.75530227107167e-05	85985089
1137651	5	5.81496170807011e-08	85985089
1138308	5	5.81496170807011e-08	85985089
1138382	1	1.16299234161402e-08	85985089
1138383	9	1.04669310745262e-07	85985089
1142394	1	1.16299234161402e-08	85985089
1144275	5	5.81496170807011e-08	85985089
1146883	26	3.02378008819645e-07	85985089
1147128	2	2.32598468322804e-08	85985089
1147129	2	2.32598468322804e-08	85985089
1150469	5	5.81496170807011e-08	85985089
1151116	13	1.51189004409823e-07	85985089
1155071	2	2.32598468322804e-08	85985089
1155766	12	1.39559080993683e-07	85985089
1156431	14	1.62818927825963e-07	85985089
1156433	16	1.86078774658243e-07	85985089
1156913	6	6.97795404968413e-08	85985089
1157951	1	1.16299234161402e-08	85985089
1161918	1	1.16299234161402e-08	85985089
1162668	1	1.16299234161402e-08	85985089
1163389	1	1.16299234161402e-08	85985089
1163399	28	3.25637855651926e-07	85985089
1163617	19	2.20968544906664e-07	85985089
1163748	3	3.48897702484206e-08	85985089
1166016	1	1.16299234161402e-08	85985089
1166018	10	1.16299234161402e-07	85985089
1167629	1	1.16299234161402e-08	85985089
1167634	62	7.21055251800693e-07	85985089
1170318	73	8.48984409378235e-07	85985089
1170562	5	5.81496170807011e-08	85985089
1171373	11	1.27929157577542e-07	85985089
1171376	5	5.81496170807011e-08	85985089
1171377	3	3.48897702484206e-08	85985089
1173020	46	5.3497647714245e-07	85985089
1173022	4	4.65196936645608e-08	85985089
1173026	5	5.81496170807011e-08	85985089
1179773	11	1.27929157577542e-07	85985089
1183438	3	3.48897702484206e-08	85985089
1184253	2	2.32598468322804e-08	85985089
1184267	4	4.65196936645608e-08	85985089
1185652	8	9.30393873291217e-08	85985089
1186051	1	1.16299234161402e-08	85985089
1187956	36	4.18677242981048e-07	85985089
1191061	50	5.8149617080701e-07	85985089
1191523	1	1.16299234161402e-08	85985089
1192196	1	1.16299234161402e-08	85985089
1193292	27	3.14007932235786e-07	85985089
1194526	31	3.60527625900346e-07	85985089
1196325	22	2.55858315155085e-07	85985089
1196835	32	3.72157549316487e-07	85985089
1197325	1	1.16299234161402e-08	85985089
1198114	1	1.16299234161402e-08	85985089
1198627	4	4.65196936645608e-08	85985089
1198676	2	2.32598468322804e-08	85985089
1199187	6	6.97795404968413e-08	85985089
1199245	2	2.32598468322804e-08	85985089
1200352	4	4.65196936645608e-08	85985089
1201010	1	1.16299234161402e-08	85985089
1201294	1	1.16299234161402e-08	85985089
1202772	6	6.97795404968413e-08	85985089
1203460	3	3.48897702484206e-08	85985089
1204414	36	4.18677242981048e-07	85985089
1205675	1	1.16299234161402e-08	85985089
1205910	15	1.74448851242103e-07	85985089
1206105	10	1.16299234161402e-07	85985089
1207075	114	1.32581126943998e-06	85985089
1208658	9	1.04669310745262e-07	85985089
1208660	14	1.62818927825963e-07	85985089
1208919	4	4.65196936645608e-08	85985089
1208921	1	1.16299234161402e-08	85985089
1211025	13	1.51189004409823e-07	85985089
1211579	41	4.76826860061749e-07	85985089
1211705	2	2.32598468322804e-08	85985089
1214101	4	4.65196936645608e-08	85985089
1214242	7	8.14094639129815e-08	85985089
1215088	42	4.88456783477889e-07	85985089
1216976	53	6.16385941055431e-07	85985089
1217737	1	1.16299234161402e-08	85985089
1217984	2	2.32598468322804e-08	85985089
1218175	3	3.48897702484206e-08	85985089
1219076	2	2.32598468322804e-08	85985089
1224163	14	1.62818927825963e-07	85985089
1228997	2	2.32598468322804e-08	85985089
1229205	7	8.14094639129815e-08	85985089
1229512	1	1.16299234161402e-08	85985089
1229756	5	5.81496170807011e-08	85985089
1229758	8	9.30393873291217e-08	85985089
1229785	1	1.16299234161402e-08	85985089
1229908	4	4.65196936645608e-08	85985089
1229909	5	5.81496170807011e-08	85985089
1230587	1	1.16299234161402e-08	85985089
1231072	9	1.04669310745262e-07	85985089
1232381	14	1.62818927825963e-07	85985089
1232383	4	4.65196936645608e-08	85985089
1232724	1	1.16299234161402e-08	85985089
1233873	11	1.27929157577542e-07	85985089
1234378	2	2.32598468322804e-08	85985089
1234380	12	1.39559080993683e-07	85985089
1234679	81	9.42023796707357e-07	85985089
1235461	1	1.16299234161402e-08	85985089
1235990	1	1.16299234161402e-08	85985089
1236689	2	2.32598468322804e-08	85985089
1236903	13	1.51189004409823e-07	85985089
1236908	1	1.16299234161402e-08	85985089
1244085	3	3.48897702484206e-08	85985089
1245469	30	3.48897702484206e-07	85985089
1245471	56	6.51275711303852e-07	85985089
1246301	204	2.3725043768926e-06	85985089
1246365	4	4.65196936645608e-08	85985089
1246995	6	6.97795404968413e-08	85985089
1249480	7	8.14094639129815e-08	85985089
1249526	2	2.32598468322804e-08	85985089
1249531	2	2.32598468322804e-08	85985089
1249634	3	3.48897702484206e-08	85985089
1249661	8	9.30393873291217e-08	85985089
1254432	13	1.51189004409823e-07	85985089
1254439	11	1.27929157577542e-07	85985089
1255043	8	9.30393873291217e-08	85985089
1260251	2	2.32598468322804e-08	85985089
1260292	2	2.32598468322804e-08	85985089
1261126	2	2.32598468322804e-08	85985089
1262456	29	3.37267779068066e-07	85985089
1265601	3	3.48897702484206e-08	85985089
1266738	1	1.16299234161402e-08	85985089
1266845	44	5.11716630310169e-07	85985089
1267753	5	5.81496170807011e-08	85985089
1267754	2	2.32598468322804e-08	85985089
1271752	5	5.81496170807011e-08	85985089
1271862	3	3.48897702484206e-08	85985089
1271863	8	9.30393873291217e-08	85985089
1271864	1	1.16299234161402e-08	85985089
1273173	9	1.04669310745262e-07	85985089
1274814	4	4.65196936645608e-08	85985089
1276227	1	1.16299234161402e-08	85985089
1276229	2	2.32598468322804e-08	85985089
1276282	17	1.97708698074384e-07	85985089
1276647	1	1.16299234161402e-08	85985089
1278073	7	8.14094639129815e-08	85985089
1279007	2	2.32598468322804e-08	85985089
1279008	3	3.48897702484206e-08	85985089
1279365	1	1.16299234161402e-08	85985089
1280938	6	6.97795404968413e-08	85985089
1282356	175	2.03523659782454e-06	85985089
1283331	11	1.27929157577542e-07	85985089
1284663	3	3.48897702484206e-08	85985089
1286170	22	2.55858315155085e-07	85985089
1288394	63	7.32685175216833e-07	85985089
1290427	1	1.16299234161402e-08	85985089
1291379	4	4.65196936645608e-08	85985089
1294143	23	2.67488238571225e-07	85985089
1295826	3	3.48897702484206e-08	85985089
1297582	1	1.16299234161402e-08	85985089
1298593	8	9.30393873291217e-08	85985089
1298917	2	2.32598468322804e-08	85985089
1300150	2	2.32598468322804e-08	85985089
1300254	1	1.16299234161402e-08	85985089
1300255	1	1.16299234161402e-08	85985089
1300256	1	1.16299234161402e-08	85985089
1300257	1	1.16299234161402e-08	85985089
1300258	3	3.48897702484206e-08	85985089
1302863	3	3.48897702484206e-08	85985089
1303024	3	3.48897702484206e-08	85985089
1303692	6	6.97795404968413e-08	85985089
1304892	10	1.16299234161402e-07	85985089
1305598	1	1.16299234161402e-08	85985089
1305849	16	1.86078774658243e-07	85985089
1310161	11	1.27929157577542e-07	85985089
1313172	20	2.32598468322804e-07	85985089
1316932	1	1.16299234161402e-08	85985089
1318615	1	1.16299234161402e-08	85985089
1318633	2	2.32598468322804e-08	85985089
1318635	1	1.16299234161402e-08	85985089
1321369	9	1.04669310745262e-07	85985089
1321370	4	4.65196936645608e-08	85985089
1322346	2	2.32598468322804e-08	85985089
1328306	3	3.48897702484206e-08	85985089
1331671	62	7.21055251800693e-07	85985089
1332188	10	1.16299234161402e-07	85985089
1334187	3	3.48897702484206e-08	85985089
1335307	2	2.32598468322804e-08	85985089
1340495	14	1.62818927825963e-07	85985089
1340851	3	3.48897702484206e-08	85985089
1343740	3	3.48897702484206e-08	85985089
1345695	23	2.67488238571225e-07	85985089
1345697	15	1.74448851242103e-07	85985089
1346614	15	1.74448851242103e-07	85985089
1348660	3	3.48897702484206e-08	85985089
1348662	2	2.32598468322804e-08	85985089
1355100	3	3.48897702484206e-08	85985089
1356861	1	1.16299234161402e-08	85985089
1358027	3	3.48897702484206e-08	85985089
1367477	5	5.81496170807011e-08	85985089
1367847	9	1.04669310745262e-07	85985089
1379702	60	6.97795404968413e-07	85985089
1380774	14	1.62818927825963e-07	85985089
1380908	26	3.02378008819645e-07	85985089
1383068	6	6.97795404968413e-08	85985089
1384484	7	8.14094639129815e-08	85985089
1389489	14	1.62818927825963e-07	85985089
1394709	4	4.65196936645608e-08	85985089
1394710	1	1.16299234161402e-08	85985089
1394711	9	1.04669310745262e-07	85985089
1399116	5	5.81496170807011e-08	85985089
1400867	21	2.44228391738944e-07	85985089
1401659	8	9.30393873291217e-08	85985089
1408206	2	2.32598468322804e-08	85985089
1408272	2	2.32598468322804e-08	85985089
1415629	1	1.16299234161402e-08	85985089
1415630	413	4.80315837086591e-06	85985089
1415773	1	1.16299234161402e-08	85985089
1416914	18	2.09338621490524e-07	85985089
1423144	5	5.81496170807011e-08	85985089
1423892	1	1.16299234161402e-08	85985089
1427342	12	1.39559080993683e-07	85985089
1430440	5	5.81496170807011e-08	85985089
1435044	7	8.14094639129815e-08	85985089
1435356	17	1.97708698074384e-07	85985089
1436140	58	6.74535558136132e-07	85985089
