Tax.ID	Frequency	Proportion	Total
394	1	2.17601351147718e-08	45955597
882	1	2.17601351147718e-08	45955597
2762	2	4.35202702295435e-08	45955597
2769	1	2.17601351147718e-08	45955597
2787	2	4.35202702295435e-08	45955597
2829	2	4.35202702295435e-08	45955597
2839	7	1.52320945803402e-07	45955597
2850	5	1.08800675573859e-07	45955597
2880	2	4.35202702295435e-08	45955597
4950	1	2.17601351147718e-08	45955597
5145	1	2.17601351147718e-08	45955597
5518	1	2.17601351147718e-08	45955597
5905	2	4.35202702295435e-08	45955597
5907	2	4.35202702295435e-08	45955597
31964	3	6.52804053443153e-08	45955597
35128	7	1.52320945803402e-07	45955597
36809	3	6.52804053443153e-08	45955597
41431	1	2.17601351147718e-08	45955597
46234	2	4.35202702295435e-08	45955597
56110	1	2.17601351147718e-08	45955597
60480	2	4.35202702295435e-08	45955597
60481	5	1.08800675573859e-07	45955597
62928	1	2.17601351147718e-08	45955597
64471	2	4.35202702295435e-08	45955597
65071	3	6.52804053443153e-08	45955597
65393	1	2.17601351147718e-08	45955597
67593	1	2.17601351147718e-08	45955597
69328	3	6.52804053443153e-08	45955597
75379	3	6.52804053443153e-08	45955597
76869	4	8.70405404590871e-08	45955597
78245	9	1.95841216032946e-07	45955597
84588	1	2.17601351147718e-08	45955597
85643	9	1.95841216032946e-07	45955597
86416	1	2.17601351147718e-08	45955597
90410	1	2.17601351147718e-08	45955597
94122	6	1.30560810688631e-07	45955597
96563	6	1.30560810688631e-07	45955597
100226	1	2.17601351147718e-08	45955597
101510	4	8.70405404590871e-08	45955597
110662	1	2.17601351147718e-08	45955597
114615	10	2.17601351147718e-07	45955597
134676	1	2.17601351147718e-08	45955597
137722	2	4.35202702295435e-08	45955597
150340	2	4.35202702295435e-08	45955597
151537	1	2.17601351147718e-08	45955597
153948	1	2.17601351147718e-08	45955597
155864	2	4.35202702295435e-08	45955597
158190	1	2.17601351147718e-08	45955597
159087	2	4.35202702295435e-08	45955597
160488	3	6.52804053443153e-08	45955597
160491	1	2.17601351147718e-08	45955597
160619	2	4.35202702295435e-08	45955597
164756	4	8.70405404590871e-08	45955597
176279	14	3.04641891606805e-07	45955597
176280	16	3.48162161836348e-07	45955597
176299	1	2.17601351147718e-08	45955597
179408	52	1.13152702596813e-06	45955597
187272	2	4.35202702295435e-08	45955597
187303	2	4.35202702295435e-08	45955597
189918	1	2.17601351147718e-08	45955597
190304	1	2.17601351147718e-08	45955597
190485	1	2.17601351147718e-08	45955597
190486	2	4.35202702295435e-08	45955597
190650	2	4.35202702295435e-08	45955597
196162	3	6.52804053443153e-08	45955597
196164	2	4.35202702295435e-08	45955597
198215	1	2.17601351147718e-08	45955597
203124	3	6.52804053443153e-08	45955597
203267	1	2.17601351147718e-08	45955597
204773	10	2.17601351147718e-07	45955597
205913	2	4.35202702295435e-08	45955597
205914	1	2.17601351147718e-08	45955597
205918	1	2.17601351147718e-08	45955597
205922	11	2.39361486262489e-07	45955597
208963	9	1.95841216032946e-07	45955597
208964	10	2.17601351147718e-07	45955597
211586	1	2.17601351147718e-08	45955597
216432	1	2.17601351147718e-08	45955597
216591	11	2.39361486262489e-07	45955597
216594	1	2.17601351147718e-08	45955597
216595	54	1.17504729619768e-06	45955597
216596	1	2.17601351147718e-08	45955597
216599	1	2.17601351147718e-08	45955597
216895	1	2.17601351147718e-08	45955597
218496	1	2.17601351147718e-08	45955597
220341	479	1.04231047199757e-05	45955597
220664	7	1.52320945803402e-07	45955597
223283	4	8.70405404590871e-08	45955597
223926	2	4.35202702295435e-08	45955597
224719	3	6.52804053443153e-08	45955597
224911	5	1.08800675573859e-07	45955597
224914	1	2.17601351147718e-08	45955597
227882	1	2.17601351147718e-08	45955597
231023	1	2.17601351147718e-08	45955597
232721	67	1.45792905268971e-06	45955597
234267	1	2.17601351147718e-08	45955597
234621	322	7.00676350695651e-06	45955597
243230	1	2.17601351147718e-08	45955597
243233	1	2.17601351147718e-08	45955597
243243	2	4.35202702295435e-08	45955597
243275	1	2.17601351147718e-08	45955597
243277	1	2.17601351147718e-08	45955597
243365	3	6.52804053443153e-08	45955597
245014	2	4.35202702295435e-08	45955597
245018	1	2.17601351147718e-08	45955597
246196	3	6.52804053443153e-08	45955597
246197	5	1.08800675573859e-07	45955597
257310	5	1.08800675573859e-07	45955597
257311	1	2.17601351147718e-08	45955597
257313	1	2.17601351147718e-08	45955597
261292	8	1.74081080918174e-07	45955597
262316	1	2.17601351147718e-08	45955597
262724	1	2.17601351147718e-08	45955597
262728	2	4.35202702295435e-08	45955597
263358	1	2.17601351147718e-08	45955597
264198	10	2.17601351147718e-07	45955597
264201	1	2.17601351147718e-08	45955597
264730	1	2.17601351147718e-08	45955597
265072	3	6.52804053443153e-08	45955597
266117	2	4.35202702295435e-08	45955597
266264	21	4.56962837410207e-07	45955597
266265	4	8.70405404590871e-08	45955597
266779	4	8.70405404590871e-08	45955597
266834	1	2.17601351147718e-08	45955597
266835	5	1.08800675573859e-07	45955597
266940	2	4.35202702295435e-08	45955597
267608	5	1.08800675573859e-07	45955597
267747	3	6.52804053443153e-08	45955597
269482	3	6.52804053443153e-08	45955597
272620	6	1.30560810688631e-07	45955597
272622	8	1.74081080918174e-07	45955597
272623	4	8.70405404590871e-08	45955597
272630	4	8.70405404590871e-08	45955597
272943	1	2.17601351147718e-08	45955597
273036	1	2.17601351147718e-08	45955597
278137	1	2.17601351147718e-08	45955597
279238	9	1.95841216032946e-07	45955597
280463	4	8.70405404590871e-08	45955597
281090	1	2.17601351147718e-08	45955597
281310	3	6.52804053443153e-08	45955597
282458	1	2.17601351147718e-08	45955597
284593	2	4.35202702295435e-08	45955597
284812	5	1.08800675573859e-07	45955597
288000	1	2.17601351147718e-08	45955597
288705	3	6.52804053443153e-08	45955597
290340	30	6.52804053443153e-07	45955597
290399	6	1.30560810688631e-07	45955597
290400	2	4.35202702295435e-08	45955597
291331	2	4.35202702295435e-08	45955597
292414	1	2.17601351147718e-08	45955597
292415	4	8.70405404590871e-08	45955597
292564	3	6.52804053443153e-08	45955597
295405	1	2.17601351147718e-08	45955597
296543	7	1.52320945803402e-07	45955597
296591	15	3.26402026721576e-07	45955597
298653	2	4.35202702295435e-08	45955597
300852	1	2.17601351147718e-08	45955597
311403	1	2.17601351147718e-08	45955597
312153	1	2.17601351147718e-08	45955597
314315	1	2.17601351147718e-08	45955597
314565	1	2.17601351147718e-08	45955597
316055	4	8.70405404590871e-08	45955597
316056	5	1.08800675573859e-07	45955597
316057	7	1.52320945803402e-07	45955597
316058	2	4.35202702295435e-08	45955597
316273	1	2.17601351147718e-08	45955597
316278	1	2.17601351147718e-08	45955597
316385	8	1.74081080918174e-07	45955597
317655	7	1.52320945803402e-07	45955597
318586	1	2.17601351147718e-08	45955597
319795	4	8.70405404590871e-08	45955597
320373	2	4.35202702295435e-08	45955597
320388	4	8.70405404590871e-08	45955597
320389	1	2.17601351147718e-08	45955597
321956	1	2.17601351147718e-08	45955597
322159	1	2.17601351147718e-08	45955597
322710	4	8.70405404590871e-08	45955597
323098	1	2.17601351147718e-08	45955597
324831	3	6.52804053443153e-08	45955597
326424	6	1.30560810688631e-07	45955597
326426	1	2.17601351147718e-08	45955597
330214	1	2.17601351147718e-08	45955597
331111	7	1.52320945803402e-07	45955597
331112	8	1.74081080918174e-07	45955597
331113	1	2.17601351147718e-08	45955597
331271	21	4.56962837410207e-07	45955597
331272	12	2.61121621377261e-07	45955597
334390	2	4.35202702295435e-08	45955597
334413	1	2.17601351147718e-08	45955597
335541	2	4.35202702295435e-08	45955597
335659	9	1.95841216032946e-07	45955597
338187	95	2.06721283590332e-06	45955597
338966	2	4.35202702295435e-08	45955597
338969	8	1.74081080918174e-07	45955597
339670	35	7.61604729017012e-07	45955597
340100	12	2.61121621377261e-07	45955597
340322	1	2.17601351147718e-08	45955597
342108	4	8.70405404590871e-08	45955597
342109	2	4.35202702295435e-08	45955597
342451	4	8.70405404590871e-08	45955597
345073	2	4.35202702295435e-08	45955597
347834	1	2.17601351147718e-08	45955597
349101	2	4.35202702295435e-08	45955597
349106	2	4.35202702295435e-08	45955597
349163	1	2.17601351147718e-08	45955597
350054	1	2.17601351147718e-08	45955597
350058	2	4.35202702295435e-08	45955597
351348	3	6.52804053443153e-08	45955597
351607	1	2.17601351147718e-08	45955597
351746	5	1.08800675573859e-07	45955597
354242	3	6.52804053443153e-08	45955597
355278	1	2.17601351147718e-08	45955597
357348	3	6.52804053443153e-08	45955597
358220	146	3.17697972675668e-06	45955597
359786	2	4.35202702295435e-08	45955597
359787	1	2.17601351147718e-08	45955597
360102	2	4.35202702295435e-08	45955597
360115	1	2.17601351147718e-08	45955597
360910	3	6.52804053443153e-08	45955597
362242	1	2.17601351147718e-08	45955597
362663	11	2.39361486262489e-07	45955597
365044	19	4.13442567180664e-07	45955597
365046	20	4.35202702295435e-07	45955597
365659	3	6.52804053443153e-08	45955597
366394	1	2.17601351147718e-08	45955597
366602	4	8.70405404590871e-08	45955597
367928	3	6.52804053443153e-08	45955597
369723	2	4.35202702295435e-08	45955597
373384	19	4.13442567180664e-07	45955597
374930	1	2.17601351147718e-08	45955597
374931	2	4.35202702295435e-08	45955597
375286	3	6.52804053443153e-08	45955597
375451	1	2.17601351147718e-08	45955597
376686	4	8.70405404590871e-08	45955597
376758	1	2.17601351147718e-08	45955597
377628	2	4.35202702295435e-08	45955597
378753	10	2.17601351147718e-07	45955597
378806	1	2.17601351147718e-08	45955597
379066	1	2.17601351147718e-08	45955597
379731	11	2.39361486262489e-07	45955597
380703	1	2.17601351147718e-08	45955597
381666	10	2.17601351147718e-07	45955597
381754	6	1.30560810688631e-07	45955597
382245	5	1.08800675573859e-07	45955597
383407	1	2.17601351147718e-08	45955597
384676	11	2.39361486262489e-07	45955597
386043	2	4.35202702295435e-08	45955597
386585	3	6.52804053443153e-08	45955597
387344	2	4.35202702295435e-08	45955597
388919	1	2.17601351147718e-08	45955597
390235	4	8.70405404590871e-08	45955597
390236	2	4.35202702295435e-08	45955597
390333	5	1.08800675573859e-07	45955597
391008	5	1.08800675573859e-07	45955597
391038	2	4.35202702295435e-08	45955597
391165	6	1.30560810688631e-07	45955597
391735	25	5.44003377869294e-07	45955597
391774	2	4.35202702295435e-08	45955597
391904	1	2.17601351147718e-08	45955597
392499	5	1.08800675573859e-07	45955597
394221	1	2.17601351147718e-08	45955597
394503	4	8.70405404590871e-08	45955597
395019	18	3.91682432065892e-07	45955597
395491	3	6.52804053443153e-08	45955597
395492	3	6.52804053443153e-08	45955597
395494	1	2.17601351147718e-08	45955597
395495	26	5.65763512984066e-07	45955597
395960	3	6.52804053443153e-08	45955597
395961	1	2.17601351147718e-08	45955597
395965	2	4.35202702295435e-08	45955597
396588	3	6.52804053443153e-08	45955597
396595	1	2.17601351147718e-08	45955597
397945	17	3.6992229695112e-07	45955597
398527	5	1.08800675573859e-07	45955597
398577	4	8.70405404590871e-08	45955597
398578	65	1.41440878246016e-06	45955597
398580	1	2.17601351147718e-08	45955597
399739	7	1.52320945803402e-07	45955597
399741	1	2.17601351147718e-08	45955597
399742	1	2.17601351147718e-08	45955597
399781	2	4.35202702295435e-08	45955597
400667	5	1.08800675573859e-07	45955597
400756	4	8.70405404590871e-08	45955597
402612	3	6.52804053443153e-08	45955597
402626	12	2.61121621377261e-07	45955597
402881	1	2.17601351147718e-08	45955597
403677	1	2.17601351147718e-08	45955597
404380	1	2.17601351147718e-08	45955597
404589	2	4.35202702295435e-08	45955597
405416	10	2.17601351147718e-07	45955597
405948	2	4.35202702295435e-08	45955597
405955	8	1.74081080918174e-07	45955597
406425	7	1.52320945803402e-07	45955597
407148	1	2.17601351147718e-08	45955597
409438	2	4.35202702295435e-08	45955597
410289	10	2.17601351147718e-07	45955597
412022	4	8.70405404590871e-08	45955597
412694	1	2.17601351147718e-08	45955597
416870	3	6.52804053443153e-08	45955597
419610	10	2.17601351147718e-07	45955597
419947	9	1.95841216032946e-07	45955597
420662	28	6.09283783213609e-07	45955597
423368	2	4.35202702295435e-08	45955597
423536	5	1.08800675573859e-07	45955597
424182	2	4.35202702295435e-08	45955597
425011	2	4.35202702295435e-08	45955597
426114	2	4.35202702295435e-08	45955597
426117	2	4.35202702295435e-08	45955597
426355	14	3.04641891606805e-07	45955597
426430	1	2.17601351147718e-08	45955597
428406	8	1.74081080918174e-07	45955597
434922	1	2.17601351147718e-08	45955597
434923	1	2.17601351147718e-08	45955597
435590	17	3.6992229695112e-07	45955597
436717	5	1.08800675573859e-07	45955597
438753	3	6.52804053443153e-08	45955597
439375	2	4.35202702295435e-08	45955597
439843	481	1.04666249902052e-05	45955597
439855	4	8.70405404590871e-08	45955597
440085	4	8.70405404590871e-08	45955597
441620	1	2.17601351147718e-08	45955597
443906	2	4.35202702295435e-08	45955597
444178	1	2.17601351147718e-08	45955597
444450	2	4.35202702295435e-08	45955597
446462	2	4.35202702295435e-08	45955597
446465	1	2.17601351147718e-08	45955597
446466	2	4.35202702295435e-08	45955597
446468	1	2.17601351147718e-08	45955597
446469	4	8.70405404590871e-08	45955597
446470	1	2.17601351147718e-08	45955597
446471	1	2.17601351147718e-08	45955597
447217	1	2.17601351147718e-08	45955597
448385	8	1.74081080918174e-07	45955597
450851	4	8.70405404590871e-08	45955597
451516	1	2.17601351147718e-08	45955597
452471	1	2.17601351147718e-08	45955597
452637	1	2.17601351147718e-08	45955597
452638	1	2.17601351147718e-08	45955597
452652	2	4.35202702295435e-08	45955597
452662	4	8.70405404590871e-08	45955597
452863	4	8.70405404590871e-08	45955597
454169	477	1.03795844497461e-05	45955597
455488	1	2.17601351147718e-08	45955597
455632	2	4.35202702295435e-08	45955597
456481	2	4.35202702295435e-08	45955597
457570	2	4.35202702295435e-08	45955597
458233	1	2.17601351147718e-08	45955597
460265	2	4.35202702295435e-08	45955597
465515	81	1.76257094429651e-06	45955597
467705	1	2.17601351147718e-08	45955597
469371	1	2.17601351147718e-08	45955597
469383	4	8.70405404590871e-08	45955597
469604	1	2.17601351147718e-08	45955597
471852	2	4.35202702295435e-08	45955597
471853	2	4.35202702295435e-08	45955597
477641	4	8.70405404590871e-08	45955597
478433	7	1.52320945803402e-07	45955597
478434	7	1.52320945803402e-07	45955597
479431	3	6.52804053443153e-08	45955597
479432	1	2.17601351147718e-08	45955597
479433	2	4.35202702295435e-08	45955597
479434	1	2.17601351147718e-08	45955597
479436	1	2.17601351147718e-08	45955597
479437	2	4.35202702295435e-08	45955597
480119	5	1.08800675573859e-07	45955597
481805	18	3.91682432065892e-07	45955597
482957	12	2.61121621377261e-07	45955597
483219	1	2.17601351147718e-08	45955597
484021	1	2.17601351147718e-08	45955597
485917	3	6.52804053443153e-08	45955597
485918	5	1.08800675573859e-07	45955597
487214	1	2.17601351147718e-08	45955597
491916	3	6.52804053443153e-08	45955597
497978	7	1.52320945803402e-07	45955597
498211	1	2.17601351147718e-08	45955597
502025	2	4.35202702295435e-08	45955597
504474	2	4.35202702295435e-08	45955597
504832	5	1.08800675573859e-07	45955597
507522	1	2.17601351147718e-08	45955597
508771	1	2.17601351147718e-08	45955597
509169	2	4.35202702295435e-08	45955597
509170	3	6.52804053443153e-08	45955597
509173	8	1.74081080918174e-07	45955597
509190	2	4.35202702295435e-08	45955597
510516	1	2.17601351147718e-08	45955597
511051	1	2.17601351147718e-08	45955597
511062	2	4.35202702295435e-08	45955597
515619	4	8.70405404590871e-08	45955597
515620	3	6.52804053443153e-08	45955597
515622	2	4.35202702295435e-08	45955597
516950	1	2.17601351147718e-08	45955597
521045	2	4.35202702295435e-08	45955597
521095	1	2.17601351147718e-08	45955597
522306	2	4.35202702295435e-08	45955597
522373	2	4.35202702295435e-08	45955597
525909	1	2.17601351147718e-08	45955597
526225	2	4.35202702295435e-08	45955597
526226	5	1.08800675573859e-07	45955597
526227	1	2.17601351147718e-08	45955597
529507	1	2.17601351147718e-08	45955597
531844	2	4.35202702295435e-08	45955597
535289	28	6.09283783213609e-07	45955597
536019	5	1.08800675573859e-07	45955597
536056	4	8.70405404590871e-08	45955597
543728	75	1.63201013360788e-06	45955597
543891	8	1.74081080918174e-07	45955597
543913	11	2.39361486262489e-07	45955597
546414	1	2.17601351147718e-08	45955597
548473	1	2.17601351147718e-08	45955597
548476	3	6.52804053443153e-08	45955597
550540	1	2.17601351147718e-08	45955597
553199	154	3.35106080767485e-06	45955597
556484	1	2.17601351147718e-08	45955597
557598	1	2.17601351147718e-08	45955597
557600	1	2.17601351147718e-08	45955597
557722	6	1.30560810688631e-07	45955597
559292	93	2.02369256567377e-06	45955597
559295	2	4.35202702295435e-08	45955597
559307	2	4.35202702295435e-08	45955597
565040	1	2.17601351147718e-08	45955597
565042	1	2.17601351147718e-08	45955597
565050	2	4.35202702295435e-08	45955597
567106	2	4.35202702295435e-08	45955597
568706	1	2.17601351147718e-08	45955597
568816	1	2.17601351147718e-08	45955597
571800	1	2.17601351147718e-08	45955597
573059	1	2.17601351147718e-08	45955597
573729	2	4.35202702295435e-08	45955597
575614	1	2.17601351147718e-08	45955597
578455	1	2.17601351147718e-08	45955597
580327	3	6.52804053443153e-08	45955597
580332	2	4.35202702295435e-08	45955597
583345	2	4.35202702295435e-08	45955597
585034	1	2.17601351147718e-08	45955597
585035	1	2.17601351147718e-08	45955597
585057	3	6.52804053443153e-08	45955597
585394	8	1.74081080918174e-07	45955597
585396	483	1.05101452604348e-05	45955597
590998	1	2.17601351147718e-08	45955597
591020	1	2.17601351147718e-08	45955597
593588	1	2.17601351147718e-08	45955597
595494	1	2.17601351147718e-08	45955597
595495	6	1.30560810688631e-07	45955597
595496	2	4.35202702295435e-08	45955597
595537	59	1.28384797177153e-06	45955597
596153	37	8.05124999246555e-07	45955597
596154	34	7.3984459390224e-07	45955597
604162	1	2.17601351147718e-08	45955597
626418	5	1.08800675573859e-07	45955597
627192	9	1.95841216032946e-07	45955597
630588	1	2.17601351147718e-08	45955597
632772	4	8.70405404590871e-08	45955597
633135	1	2.17601351147718e-08	45955597
633149	2	4.35202702295435e-08	45955597
633699	1	2.17601351147718e-08	45955597
634500	2	4.35202702295435e-08	45955597
637379	7	1.52320945803402e-07	45955597
637909	1	2.17601351147718e-08	45955597
639283	2	4.35202702295435e-08	45955597
640081	5	1.08800675573859e-07	45955597
640131	1	2.17601351147718e-08	45955597
640132	1	2.17601351147718e-08	45955597
640510	1	2.17601351147718e-08	45955597
640511	2	4.35202702295435e-08	45955597
640512	1	2.17601351147718e-08	45955597
643561	22	4.78722972524979e-07	45955597
644282	1	2.17601351147718e-08	45955597
644283	1	2.17601351147718e-08	45955597
644801	1	2.17601351147718e-08	45955597
645127	13	2.82881756492033e-07	45955597
645463	1	2.17601351147718e-08	45955597
649831	1	2.17601351147718e-08	45955597
652103	3	6.52804053443153e-08	45955597
653045	3	6.52804053443153e-08	45955597
655815	1	2.17601351147718e-08	45955597
657313	5	1.08800675573859e-07	45955597
657314	4	8.70405404590871e-08	45955597
657315	3	6.52804053443153e-08	45955597
657316	3	6.52804053443153e-08	45955597
657317	2	4.35202702295435e-08	45955597
657318	4	8.70405404590871e-08	45955597
657319	3	6.52804053443153e-08	45955597
657321	6	1.30560810688631e-07	45955597
657322	3	6.52804053443153e-08	45955597
657323	5	1.08800675573859e-07	45955597
661410	2	4.35202702295435e-08	45955597
662598	1	2.17601351147718e-08	45955597
662755	1	2.17601351147718e-08	45955597
663278	2	4.35202702295435e-08	45955597
663951	1	2.17601351147718e-08	45955597
666681	2	4.35202702295435e-08	45955597
666685	1	2.17601351147718e-08	45955597
667015	1	2.17601351147718e-08	45955597
675635	1	2.17601351147718e-08	45955597
679935	1	2.17601351147718e-08	45955597
680198	1	2.17601351147718e-08	45955597
682795	1	2.17601351147718e-08	45955597
684738	2	4.35202702295435e-08	45955597
685727	2	4.35202702295435e-08	45955597
688245	18	3.91682432065892e-07	45955597
690566	7	1.52320945803402e-07	45955597
693746	2	4.35202702295435e-08	45955597
693977	1	2.17601351147718e-08	45955597
698737	2	4.35202702295435e-08	45955597
698761	2	4.35202702295435e-08	45955597
699246	3	6.52804053443153e-08	45955597
700508	1	2.17601351147718e-08	45955597
700598	7	1.52320945803402e-07	45955597
701347	1	2.17601351147718e-08	45955597
702113	5	1.08800675573859e-07	45955597
702459	1	2.17601351147718e-08	45955597
710421	2	4.35202702295435e-08	45955597
710685	1	2.17601351147718e-08	45955597
712898	3	6.52804053443153e-08	45955597
713887	1	2.17601351147718e-08	45955597
715451	1	2.17601351147718e-08	45955597
716544	1	2.17601351147718e-08	45955597
717605	1	2.17601351147718e-08	45955597
717608	1	2.17601351147718e-08	45955597
717785	1	2.17601351147718e-08	45955597
717960	2	4.35202702295435e-08	45955597
717961	1	2.17601351147718e-08	45955597
717962	3	6.52804053443153e-08	45955597
718252	5	1.08800675573859e-07	45955597
718254	1	2.17601351147718e-08	45955597
718255	2	4.35202702295435e-08	45955597
718271	2	4.35202702295435e-08	45955597
741091	5	1.08800675573859e-07	45955597
742013	55	1.19680743131245e-06	45955597
743525	24	5.22243242754522e-07	45955597
743720	1	2.17601351147718e-08	45955597
743721	3	6.52804053443153e-08	45955597
745277	4	8.70405404590871e-08	45955597
745310	11	2.39361486262489e-07	45955597
746361	1	2.17601351147718e-08	45955597
748247	2	4.35202702295435e-08	45955597
748280	4	8.70405404590871e-08	45955597
748671	1	2.17601351147718e-08	45955597
749414	2	4.35202702295435e-08	45955597
751945	5	1.08800675573859e-07	45955597
754035	3	6.52804053443153e-08	45955597
754252	2	4.35202702295435e-08	45955597
754477	1	2.17601351147718e-08	45955597
755732	3	6.52804053443153e-08	45955597
756272	1	2.17601351147718e-08	45955597
757424	9	1.95841216032946e-07	45955597
759350	1	2.17601351147718e-08	45955597
760192	3	6.52804053443153e-08	45955597
762376	14	3.04641891606805e-07	45955597
762633	5	1.08800675573859e-07	45955597
762948	2	4.35202702295435e-08	45955597
765698	5	1.08800675573859e-07	45955597
765912	1	2.17601351147718e-08	45955597
767029	1	2.17601351147718e-08	45955597
767434	1	2.17601351147718e-08	45955597
767453	2	4.35202702295435e-08	45955597
767455	1	2.17601351147718e-08	45955597
767463	1	2.17601351147718e-08	45955597
768066	2	4.35202702295435e-08	45955597
798128	3	6.52804053443153e-08	45955597
858215	1	2.17601351147718e-08	45955597
859655	3	6.52804053443153e-08	45955597
859656	3	6.52804053443153e-08	45955597
859657	5	1.08800675573859e-07	45955597
861208	1	2.17601351147718e-08	45955597
861360	3	6.52804053443153e-08	45955597
862719	1	2.17601351147718e-08	45955597
862962	1	2.17601351147718e-08	45955597
862964	1	2.17601351147718e-08	45955597
866630	3	6.52804053443153e-08	45955597
866768	12	2.61121621377261e-07	45955597
866777	1	2.17601351147718e-08	45955597
868597	6	1.30560810688631e-07	45955597
869729	1	2.17601351147718e-08	45955597
871585	2	4.35202702295435e-08	45955597
875328	1	2.17601351147718e-08	45955597
880758	4	8.70405404590871e-08	45955597
882378	1	2.17601351147718e-08	45955597
887061	1	2.17601351147718e-08	45955597
889738	2	4.35202702295435e-08	45955597
890402	1	2.17601351147718e-08	45955597
907965	3	6.52804053443153e-08	45955597
909952	14	3.04641891606805e-07	45955597
910348	2	4.35202702295435e-08	45955597
914127	1	2.17601351147718e-08	45955597
926570	1	2.17601351147718e-08	45955597
929102	2	4.35202702295435e-08	45955597
930169	1	2.17601351147718e-08	45955597
930171	1	2.17601351147718e-08	45955597
931281	3	6.52804053443153e-08	45955597
931890	1	2.17601351147718e-08	45955597
935296	4	8.70405404590871e-08	45955597
935897	3	6.52804053443153e-08	45955597
937773	2	4.35202702295435e-08	45955597
941193	1	2.17601351147718e-08	45955597
944547	1	2.17601351147718e-08	45955597
953739	1	2.17601351147718e-08	45955597
977880	8	1.74081080918174e-07	45955597
979556	3	6.52804053443153e-08	45955597
980514	4	8.70405404590871e-08	45955597
981368	1	2.17601351147718e-08	45955597
983917	28	6.09283783213609e-07	45955597
984262	2	4.35202702295435e-08	45955597
985002	1	2.17601351147718e-08	45955597
990315	2	4.35202702295435e-08	45955597
990316	1	2.17601351147718e-08	45955597
990317	3	6.52804053443153e-08	45955597
991905	2	4.35202702295435e-08	45955597
994484	15	3.26402026721576e-07	45955597
996285	3	6.52804053443153e-08	45955597
998088	1	2.17601351147718e-08	45955597
999541	6	1.30560810688631e-07	45955597
999552	3	6.52804053443153e-08	45955597
1001583	2	4.35202702295435e-08	45955597
1001585	3	6.52804053443153e-08	45955597
1003195	2	4.35202702295435e-08	45955597
1005048	23	5.00483107639751e-07	45955597
1005057	5	1.08800675573859e-07	45955597
1006543	1	2.17601351147718e-08	45955597
1006551	1	2.17601351147718e-08	45955597
1007105	1	2.17601351147718e-08	45955597
1009846	5	1.08800675573859e-07	45955597
1017264	1	2.17601351147718e-08	45955597
1028307	1	2.17601351147718e-08	45955597
1031709	5	1.08800675573859e-07	45955597
1031710	3	6.52804053443153e-08	45955597
1031711	2	4.35202702295435e-08	45955597
1032480	2	4.35202702295435e-08	45955597
1034807	3	6.52804053443153e-08	45955597
1037409	5	1.08800675573859e-07	45955597
1037911	41	8.92165539705642e-07	45955597
1042876	1	2.17601351147718e-08	45955597
1042878	5	1.08800675573859e-07	45955597
1045855	3	6.52804053443153e-08	45955597
1054460	1	2.17601351147718e-08	45955597
1064535	1	2.17601351147718e-08	45955597
1064539	1	2.17601351147718e-08	45955597
1064592	2	4.35202702295435e-08	45955597
1071382	2	4.35202702295435e-08	45955597
1075089	1	2.17601351147718e-08	45955597
1082931	1	2.17601351147718e-08	45955597
1089456	8	1.74081080918174e-07	45955597
1091045	52	1.13152702596813e-06	45955597
1093141	4	8.70405404590871e-08	45955597
1097668	1	2.17601351147718e-08	45955597
1097677	1	2.17601351147718e-08	45955597
1104322	5	1.08800675573859e-07	45955597
1110502	2	4.35202702295435e-08	45955597
1111069	2	4.35202702295435e-08	45955597
1111678	4	8.70405404590871e-08	45955597
1112204	2	4.35202702295435e-08	45955597
1114967	19	4.13442567180664e-07	45955597
1114969	164	3.56866215882257e-06	45955597
1114970	17	3.6992229695112e-07	45955597
1116375	2	4.35202702295435e-08	45955597
1118963	9	1.95841216032946e-07	45955597
1121353	1	2.17601351147718e-08	45955597
1123519	4	8.70405404590871e-08	45955597
1124983	10	2.17601351147718e-07	45955597
1134454	71	1.5449695931488e-06	45955597
1136179	332	7.22436485810423e-06	45955597
1138383	1	2.17601351147718e-08	45955597
1144275	3	6.52804053443153e-08	45955597
1146883	1	2.17601351147718e-08	45955597
1151116	1	2.17601351147718e-08	45955597
1163399	8	1.74081080918174e-07	45955597
1163748	1	2.17601351147718e-08	45955597
1167634	14	3.04641891606805e-07	45955597
1170318	6	1.30560810688631e-07	45955597
1173020	1	2.17601351147718e-08	45955597
1173027	1	2.17601351147718e-08	45955597
1183438	1	2.17601351147718e-08	45955597
1185652	3	6.52804053443153e-08	45955597
1191061	2	4.35202702295435e-08	45955597
1193292	1	2.17601351147718e-08	45955597
1194526	10	2.17601351147718e-07	45955597
1196835	3	6.52804053443153e-08	45955597
1198627	4	8.70405404590871e-08	45955597
1199187	1	2.17601351147718e-08	45955597
1200352	2	4.35202702295435e-08	45955597
1204414	1	2.17601351147718e-08	45955597
1205910	2	4.35202702295435e-08	45955597
1207075	6	1.30560810688631e-07	45955597
1208658	1	2.17601351147718e-08	45955597
1208660	1	2.17601351147718e-08	45955597
1211579	4	8.70405404590871e-08	45955597
1215088	5	1.08800675573859e-07	45955597
1216976	11	2.39361486262489e-07	45955597
1218933	1	2.17601351147718e-08	45955597
1219076	1	2.17601351147718e-08	45955597
1224163	1	2.17601351147718e-08	45955597
1229205	1	2.17601351147718e-08	45955597
1231626	1	2.17601351147718e-08	45955597
1234380	2	4.35202702295435e-08	45955597
1234679	2	4.35202702295435e-08	45955597
1245469	5	1.08800675573859e-07	45955597
1245471	9	1.95841216032946e-07	45955597
1246301	45	9.79206080164729e-07	45955597
1246995	1	2.17601351147718e-08	45955597
1247189	1	2.17601351147718e-08	45955597
1254432	1	2.17601351147718e-08	45955597
1262161	1	2.17601351147718e-08	45955597
1262456	2	4.35202702295435e-08	45955597
1266738	1	2.17601351147718e-08	45955597
1267577	2	4.35202702295435e-08	45955597
1267754	2	4.35202702295435e-08	45955597
1273173	1	2.17601351147718e-08	45955597
1276282	7	1.52320945803402e-07	45955597
1280938	1	2.17601351147718e-08	45955597
1282356	26	5.65763512984066e-07	45955597
1283331	4	8.70405404590871e-08	45955597
1288394	1	2.17601351147718e-08	45955597
1294143	5	1.08800675573859e-07	45955597
1298593	3	6.52804053443153e-08	45955597
1302863	1	2.17601351147718e-08	45955597
1303024	1	2.17601351147718e-08	45955597
1303692	4	8.70405404590871e-08	45955597
1304892	2	4.35202702295435e-08	45955597
1305849	1	2.17601351147718e-08	45955597
1328306	1	2.17601351147718e-08	45955597
1331671	5	1.08800675573859e-07	45955597
1332188	3	6.52804053443153e-08	45955597
1338032	2	4.35202702295435e-08	45955597
1340851	1	2.17601351147718e-08	45955597
1343740	1	2.17601351147718e-08	45955597
1345695	1	2.17601351147718e-08	45955597
1346614	3	6.52804053443153e-08	45955597
1379702	1	2.17601351147718e-08	45955597
1380774	3	6.52804053443153e-08	45955597
1380908	1	2.17601351147718e-08	45955597
1389489	1	2.17601351147718e-08	45955597
1399116	1	2.17601351147718e-08	45955597
1406863	2	4.35202702295435e-08	45955597
1415630	43	9.35685809935186e-07	45955597
1435044	1	2.17601351147718e-08	45955597
1435356	2	4.35202702295435e-08	45955597
1436140	3	6.52804053443153e-08	45955597
