Tax.ID	Frequency	Proportion	Total
394	17	2.06289622548359e-07	82408411
882	5	6.0673418396576e-08	82408411
883	6	7.28081020758913e-08	82408411
1148	2	2.42693673586304e-08	82408411
1511	6	7.28081020758913e-08	82408411
1639	5	6.0673418396576e-08	82408411
2762	12	1.45616204151783e-07	82408411
2769	7	8.49427857552065e-08	82408411
2771	3	3.64040510379456e-08	82408411
2787	18	2.18424306227674e-07	82408411
2788	1	1.21346836793152e-08	82408411
2829	12	1.45616204151783e-07	82408411
2832	1	1.21346836793152e-08	82408411
2839	81	9.82909378024532e-07	82408411
2850	108	1.31054583736604e-06	82408411
2880	8	9.70774694345217e-08	82408411
2898	1	1.21346836793152e-08	82408411
2903	5	6.0673418396576e-08	82408411
3040	2	2.42693673586304e-08	82408411
4770	1	1.21346836793152e-08	82408411
4950	12	1.45616204151783e-07	82408411
5145	2	2.42693673586304e-08	82408411
5518	7	8.49427857552065e-08	82408411
5661	10	1.21346836793152e-07	82408411
5762	1	1.21346836793152e-08	82408411
5778	2	2.42693673586304e-08	82408411
5786	13	1.57750887831098e-07	82408411
5823	1	1.21346836793152e-08	82408411
5872	13	1.57750887831098e-07	82408411
5885	3	3.64040510379456e-08	82408411
5889	1	1.21346836793152e-08	82408411
5901	5	6.0673418396576e-08	82408411
5905	4	4.85387347172608e-08	82408411
5907	2	2.42693673586304e-08	82408411
5908	1	1.21346836793152e-08	82408411
5911	16	1.94154938869043e-07	82408411
5932	26	3.15501775662195e-07	82408411
12390	2	2.42693673586304e-08	82408411
13035	2	2.42693673586304e-08	82408411
28072	3	3.64040510379456e-08	82408411
31271	2	2.42693673586304e-08	82408411
31537	1	1.21346836793152e-08	82408411
31754	1	1.21346836793152e-08	82408411
31964	34	4.12579245096717e-07	82408411
32049	5	6.0673418396576e-08	82408411
32051	1	1.21346836793152e-08	82408411
33658	2	2.42693673586304e-08	82408411
35128	80	9.70774694345217e-07	82408411
35171	1	1.21346836793152e-08	82408411
35241	2	2.42693673586304e-08	82408411
35688	2	2.42693673586304e-08	82408411
36809	42	5.09656714531239e-07	82408411
38271	1	1.21346836793152e-08	82408411
39717	1	1.21346836793152e-08	82408411
41431	3	3.64040510379456e-08	82408411
42746	1	1.21346836793152e-08	82408411
43925	3	3.64040510379456e-08	82408411
43926	1	1.21346836793152e-08	82408411
44056	8	9.70774694345217e-08	82408411
44058	2	2.42693673586304e-08	82408411
46234	8	9.70774694345217e-08	82408411
47573	1	1.21346836793152e-08	82408411
48942	3	3.64040510379456e-08	82408411
49266	3	3.64040510379456e-08	82408411
52970	15	1.82020255189728e-07	82408411
55529	17	2.06289622548359e-07	82408411
55884	2	2.42693673586304e-08	82408411
56107	2	2.42693673586304e-08	82408411
56110	3	3.64040510379456e-08	82408411
56780	4	4.85387347172608e-08	82408411
59374	14	1.69885571510413e-07	82408411
59922	7	8.49427857552065e-08	82408411
60480	2	2.42693673586304e-08	82408411
60481	78	9.46505326986586e-07	82408411
62928	70	8.49427857552065e-07	82408411
62977	83	1.00717874538316e-06	82408411
63118	1	1.21346836793152e-08	82408411
63186	10	1.21346836793152e-07	82408411
63737	11	1.33481520472467e-07	82408411
64091	5	6.0673418396576e-08	82408411
64471	5	6.0673418396576e-08	82408411
65071	7	8.49427857552065e-08	82408411
65093	1	1.21346836793152e-08	82408411
65393	2	2.42693673586304e-08	82408411
66692	2	2.42693673586304e-08	82408411
67593	5	6.0673418396576e-08	82408411
69328	24	2.91232408303565e-07	82408411
72520	7	8.49427857552065e-08	82408411
73025	3	3.64040510379456e-08	82408411
74547	1	1.21346836793152e-08	82408411
74557	2	2.42693673586304e-08	82408411
75379	61	7.40215704438228e-07	82408411
76114	28	3.39771143020826e-07	82408411
76869	39	4.73252663493293e-07	82408411
78245	29	3.51905826700141e-07	82408411
79929	2	2.42693673586304e-08	82408411
83406	3	3.64040510379456e-08	82408411
84588	4	4.85387347172608e-08	82408411
85569	5	6.0673418396576e-08	82408411
85643	84	1.01931342906248e-06	82408411
86416	12	1.45616204151783e-07	82408411
88149	5	6.0673418396576e-08	82408411
90936	2	2.42693673586304e-08	82408411
94122	29	3.51905826700141e-07	82408411
96561	2	2.42693673586304e-08	82408411
96563	200	2.42693673586304e-06	82408411
99287	9	1.09212153113837e-07	82408411
99598	1	1.21346836793152e-08	82408411
100226	11	1.33481520472467e-07	82408411
101510	147	1.78379850085934e-06	82408411
103690	9	1.09212153113837e-07	82408411
105559	3	3.64040510379456e-08	82408411
106370	3	3.64040510379456e-08	82408411
107806	1	1.21346836793152e-08	82408411
109269	9	1.09212153113837e-07	82408411
111598	1	1.21346836793152e-08	82408411
111780	7	8.49427857552065e-08	82408411
111781	3	3.64040510379456e-08	82408411
114615	53	6.43138235003706e-07	82408411
115711	1	1.21346836793152e-08	82408411
115713	2	2.42693673586304e-08	82408411
118163	7	8.49427857552065e-08	82408411
120807	8	9.70774694345217e-08	82408411
122586	1	1.21346836793152e-08	82408411
122587	9	1.09212153113837e-07	82408411
123214	1	1.21346836793152e-08	82408411
126793	3	3.64040510379456e-08	82408411
129356	1	1.21346836793152e-08	82408411
130081	1	1.21346836793152e-08	82408411
134676	18	2.18424306227674e-07	82408411
136089	2	2.42693673586304e-08	82408411
137722	25	3.0336709198288e-07	82408411
145522	1	1.21346836793152e-08	82408411
146891	3	3.64040510379456e-08	82408411
151534	3	3.64040510379456e-08	82408411
151535	2	2.42693673586304e-08	82408411
151538	1	1.21346836793152e-08	82408411
151539	1	1.21346836793152e-08	82408411
153948	13	1.57750887831098e-07	82408411
155864	12	1.45616204151783e-07	82408411
156889	3	3.64040510379456e-08	82408411
158189	41	4.97522030851924e-07	82408411
158190	1	1.21346836793152e-08	82408411
158878	2	2.42693673586304e-08	82408411
159087	67	8.13023806514119e-07	82408411
160488	33	4.00444561417402e-07	82408411
160490	3	3.64040510379456e-08	82408411
160491	2	2.42693673586304e-08	82408411
160492	3	3.64040510379456e-08	82408411
160619	115	1.39548862312125e-06	82408411
164037	10	1.21346836793152e-07	82408411
164328	1	1.21346836793152e-08	82408411
164756	40	4.85387347172608e-07	82408411
164757	2	2.42693673586304e-08	82408411
167542	1	1.21346836793152e-08	82408411
167555	1	1.21346836793152e-08	82408411
167879	3	3.64040510379456e-08	82408411
169683	1	1.21346836793152e-08	82408411
170187	4	4.85387347172608e-08	82408411
171101	33	4.00444561417402e-07	82408411
172968	2	2.42693673586304e-08	82408411
176279	118	1.43189267415919e-06	82408411
176280	125	1.5168354599144e-06	82408411
176299	15	1.82020255189728e-07	82408411
177439	4	4.85387347172608e-08	82408411
179408	69	8.37293173872749e-07	82408411
181082	1	1.21346836793152e-08	82408411
186103	2	2.42693673586304e-08	82408411
187272	13	1.57750887831098e-07	82408411
187303	15	1.82020255189728e-07	82408411
187420	3	3.64040510379456e-08	82408411
188937	10	1.21346836793152e-07	82408411
189423	13	1.57750887831098e-07	82408411
189518	1	1.21346836793152e-08	82408411
189918	22	2.66963040944935e-07	82408411
190304	6	7.28081020758913e-08	82408411
190485	52	6.31003551324391e-07	82408411
190486	14	1.69885571510413e-07	82408411
190650	61	7.40215704438228e-07	82408411
192952	31	3.76175194058771e-07	82408411
194439	4	4.85387347172608e-08	82408411
195102	7	8.49427857552065e-08	82408411
195103	41	4.97522030851924e-07	82408411
196162	57	6.91676969720967e-07	82408411
196164	222	2.69389977680798e-06	82408411
196620	1	1.21346836793152e-08	82408411
196627	1	1.21346836793152e-08	82408411
198215	5	6.0673418396576e-08	82408411
198628	2	2.42693673586304e-08	82408411
198804	2	2.42693673586304e-08	82408411
199310	4	4.85387347172608e-08	82408411
203119	22	2.66963040944935e-07	82408411
203120	17	2.06289622548359e-07	82408411
203122	6	7.28081020758913e-08	82408411
203123	11	1.33481520472467e-07	82408411
203124	14	1.69885571510413e-07	82408411
203275	43	5.21791398210554e-07	82408411
204536	1	1.21346836793152e-08	82408411
204669	4	4.85387347172608e-08	82408411
204773	131	1.58964356199029e-06	82408411
205913	213	2.58468762369414e-06	82408411
205914	21	2.54828357265619e-07	82408411
205918	39	4.73252663493293e-07	82408411
205920	1	1.21346836793152e-08	82408411
205922	138	1.6745863477455e-06	82408411
206672	18	2.18424306227674e-07	82408411
207559	16	1.94154938869043e-07	82408411
208435	9	1.09212153113837e-07	82408411
208596	37	4.48983296134663e-07	82408411
208963	53	6.43138235003706e-07	82408411
208964	105	1.2741417863281e-06	82408411
209052	1	1.21346836793152e-08	82408411
209261	2	2.42693673586304e-08	82408411
210007	15	1.82020255189728e-07	82408411
211110	3	3.64040510379456e-08	82408411
211586	2	2.42693673586304e-08	82408411
212717	2	2.42693673586304e-08	82408411
213810	14	1.69885571510413e-07	82408411
214092	4	4.85387347172608e-08	82408411
214684	19	2.30558989906989e-07	82408411
215689	1	1.21346836793152e-08	82408411
216389	2	2.42693673586304e-08	82408411
216432	15	1.82020255189728e-07	82408411
216591	20	2.42693673586304e-07	82408411
216592	10	1.21346836793152e-07	82408411
216594	5	6.0673418396576e-08	82408411
216595	497	6.03093778861966e-06	82408411
216596	48	5.8246481660713e-07	82408411
216597	1	1.21346836793152e-08	82408411
216599	3	3.64040510379456e-08	82408411
216895	1	1.21346836793152e-08	82408411
218491	1	1.21346836793152e-08	82408411
218495	4	4.85387347172608e-08	82408411
220341	1539	1.86752781824661e-05	82408411
220664	63	7.64485071796858e-07	82408411
220668	2	2.42693673586304e-08	82408411
221029	1	1.21346836793152e-08	82408411
221109	3	3.64040510379456e-08	82408411
221724	1	1.21346836793152e-08	82408411
221988	1	1.21346836793152e-08	82408411
222523	2	2.42693673586304e-08	82408411
223283	57	6.91676969720967e-07	82408411
224308	1	1.21346836793152e-08	82408411
224719	5	6.0673418396576e-08	82408411
224911	69	8.37293173872749e-07	82408411
224914	7	8.49427857552065e-08	82408411
225849	2	2.42693673586304e-08	82408411
225937	6	7.28081020758913e-08	82408411
226185	38	4.61117979813978e-07	82408411
226186	812	9.85336314760395e-06	82408411
227086	7	8.49427857552065e-08	82408411
227321	2	2.42693673586304e-08	82408411
227377	1	1.21346836793152e-08	82408411
227882	15	1.82020255189728e-07	82408411
227941	1	1.21346836793152e-08	82408411
228400	2	2.42693673586304e-08	82408411
228405	9	1.09212153113837e-07	82408411
228410	6	7.28081020758913e-08	82408411
229533	9	1.09212153113837e-07	82408411
231023	33	4.00444561417402e-07	82408411
232721	982	1.19162593730875e-05	82408411
234267	5	6.0673418396576e-08	82408411
234621	3918	4.7543690655557e-05	82408411
234831	1	1.21346836793152e-08	82408411
235279	2	2.42693673586304e-08	82408411
240015	2	2.42693673586304e-08	82408411
240292	4	4.85387347172608e-08	82408411
242231	1	1.21346836793152e-08	82408411
242507	1	1.21346836793152e-08	82408411
242619	4	4.85387347172608e-08	82408411
243159	9	1.09212153113837e-07	82408411
243164	1	1.21346836793152e-08	82408411
243230	8	9.70774694345217e-08	82408411
243231	1	1.21346836793152e-08	82408411
243233	8	9.70774694345217e-08	82408411
243243	18	2.18424306227674e-07	82408411
243273	1	1.21346836793152e-08	82408411
243275	4	4.85387347172608e-08	82408411
243277	4	4.85387347172608e-08	82408411
243365	63	7.64485071796858e-07	82408411
245014	219	2.65749572577003e-06	82408411
245018	607	7.36575299334433e-06	82408411
246194	2	2.42693673586304e-08	82408411
246195	6	7.28081020758913e-08	82408411
246196	23	2.7909772462425e-07	82408411
246197	11	1.33481520472467e-07	82408411
246198	18	2.18424306227674e-07	82408411
246200	7	8.49427857552065e-08	82408411
247156	16	1.94154938869043e-07	82408411
251221	2	2.42693673586304e-08	82408411
251229	3	3.64040510379456e-08	82408411
257310	37	4.48983296134663e-07	82408411
257311	14	1.69885571510413e-07	82408411
257313	24	2.91232408303565e-07	82408411
257314	1	1.21346836793152e-08	82408411
258594	18	2.18424306227674e-07	82408411
259536	331	4.01658029785333e-06	82408411
260373	1	1.21346836793152e-08	82408411
261292	153	1.85660660293523e-06	82408411
261658	4	4.85387347172608e-08	82408411
262316	10	1.21346836793152e-07	82408411
262543	5	6.0673418396576e-08	82408411
262724	44	5.33926081889869e-07	82408411
262728	2	2.42693673586304e-08	82408411
263358	7	8.49427857552065e-08	82408411
264198	41	4.97522030851924e-07	82408411
264199	37	4.48983296134663e-07	82408411
264201	5	6.0673418396576e-08	82408411
264203	8	9.70774694345217e-08	82408411
264462	3	3.64040510379456e-08	82408411
264730	26	3.15501775662195e-07	82408411
264731	22	2.66963040944935e-07	82408411
265072	37	4.48983296134663e-07	82408411
266117	8	9.70774694345217e-08	82408411
266264	78	9.46505326986586e-07	82408411
266265	19	2.30558989906989e-07	82408411
266779	30	3.64040510379456e-07	82408411
266834	19	2.30558989906989e-07	82408411
266835	24	2.91232408303565e-07	82408411
266940	15	1.82020255189728e-07	82408411
267608	93	1.12852558217631e-06	82408411
267671	1	1.21346836793152e-08	82408411
267747	59	7.15946337079597e-07	82408411
268739	1	1.21346836793152e-08	82408411
269482	42	5.09656714531239e-07	82408411
269796	8	9.70774694345217e-08	82408411
269797	162	1.96581875604906e-06	82408411
269798	76	9.22235959627956e-07	82408411
269799	5	6.0673418396576e-08	82408411
269800	10	1.21346836793152e-07	82408411
271848	12	1.45616204151783e-07	82408411
272123	1	1.21346836793152e-08	82408411
272559	95	1.15279494953494e-06	82408411
272560	1	1.21346836793152e-08	82408411
272561	4	4.85387347172608e-08	82408411
272562	3	3.64040510379456e-08	82408411
272563	68	8.25158490193434e-07	82408411
272564	9	1.09212153113837e-07	82408411
272568	21	2.54828357265619e-07	82408411
272569	1	1.21346836793152e-08	82408411
272620	127	1.54110482727303e-06	82408411
272621	2	2.42693673586304e-08	82408411
272622	56	6.79542286041652e-07	82408411
272623	103	1.24987241896947e-06	82408411
272624	3	3.64040510379456e-08	82408411
272626	6	7.28081020758913e-08	82408411
272630	25	3.0336709198288e-07	82408411
272631	3	3.64040510379456e-08	82408411
272634	1	1.21346836793152e-08	82408411
272831	39	4.73252663493293e-07	82408411
272843	3	3.64040510379456e-08	82408411
272942	28	3.39771143020826e-07	82408411
272943	6	7.28081020758913e-08	82408411
272947	3	3.64040510379456e-08	82408411
273036	1	1.21346836793152e-08	82408411
273121	1	1.21346836793152e-08	82408411
278137	16	1.94154938869043e-07	82408411
278197	11	1.33481520472467e-07	82408411
279010	2	2.42693673586304e-08	82408411
279238	35	4.24713928776032e-07	82408411
279281	1	1.21346836793152e-08	82408411
279808	9	1.09212153113837e-07	82408411
280463	20	2.42693673586304e-07	82408411
280699	9	1.09212153113837e-07	82408411
281090	15	1.82020255189728e-07	82408411
281310	3	3.64040510379456e-08	82408411
283009	1	1.21346836793152e-08	82408411
284590	3	3.64040510379456e-08	82408411
284591	1	1.21346836793152e-08	82408411
284592	7	8.49427857552065e-08	82408411
284593	5	6.0673418396576e-08	82408411
284811	6	7.28081020758913e-08	82408411
284812	32	3.88309877738087e-07	82408411
286636	2	2.42693673586304e-08	82408411
288000	56	6.79542286041652e-07	82408411
288681	1	1.21346836793152e-08	82408411
288705	6	7.28081020758913e-08	82408411
289380	16	1.94154938869043e-07	82408411
290317	1	1.21346836793152e-08	82408411
290318	1	1.21346836793152e-08	82408411
290338	8	9.70774694345217e-08	82408411
290339	28	3.39771143020826e-07	82408411
290340	62	7.52350388117543e-07	82408411
290397	7	8.49427857552065e-08	82408411
290398	12	1.45616204151783e-07	82408411
290399	11	1.33481520472467e-07	82408411
290400	1	1.21346836793152e-08	82408411
290402	43	5.21791398210554e-07	82408411
290633	3	3.64040510379456e-08	82408411
291112	1	1.21346836793152e-08	82408411
291331	13	1.57750887831098e-07	82408411
292414	9	1.09212153113837e-07	82408411
292415	38	4.61117979813978e-07	82408411
292459	4	4.85387347172608e-08	82408411
292563	1	1.21346836793152e-08	82408411
292564	5	6.0673418396576e-08	82408411
293613	2	2.42693673586304e-08	82408411
293614	1	1.21346836793152e-08	82408411
293826	13	1.57750887831098e-07	82408411
294381	3	3.64040510379456e-08	82408411
295405	316	3.83456004266361e-06	82408411
296543	104	1.26200710264878e-06	82408411
296591	442	5.36353018625732e-06	82408411
297245	4	4.85387347172608e-08	82408411
298386	9	1.09212153113837e-07	82408411
298653	15	1.82020255189728e-07	82408411
298654	16	1.94154938869043e-07	82408411
299768	33	4.00444561417402e-07	82408411
300267	5	6.0673418396576e-08	82408411
300268	3	3.64040510379456e-08	82408411
300269	4	4.85387347172608e-08	82408411
300852	32	3.88309877738087e-07	82408411
302409	1	1.21346836793152e-08	82408411
304863	2	2.42693673586304e-08	82408411
306263	1	1.21346836793152e-08	82408411
306537	17	2.06289622548359e-07	82408411
309798	1	1.21346836793152e-08	82408411
309800	1	1.21346836793152e-08	82408411
311402	11	1.33481520472467e-07	82408411
311403	9	1.09212153113837e-07	82408411
311424	1	1.21346836793152e-08	82408411
312153	33	4.00444561417402e-07	82408411
312309	4	4.85387347172608e-08	82408411
313595	2	2.42693673586304e-08	82408411
313596	9	1.09212153113837e-07	82408411
313598	37	4.48983296134663e-07	82408411
313603	22	2.66963040944935e-07	82408411
314225	19	2.30558989906989e-07	82408411
314260	1	1.21346836793152e-08	82408411
314275	1	1.21346836793152e-08	82408411
314282	2	2.42693673586304e-08	82408411
314315	4	4.85387347172608e-08	82408411
314565	31	3.76175194058771e-07	82408411
315730	4	4.85387347172608e-08	82408411
315749	11	1.33481520472467e-07	82408411
315750	4	4.85387347172608e-08	82408411
316055	49	5.94599500286445e-07	82408411
316056	29	3.51905826700141e-07	82408411
316057	30	3.64040510379456e-07	82408411
316058	36	4.36848612455348e-07	82408411
316067	1	1.21346836793152e-08	82408411
316273	20	2.42693673586304e-07	82408411
316275	5	6.0673418396576e-08	82408411
316278	3	3.64040510379456e-08	82408411
316385	40	4.85387347172608e-07	82408411
316401	1	1.21346836793152e-08	82408411
316407	1	1.21346836793152e-08	82408411
317025	4	4.85387347172608e-08	82408411
317655	52	6.31003551324391e-07	82408411
317936	1	1.21346836793152e-08	82408411
318167	31	3.76175194058771e-07	82408411
318586	36	4.36848612455348e-07	82408411
319224	5	6.0673418396576e-08	82408411
319225	2	2.42693673586304e-08	82408411
319701	1	1.21346836793152e-08	82408411
319795	20	2.42693673586304e-07	82408411
320373	8	9.70774694345217e-08	82408411
320388	22	2.66963040944935e-07	82408411
320389	5	6.0673418396576e-08	82408411
320483	1	1.21346836793152e-08	82408411
321956	3	3.64040510379456e-08	82408411
321967	30	3.64040510379456e-07	82408411
322104	3	3.64040510379456e-08	82408411
322159	357	4.33208207351553e-06	82408411
322710	42	5.09656714531239e-07	82408411
323097	20	2.42693673586304e-07	82408411
323098	11	1.33481520472467e-07	82408411
323259	13	1.57750887831098e-07	82408411
323261	3	3.64040510379456e-08	82408411
323848	5	6.0673418396576e-08	82408411
323850	1	1.21346836793152e-08	82408411
324057	7	8.49427857552065e-08	82408411
324831	25	3.0336709198288e-07	82408411
324925	1	1.21346836793152e-08	82408411
325240	13	1.57750887831098e-07	82408411
326297	1	1.21346836793152e-08	82408411
326298	30	3.64040510379456e-07	82408411
326423	7	8.49427857552065e-08	82408411
326424	26	3.15501775662195e-07	82408411
326425	2	2.42693673586304e-08	82408411
326426	11	1.33481520472467e-07	82408411
326442	4	4.85387347172608e-08	82408411
329726	11	1.33481520472467e-07	82408411
330214	37	4.48983296134663e-07	82408411
331104	3	3.64040510379456e-08	82408411
331111	79	9.58640010665902e-07	82408411
331112	46	5.581954492485e-07	82408411
331113	1	1.21346836793152e-08	82408411
331271	98	1.18919900057289e-06	82408411
331272	19	2.30558989906989e-07	82408411
333668	3	3.64040510379456e-08	82408411
333849	5	6.0673418396576e-08	82408411
334380	2	2.42693673586304e-08	82408411
334390	5	6.0673418396576e-08	82408411
334406	1	1.21346836793152e-08	82408411
334413	20	2.42693673586304e-07	82408411
335283	13	1.57750887831098e-07	82408411
335284	431	5.23004866578486e-06	82408411
335541	4	4.85387347172608e-08	82408411
335543	8	9.70774694345217e-08	82408411
335659	56	6.79542286041652e-07	82408411
336407	1	1.21346836793152e-08	82408411
337191	9	1.09212153113837e-07	82408411
338187	3	3.64040510379456e-08	82408411
338963	4	4.85387347172608e-08	82408411
338966	24	2.91232408303565e-07	82408411
338969	240	2.91232408303565e-06	82408411
339670	263	3.1914218076599e-06	82408411
339671	1	1.21346836793152e-08	82408411
339860	13	1.57750887831098e-07	82408411
340099	1	1.21346836793152e-08	82408411
340100	112	1.3590845720833e-06	82408411
340322	73	8.8583190859001e-07	82408411
342108	17	2.06289622548359e-07	82408411
342109	11	1.33481520472467e-07	82408411
342451	9	1.09212153113837e-07	82408411
342610	14	1.69885571510413e-07	82408411
343509	6	7.28081020758913e-08	82408411
344609	31	3.76175194058771e-07	82408411
345073	5	6.0673418396576e-08	82408411
347253	83	1.00717874538316e-06	82408411
347328	1	1.21346836793152e-08	82408411
347495	2	2.42693673586304e-08	82408411
347515	13	1.57750887831098e-07	82408411
347834	13	1.57750887831098e-07	82408411
348535	1	1.21346836793152e-08	82408411
349101	23	2.7909772462425e-07	82408411
349102	16	1.94154938869043e-07	82408411
349106	121	1.46829672519714e-06	82408411
349124	5	6.0673418396576e-08	82408411
349161	3	3.64040510379456e-08	82408411
349163	14	1.69885571510413e-07	82408411
349215	4	4.85387347172608e-08	82408411
349519	10	1.21346836793152e-07	82408411
349520	4	4.85387347172608e-08	82408411
349521	4	4.85387347172608e-08	82408411
349741	107	1.29841115368673e-06	82408411
349747	5	6.0673418396576e-08	82408411
350054	22	2.66963040944935e-07	82408411
350058	19	2.30558989906989e-07	82408411
350688	8	9.70774694345217e-08	82408411
351348	25	3.0336709198288e-07	82408411
351605	6	7.28081020758913e-08	82408411
351607	1	1.21346836793152e-08	82408411
351627	7	8.49427857552065e-08	82408411
351745	18	2.18424306227674e-07	82408411
351746	52	6.31003551324391e-07	82408411
352472	10	1.21346836793152e-07	82408411
352914	9	1.09212153113837e-07	82408411
353151	14	1.69885571510413e-07	82408411
353152	7	8.49427857552065e-08	82408411
353153	19	2.30558989906989e-07	82408411
353154	1	1.21346836793152e-08	82408411
353496	1	1.21346836793152e-08	82408411
354242	25	3.0336709198288e-07	82408411
355276	5	6.0673418396576e-08	82408411
355277	6	7.28081020758913e-08	82408411
355278	5	6.0673418396576e-08	82408411
357244	2	2.42693673586304e-08	82408411
357348	19	2.30558989906989e-07	82408411
357544	4	4.85387347172608e-08	82408411
357804	5	6.0673418396576e-08	82408411
357808	1	1.21346836793152e-08	82408411
357809	88	1.06785216377974e-06	82408411
358220	850	1.03144811274179e-05	82408411
358681	1	1.21346836793152e-08	82408411
359786	17	2.06289622548359e-07	82408411
359787	1	1.21346836793152e-08	82408411
360094	24	2.91232408303565e-07	82408411
360095	8	9.70774694345217e-08	82408411
360102	31	3.76175194058771e-07	82408411
360106	13	1.57750887831098e-07	82408411
360109	10	1.21346836793152e-07	82408411
360115	4	4.85387347172608e-08	82408411
360910	21	2.54828357265619e-07	82408411
360911	5	6.0673418396576e-08	82408411
361100	1	1.21346836793152e-08	82408411
362242	6	7.28081020758913e-08	82408411
362663	111	1.34694988840399e-06	82408411
362948	22	2.66963040944935e-07	82408411
362976	2	2.42693673586304e-08	82408411
364106	2	2.42693673586304e-08	82408411
365044	1723	2.09080599794601e-05	82408411
365046	245	2.97299750143223e-06	82408411
365659	51	6.18868867645076e-07	82408411
366394	5	6.0673418396576e-08	82408411
366602	49	5.94599500286445e-07	82408411
367737	157	1.90514533765249e-06	82408411
367775	27	3.27636459341511e-07	82408411
367928	301	3.65253978747388e-06	82408411
368407	2	2.42693673586304e-08	82408411
369723	7	8.49427857552065e-08	82408411
370354	7	8.49427857552065e-08	82408411
370438	2	2.42693673586304e-08	82408411
370553	8	9.70774694345217e-08	82408411
370554	1	1.21346836793152e-08	82408411
373153	46	5.581954492485e-07	82408411
373384	103	1.24987241896947e-06	82408411
373903	3	3.64040510379456e-08	82408411
373994	3	3.64040510379456e-08	82408411
374833	3	3.64040510379456e-08	82408411
374930	1	1.21346836793152e-08	82408411
374931	2	2.42693673586304e-08	82408411
375286	67	8.13023806514119e-07	82408411
375451	6	7.28081020758913e-08	82408411
376686	669	8.11810338146187e-06	82408411
376758	2	2.42693673586304e-08	82408411
377628	11	1.33481520472467e-07	82408411
377629	13	1.57750887831098e-07	82408411
378753	14	1.69885571510413e-07	82408411
378806	5	6.0673418396576e-08	82408411
379066	3	3.64040510379456e-08	82408411
379413	1	1.21346836793152e-08	82408411
379731	275	3.33703801181168e-06	82408411
380358	7	8.49427857552065e-08	82408411
380394	12	1.45616204151783e-07	82408411
380703	112	1.3590845720833e-06	82408411
380749	2	2.42693673586304e-08	82408411
381666	143	1.73525976614208e-06	82408411
381754	70	8.49427857552065e-07	82408411
381764	3	3.64040510379456e-08	82408411
382245	265	3.21569117501853e-06	82408411
382638	2	2.42693673586304e-08	82408411
382640	4	4.85387347172608e-08	82408411
383379	2	2.42693673586304e-08	82408411
383407	10	1.21346836793152e-07	82408411
383629	4	4.85387347172608e-08	82408411
384676	123	1.49256609255577e-06	82408411
385025	1	1.21346836793152e-08	82408411
386043	8	9.70774694345217e-08	82408411
386415	19	2.30558989906989e-07	82408411
386585	14	1.69885571510413e-07	82408411
386656	8	9.70774694345217e-08	82408411
387092	1	1.21346836793152e-08	82408411
387093	10	1.21346836793152e-07	82408411
387344	19	2.30558989906989e-07	82408411
388396	3	3.64040510379456e-08	82408411
388919	25	3.0336709198288e-07	82408411
390235	42	5.09656714531239e-07	82408411
390333	64	7.76619755476173e-07	82408411
390874	1	1.21346836793152e-08	82408411
391008	46	5.581954492485e-07	82408411
391037	5	6.0673418396576e-08	82408411
391038	19	2.30558989906989e-07	82408411
391165	10	1.21346836793152e-07	82408411
391295	7	8.49427857552065e-08	82408411
391296	5	6.0673418396576e-08	82408411
391595	4	4.85387347172608e-08	82408411
391616	4	4.85387347172608e-08	82408411
391619	1	1.21346836793152e-08	82408411
391626	3	3.64040510379456e-08	82408411
391735	225	2.73030382784592e-06	82408411
391774	8	9.70774694345217e-08	82408411
391896	3	3.64040510379456e-08	82408411
391904	87	1.05571748010042e-06	82408411
392499	82	9.95044061703847e-07	82408411
393011	6	7.28081020758913e-08	82408411
393115	2	2.42693673586304e-08	82408411
393305	22	2.66963040944935e-07	82408411
393595	14	1.69885571510413e-07	82408411
393598	1	1.21346836793152e-08	82408411
394221	17	2.06289622548359e-07	82408411
394503	16	1.94154938869043e-07	82408411
395019	132	1.60177824566961e-06	82408411
395491	8	9.70774694345217e-08	82408411
395492	4	4.85387347172608e-08	82408411
395494	23	2.7909772462425e-07	82408411
395495	329	3.9923109304947e-06	82408411
395960	25	3.0336709198288e-07	82408411
395961	3	3.64040510379456e-08	82408411
395963	2	2.42693673586304e-08	82408411
395965	14	1.69885571510413e-07	82408411
396513	1	1.21346836793152e-08	82408411
396588	13	1.57750887831098e-07	82408411
396595	8	9.70774694345217e-08	82408411
397945	331	4.01658029785333e-06	82408411
398511	2	2.42693673586304e-08	82408411
398527	32	3.88309877738087e-07	82408411
398577	10	1.21346836793152e-07	82408411
398578	610	7.40215704438228e-06	82408411
398579	1	1.21346836793152e-08	82408411
398580	13	1.57750887831098e-07	82408411
398767	9	1.09212153113837e-07	82408411
399599	7	8.49427857552065e-08	82408411
399726	2	2.42693673586304e-08	82408411
399739	94	1.14066026585563e-06	82408411
399741	11	1.33481520472467e-07	82408411
399742	5	6.0673418396576e-08	82408411
399781	3	3.64040510379456e-08	82408411
399804	6	7.28081020758913e-08	82408411
400667	285	3.45838484860483e-06	82408411
400668	11	1.33481520472467e-07	82408411
400673	5	6.0673418396576e-08	82408411
400756	111	1.34694988840399e-06	82408411
401053	1	1.21346836793152e-08	82408411
401473	23	2.7909772462425e-07	82408411
402612	571	6.92890438088898e-06	82408411
402626	72	8.73697224910695e-07	82408411
402881	27	3.27636459341511e-07	82408411
402882	12	1.45616204151783e-07	82408411
403677	77	9.34370643307271e-07	82408411
404380	13	1.57750887831098e-07	82408411
404589	14	1.69885571510413e-07	82408411
405416	163	1.97795343972838e-06	82408411
405440	10	1.21346836793152e-07	82408411
405441	1	1.21346836793152e-08	82408411
405531	2	2.42693673586304e-08	82408411
405532	5	6.0673418396576e-08	82408411
405534	3	3.64040510379456e-08	82408411
405535	4	4.85387347172608e-08	82408411
405566	4	4.85387347172608e-08	82408411
405948	27	3.27636459341511e-07	82408411
405955	98	1.18919900057289e-06	82408411
406425	10	1.21346836793152e-07	82408411
406817	3	3.64040510379456e-08	82408411
406984	1	1.21346836793152e-08	82408411
407976	15	1.82020255189728e-07	82408411
409438	10	1.21346836793152e-07	82408411
410289	4	4.85387347172608e-08	82408411
410358	16	1.94154938869043e-07	82408411
411154	29	3.51905826700141e-07	82408411
412022	17	2.06289622548359e-07	82408411
412030	25	3.0336709198288e-07	82408411
412133	10	1.21346836793152e-07	82408411
412418	1	1.21346836793152e-08	82408411
412694	10	1.21346836793152e-07	82408411
412965	2	2.42693673586304e-08	82408411
413404	2	2.42693673586304e-08	82408411
413997	2	2.42693673586304e-08	82408411
413999	7	8.49427857552065e-08	82408411
414684	12	1.45616204151783e-07	82408411
414970	1	1.21346836793152e-08	82408411
416269	12	1.45616204151783e-07	82408411
416344	15	1.82020255189728e-07	82408411
416348	1	1.21346836793152e-08	82408411
416870	37	4.48983296134663e-07	82408411
418127	1	1.21346836793152e-08	82408411
419610	33	4.00444561417402e-07	82408411
419947	4	4.85387347172608e-08	82408411
420245	5	6.0673418396576e-08	82408411
420246	10	1.21346836793152e-07	82408411
420247	127	1.54110482727303e-06	82408411
420662	219	2.65749572577003e-06	82408411
420889	4	4.85387347172608e-08	82408411
420890	5	6.0673418396576e-08	82408411
423211	8	9.70774694345217e-08	82408411
423212	1	1.21346836793152e-08	82408411
423368	64	7.76619755476173e-07	82408411
423536	39	4.73252663493293e-07	82408411
424182	19	2.30558989906989e-07	82408411
425011	37	4.48983296134663e-07	82408411
425104	5	6.0673418396576e-08	82408411
426114	47	5.70330132927815e-07	82408411
426117	38	4.61117979813978e-07	82408411
426355	70	8.49427857552065e-07	82408411
426430	10	1.21346836793152e-07	82408411
428406	70	8.49427857552065e-07	82408411
429009	4	4.85387347172608e-08	82408411
430066	2	2.42693673586304e-08	82408411
431895	7	8.49427857552065e-08	82408411
431943	4	4.85387347172608e-08	82408411
431946	7	8.49427857552065e-08	82408411
431947	10	1.21346836793152e-07	82408411
434271	4	4.85387347172608e-08	82408411
434922	2	2.42693673586304e-08	82408411
434923	3	3.64040510379456e-08	82408411
434924	3	3.64040510379456e-08	82408411
435258	2	2.42693673586304e-08	82408411
435590	3719	4.51288886033733e-05	82408411
435591	460	5.581954492485e-06	82408411
435998	7	8.49427857552065e-08	82408411
436308	5	6.0673418396576e-08	82408411
436717	108	1.31054583736604e-06	82408411
438753	26	3.15501775662195e-07	82408411
439235	4	4.85387347172608e-08	82408411
439375	12	1.45616204151783e-07	82408411
439843	1541	1.86995475498247e-05	82408411
439851	2	2.42693673586304e-08	82408411
439855	27	3.27636459341511e-07	82408411
440085	27	3.27636459341511e-07	82408411
441375	25	3.0336709198288e-07	82408411
441620	45	5.46060765569184e-07	82408411
441768	90	1.09212153113837e-06	82408411
441771	2	2.42693673586304e-08	82408411
441772	1	1.21346836793152e-08	82408411
442563	17	2.06289622548359e-07	82408411
443143	15	1.82020255189728e-07	82408411
443144	4	4.85387347172608e-08	82408411
443218	1	1.21346836793152e-08	82408411
443906	44	5.33926081889869e-07	82408411
444177	9	1.09212153113837e-07	82408411
444178	9	1.09212153113837e-07	82408411
444179	3	3.64040510379456e-08	82408411
446462	28	3.39771143020826e-07	82408411
446465	16	1.94154938869043e-07	82408411
446466	17	2.06289622548359e-07	82408411
446468	17	2.06289622548359e-07	82408411
446469	26	3.15501775662195e-07	82408411
446470	8	9.70774694345217e-08	82408411
446471	12	1.45616204151783e-07	82408411
447217	10	1.21346836793152e-07	82408411
448385	26	3.15501775662195e-07	82408411
449447	14	1.69885571510413e-07	82408411
450851	39	4.73252663493293e-07	82408411
451515	1	1.21346836793152e-08	82408411
451516	8	9.70774694345217e-08	82408411
452471	2	2.42693673586304e-08	82408411
452637	16	1.94154938869043e-07	82408411
452638	25	3.0336709198288e-07	82408411
452652	16	1.94154938869043e-07	82408411
452662	39	4.73252663493293e-07	82408411
452863	13	1.57750887831098e-07	82408411
454169	1533	1.86024700803902e-05	82408411
455488	9	1.09212153113837e-07	82408411
455632	24	2.91232408303565e-07	82408411
456442	1	1.21346836793152e-08	82408411
456481	6	7.28081020758913e-08	82408411
457425	9	1.09212153113837e-07	82408411
458233	8	9.70774694345217e-08	82408411
459349	254	3.08220965454606e-06	82408411
459424	1	1.21346836793152e-08	82408411
459845	1	1.21346836793152e-08	82408411
460265	19	2.30558989906989e-07	82408411
462590	1	1.21346836793152e-08	82408411
464988	13	1.57750887831098e-07	82408411
465515	48	5.8246481660713e-07	82408411
465817	6	7.28081020758913e-08	82408411
467705	20	2.42693673586304e-07	82408411
469008	1	1.21346836793152e-08	82408411
469371	8	9.70774694345217e-08	82408411
469378	9	1.09212153113837e-07	82408411
469382	2	2.42693673586304e-08	82408411
469383	24	2.91232408303565e-07	82408411
469604	5	6.0673418396576e-08	82408411
469607	8	9.70774694345217e-08	82408411
471223	14	1.69885571510413e-07	82408411
471852	10	1.21346836793152e-07	82408411
471853	11	1.33481520472467e-07	82408411
471854	43	5.21791398210554e-07	82408411
471855	6	7.28081020758913e-08	82408411
471856	2	2.42693673586304e-08	82408411
471857	10	1.21346836793152e-07	82408411
471876	2	2.42693673586304e-08	82408411
472759	2	2.42693673586304e-08	82408411
474186	3	3.64040510379456e-08	82408411
476213	1	1.21346836793152e-08	82408411
477641	23	2.7909772462425e-07	82408411
477974	6	7.28081020758913e-08	82408411
478433	1	1.21346836793152e-08	82408411
478434	2	2.42693673586304e-08	82408411
478801	30	3.64040510379456e-07	82408411
479431	60	7.28081020758913e-07	82408411
479432	12	1.45616204151783e-07	82408411
479433	19	2.30558989906989e-07	82408411
479434	3	3.64040510379456e-08	82408411
479435	23	2.7909772462425e-07	82408411
479436	47	5.70330132927815e-07	82408411
479437	33	4.00444561417402e-07	82408411
480119	59	7.15946337079597e-07	82408411
481009	2	2.42693673586304e-08	82408411
481743	2	2.42693673586304e-08	82408411
481805	141	1.71099039878344e-06	82408411
481877	11	1.33481520472467e-07	82408411
482957	16	1.94154938869043e-07	82408411
483179	3	3.64040510379456e-08	82408411
483219	8	9.70774694345217e-08	82408411
484019	1	1.21346836793152e-08	82408411
484020	16	1.94154938869043e-07	82408411
484021	96	1.16492963321426e-06	82408411
484906	3	3.64040510379456e-08	82408411
485914	1	1.21346836793152e-08	82408411
485917	56	6.79542286041652e-07	82408411
485918	31	3.76175194058771e-07	82408411
486410	2	2.42693673586304e-08	82408411
487213	9	1.09212153113837e-07	82408411
487214	10	1.21346836793152e-07	82408411
487521	7	8.49427857552065e-08	82408411
488221	1	1.21346836793152e-08	82408411
488222	2	2.42693673586304e-08	82408411
488223	3	3.64040510379456e-08	82408411
488538	3	3.64040510379456e-08	82408411
489653	2	2.42693673586304e-08	82408411
490759	5	6.0673418396576e-08	82408411
491077	6	7.28081020758913e-08	82408411
491915	15	1.82020255189728e-07	82408411
491916	10	1.21346836793152e-07	82408411
491952	8	9.70774694345217e-08	82408411
497978	94	1.14066026585563e-06	82408411
498211	11	1.33481520472467e-07	82408411
498214	1	1.21346836793152e-08	82408411
498216	8	9.70774694345217e-08	82408411
498217	6	7.28081020758913e-08	82408411
498761	11	1.33481520472467e-07	82408411
502025	14	1.69885571510413e-07	82408411
502558	4	4.85387347172608e-08	82408411
502800	6	7.28081020758913e-08	82408411
502801	7	8.49427857552065e-08	82408411
504472	12	1.45616204151783e-07	82408411
504474	10	1.21346836793152e-07	82408411
504728	101	1.22560305161084e-06	82408411
504832	46	5.581954492485e-07	82408411
507522	58	7.03811653400282e-07	82408411
508765	19	2.30558989906989e-07	82408411
508767	19	2.30558989906989e-07	82408411
508771	9	1.09212153113837e-07	82408411
509169	59	7.15946337079597e-07	82408411
509170	128	1.55323951095235e-06	82408411
509173	538	6.52845981947158e-06	82408411
509190	68	8.25158490193434e-07	82408411
510516	20	2.42693673586304e-07	82408411
511062	6	7.28081020758913e-08	82408411
511437	5	6.0673418396576e-08	82408411
511691	12	1.45616204151783e-07	82408411
511995	1	1.21346836793152e-08	82408411
512565	16	1.94154938869043e-07	82408411
512566	5	6.0673418396576e-08	82408411
515619	1373	1.66609206916998e-05	82408411
515620	262	3.17928712398058e-06	82408411
515621	2	2.42693673586304e-08	82408411
515622	17	2.06289622548359e-07	82408411
515635	1	1.21346836793152e-08	82408411
516950	28	3.39771143020826e-07	82408411
517417	2	2.42693673586304e-08	82408411
517418	1	1.21346836793152e-08	82408411
518766	3	3.64040510379456e-08	82408411
519441	5	6.0673418396576e-08	82408411
519442	1	1.21346836793152e-08	82408411
521006	3	3.64040510379456e-08	82408411
521011	1	1.21346836793152e-08	82408411
521095	5	6.0673418396576e-08	82408411
521096	12	1.45616204151783e-07	82408411
521097	36	4.36848612455348e-07	82408411
521098	1	1.21346836793152e-08	82408411
522306	40	4.85387347172608e-07	82408411
522373	41	4.97522030851924e-07	82408411
522772	2	2.42693673586304e-08	82408411
523791	2	2.42693673586304e-08	82408411
523794	6	7.28081020758913e-08	82408411
523841	1	1.21346836793152e-08	82408411
525146	2	2.42693673586304e-08	82408411
525284	2	2.42693673586304e-08	82408411
525381	8	9.70774694345217e-08	82408411
525897	6	7.28081020758913e-08	82408411
525898	1	1.21346836793152e-08	82408411
525903	5	6.0673418396576e-08	82408411
525909	3	3.64040510379456e-08	82408411
525919	6	7.28081020758913e-08	82408411
526218	10	1.21346836793152e-07	82408411
526222	1	1.21346836793152e-08	82408411
526224	2	2.42693673586304e-08	82408411
526225	30	3.64040510379456e-07	82408411
526226	35	4.24713928776032e-07	82408411
526227	28	3.39771143020826e-07	82408411
529507	4	4.85387347172608e-08	82408411
530564	1	1.21346836793152e-08	82408411
531844	28	3.39771143020826e-07	82408411
535289	407	4.93881625748129e-06	82408411
536019	17	2.06289622548359e-07	82408411
536056	15	1.82020255189728e-07	82408411
536232	1	1.21346836793152e-08	82408411
537021	1	1.21346836793152e-08	82408411
537457	4	4.85387347172608e-08	82408411
537973	1	1.21346836793152e-08	82408411
541229	1	1.21346836793152e-08	82408411
543728	460	5.581954492485e-06	82408411
543734	8	9.70774694345217e-08	82408411
543891	60	7.28081020758913e-07	82408411
543913	105	1.2741417863281e-06	82408411
544556	12	1.45616204151783e-07	82408411
545693	14	1.69885571510413e-07	82408411
545694	1	1.21346836793152e-08	82408411
545695	2	2.42693673586304e-08	82408411
546271	7	8.49427857552065e-08	82408411
546342	1	1.21346836793152e-08	82408411
546414	2	2.42693673586304e-08	82408411
547144	2	2.42693673586304e-08	82408411
547559	2	2.42693673586304e-08	82408411
548473	5	6.0673418396576e-08	82408411
548476	16	1.94154938869043e-07	82408411
548479	8	9.70774694345217e-08	82408411
550537	1	1.21346836793152e-08	82408411
550538	3	3.64040510379456e-08	82408411
550540	20	2.42693673586304e-07	82408411
550542	6	7.28081020758913e-08	82408411
551115	2	2.42693673586304e-08	82408411
551895	2	2.42693673586304e-08	82408411
552526	7	8.49427857552065e-08	82408411
552536	1	1.21346836793152e-08	82408411
552811	3	3.64040510379456e-08	82408411
553174	65	7.88754439155489e-07	82408411
553190	14	1.69885571510413e-07	82408411
553199	2004	2.43179060933477e-05	82408411
553482	3	3.64040510379456e-08	82408411
554290	1	1.21346836793152e-08	82408411
555079	2	2.42693673586304e-08	82408411
555217	1	1.21346836793152e-08	82408411
555778	11	1.33481520472467e-07	82408411
555970	1	1.21346836793152e-08	82408411
556484	23	2.7909772462425e-07	82408411
557433	4	4.85387347172608e-08	82408411
557436	7	8.49427857552065e-08	82408411
557598	37	4.48983296134663e-07	82408411
557599	4	4.85387347172608e-08	82408411
557600	34	4.12579245096717e-07	82408411
557722	44	5.33926081889869e-07	82408411
557723	2	2.42693673586304e-08	82408411
557760	15	1.82020255189728e-07	82408411
559292	250	3.0336709198288e-06	82408411
559295	14	1.69885571510413e-07	82408411
559307	13	1.57750887831098e-07	82408411
561229	6	7.28081020758913e-08	82408411
561230	1	1.21346836793152e-08	82408411
561231	1	1.21346836793152e-08	82408411
561276	6	7.28081020758913e-08	82408411
561304	2	2.42693673586304e-08	82408411
563040	4	4.85387347172608e-08	82408411
563178	1	1.21346836793152e-08	82408411
565034	3	3.64040510379456e-08	82408411
565040	173	2.09930027652153e-06	82408411
565042	110	1.33481520472467e-06	82408411
565050	35	4.24713928776032e-07	82408411
565655	7	8.49427857552065e-08	82408411
566546	1	1.21346836793152e-08	82408411
567106	5	6.0673418396576e-08	82408411
568206	6	7.28081020758913e-08	82408411
568703	1	1.21346836793152e-08	82408411
568704	3	3.64040510379456e-08	82408411
568706	4	4.85387347172608e-08	82408411
568707	22	2.66963040944935e-07	82408411
568814	18	2.18424306227674e-07	82408411
568816	35	4.24713928776032e-07	82408411
571800	547	6.63767197258542e-06	82408411
572264	1	1.21346836793152e-08	82408411
572265	2	2.42693673586304e-08	82408411
572477	16	1.94154938869043e-07	82408411
572479	4	4.85387347172608e-08	82408411
572480	42	5.09656714531239e-07	82408411
572544	2	2.42693673586304e-08	82408411
572547	1	1.21346836793152e-08	82408411
573059	5	6.0673418396576e-08	82408411
573061	4	4.85387347172608e-08	82408411
573062	1	1.21346836793152e-08	82408411
573064	1	1.21346836793152e-08	82408411
573065	10	1.21346836793152e-07	82408411
573235	4	4.85387347172608e-08	82408411
573370	6	7.28081020758913e-08	82408411
573413	2	2.42693673586304e-08	82408411
573729	13	1.57750887831098e-07	82408411
573825	1	1.21346836793152e-08	82408411
573826	5	6.0673418396576e-08	82408411
574087	1	1.21346836793152e-08	82408411
574093	1	1.21346836793152e-08	82408411
574521	8	9.70774694345217e-08	82408411
574556	1	1.21346836793152e-08	82408411
575614	8	9.70774694345217e-08	82408411
577650	3	3.64040510379456e-08	82408411
578455	12	1.45616204151783e-07	82408411
578461	1	1.21346836793152e-08	82408411
579138	1	1.21346836793152e-08	82408411
579405	4	4.85387347172608e-08	82408411
580050	10	1.21346836793152e-07	82408411
580327	10	1.21346836793152e-07	82408411
580332	16	1.94154938869043e-07	82408411
581103	2	2.42693673586304e-08	82408411
582402	4	4.85387347172608e-08	82408411
582744	7	8.49427857552065e-08	82408411
582899	14	1.69885571510413e-07	82408411
583345	36	4.36848612455348e-07	82408411
583346	4	4.85387347172608e-08	82408411
583355	3	3.64040510379456e-08	82408411
584721	3	3.64040510379456e-08	82408411
585034	4	4.85387347172608e-08	82408411
585035	3	3.64040510379456e-08	82408411
585054	15	1.82020255189728e-07	82408411
585055	9	1.09212153113837e-07	82408411
585056	17	2.06289622548359e-07	82408411
585057	17	2.06289622548359e-07	82408411
585394	541	6.56486387050953e-06	82408411
585395	4	4.85387347172608e-08	82408411
585396	1542	1.87116822335041e-05	82408411
585397	2	2.42693673586304e-08	82408411
589865	3	3.64040510379456e-08	82408411
590409	2	2.42693673586304e-08	82408411
590739	2	2.42693673586304e-08	82408411
590998	23	2.7909772462425e-07	82408411
591001	25	3.0336709198288e-07	82408411
591020	2	2.42693673586304e-08	82408411
591167	8	9.70774694345217e-08	82408411
591365	5	6.0673418396576e-08	82408411
591946	2	2.42693673586304e-08	82408411
592022	2	2.42693673586304e-08	82408411
592029	9	1.09212153113837e-07	82408411
592316	3	3.64040510379456e-08	82408411
593588	7	8.49427857552065e-08	82408411
593750	2	2.42693673586304e-08	82408411
593907	15	1.82020255189728e-07	82408411
595494	39	4.73252663493293e-07	82408411
595495	48	5.8246481660713e-07	82408411
595496	5	6.0673418396576e-08	82408411
595499	2	2.42693673586304e-08	82408411
595528	19	2.30558989906989e-07	82408411
595537	356	4.31994738983621e-06	82408411
596153	329	3.9923109304947e-06	82408411
596154	288	3.49478889964278e-06	82408411
598659	8	9.70774694345217e-08	82408411
600809	1	1.21346836793152e-08	82408411
604162	5	6.0673418396576e-08	82408411
610130	87	1.05571748010042e-06	82408411
617121	2	2.42693673586304e-08	82408411
622759	13	1.57750887831098e-07	82408411
626418	32	3.88309877738087e-07	82408411
627192	30	3.64040510379456e-07	82408411
630626	4	4.85387347172608e-08	82408411
632292	1	1.21346836793152e-08	82408411
632772	42	5.09656714531239e-07	82408411
633147	11	1.33481520472467e-07	82408411
633149	51	6.18868867645076e-07	82408411
633699	9	1.09212153113837e-07	82408411
634176	8	9.70774694345217e-08	82408411
634177	5	6.0673418396576e-08	82408411
634452	7	8.49427857552065e-08	82408411
634456	3	3.64040510379456e-08	82408411
634497	3	3.64040510379456e-08	82408411
634498	16	1.94154938869043e-07	82408411
634499	1	1.21346836793152e-08	82408411
634500	39	4.73252663493293e-07	82408411
634503	3	3.64040510379456e-08	82408411
634504	1	1.21346836793152e-08	82408411
635013	1	1.21346836793152e-08	82408411
637379	45	5.46060765569184e-07	82408411
637887	2	2.42693673586304e-08	82408411
637909	26	3.15501775662195e-07	82408411
637910	3	3.64040510379456e-08	82408411
639282	3	3.64040510379456e-08	82408411
639283	26	3.15501775662195e-07	82408411
640081	80	9.70774694345217e-07	82408411
640131	57	6.91676969720967e-07	82408411
640132	3	3.64040510379456e-08	82408411
640510	11	1.33481520472467e-07	82408411
640511	24	2.91232408303565e-07	82408411
640512	11	1.33481520472467e-07	82408411
640513	5	6.0673418396576e-08	82408411
641491	3	3.64040510379456e-08	82408411
641892	2	2.42693673586304e-08	82408411
642492	8	9.70774694345217e-08	82408411
643561	228	2.76670787888387e-06	82408411
643562	4	4.85387347172608e-08	82408411
643648	1	1.21346836793152e-08	82408411
643867	12	1.45616204151783e-07	82408411
644042	5	6.0673418396576e-08	82408411
644223	1	1.21346836793152e-08	82408411
644282	6	7.28081020758913e-08	82408411
644283	11	1.33481520472467e-07	82408411
644284	2	2.42693673586304e-08	82408411
644651	1	1.21346836793152e-08	82408411
644801	82	9.95044061703847e-07	82408411
644966	3	3.64040510379456e-08	82408411
645127	28	3.39771143020826e-07	82408411
645462	2	2.42693673586304e-08	82408411
645463	72	8.73697224910695e-07	82408411
645464	13	1.57750887831098e-07	82408411
645657	4	4.85387347172608e-08	82408411
646529	10	1.21346836793152e-07	82408411
648757	7	8.49427857552065e-08	82408411
648996	3	3.64040510379456e-08	82408411
648999	11	1.33481520472467e-07	82408411
649349	21	2.54828357265619e-07	82408411
649638	4	4.85387347172608e-08	82408411
649639	7	8.49427857552065e-08	82408411
649831	17	2.06289622548359e-07	82408411
650150	8	9.70774694345217e-08	82408411
651182	2	2.42693673586304e-08	82408411
652103	38	4.61117979813978e-07	82408411
652620	2	2.42693673586304e-08	82408411
653045	21	2.54828357265619e-07	82408411
653733	4	4.85387347172608e-08	82408411
653938	5	6.0673418396576e-08	82408411
655815	26	3.15501775662195e-07	82408411
655816	2	2.42693673586304e-08	82408411
656024	6	7.28081020758913e-08	82408411
656519	5	6.0673418396576e-08	82408411
657308	26	3.15501775662195e-07	82408411
657309	828	1.0047518086473e-05	82408411
657310	3	3.64040510379456e-08	82408411
657313	767	9.30730238203477e-06	82408411
657314	593	7.19586742183392e-06	82408411
657315	507	6.15228462541281e-06	82408411
657316	226	2.74243851152524e-06	82408411
657317	1038	1.25958016591292e-05	82408411
657318	1140	1.38335393944193e-05	82408411
657319	145	1.75952913350071e-06	82408411
657321	755	9.16168617788298e-06	82408411
657322	908	1.10182927808182e-05	82408411
657323	756	9.1738208615623e-06	82408411
657324	7	8.49427857552065e-08	82408411
658172	1	1.21346836793152e-08	82408411
661367	9	1.09212153113837e-07	82408411
661410	12	1.45616204151783e-07	82408411
662598	2	2.42693673586304e-08	82408411
662755	8	9.70774694345217e-08	82408411
663278	10	1.21346836793152e-07	82408411
663917	3	3.64040510379456e-08	82408411
663954	3	3.64040510379456e-08	82408411
666681	112	1.3590845720833e-06	82408411
666685	20	2.42693673586304e-07	82408411
666686	4	4.85387347172608e-08	82408411
667015	129	1.56537419463166e-06	82408411
668336	1	1.21346836793152e-08	82408411
669502	2	2.42693673586304e-08	82408411
670307	5	6.0673418396576e-08	82408411
670487	4	4.85387347172608e-08	82408411
671143	3	3.64040510379456e-08	82408411
675635	37	4.48983296134663e-07	82408411
679897	3	3.64040510379456e-08	82408411
679935	119	1.44402735783851e-06	82408411
679936	1	1.21346836793152e-08	82408411
680198	19	2.30558989906989e-07	82408411
680646	9	1.09212153113837e-07	82408411
681288	2	2.42693673586304e-08	82408411
682370	1	1.21346836793152e-08	82408411
682634	2	2.42693673586304e-08	82408411
682795	2	2.42693673586304e-08	82408411
683837	1	1.21346836793152e-08	82408411
684738	78	9.46505326986586e-07	82408411
685038	1	1.21346836793152e-08	82408411
685727	22	2.66963040944935e-07	82408411
688245	173	2.09930027652153e-06	82408411
688270	36	4.36848612455348e-07	82408411
690566	29	3.51905826700141e-07	82408411
690850	3	3.64040510379456e-08	82408411
691437	9	1.09212153113837e-07	82408411
692420	2	2.42693673586304e-08	82408411
693216	1	1.21346836793152e-08	82408411
693444	1	1.21346836793152e-08	82408411
693746	23	2.7909772462425e-07	82408411
693970	8	9.70774694345217e-08	82408411
693973	1	1.21346836793152e-08	82408411
693974	9	1.09212153113837e-07	82408411
693977	2	2.42693673586304e-08	82408411
693978	36	4.36848612455348e-07	82408411
693979	72	8.73697224910695e-07	82408411
693982	11	1.33481520472467e-07	82408411
694427	27	3.27636459341511e-07	82408411
694569	1	1.21346836793152e-08	82408411
694581	1	1.21346836793152e-08	82408411
695560	6	7.28081020758913e-08	82408411
696125	1	1.21346836793152e-08	82408411
696216	15	1.82020255189728e-07	82408411
696281	5	6.0673418396576e-08	82408411
696406	3	3.64040510379456e-08	82408411
696747	1	1.21346836793152e-08	82408411
696749	27	3.27636459341511e-07	82408411
697281	4	4.85387347172608e-08	82408411
697329	39	4.73252663493293e-07	82408411
698737	3	3.64040510379456e-08	82408411
698758	5	6.0673418396576e-08	82408411
698761	7	8.49427857552065e-08	82408411
698936	3	3.64040510379456e-08	82408411
698972	3	3.64040510379456e-08	82408411
698973	3	3.64040510379456e-08	82408411
699032	25	3.0336709198288e-07	82408411
699033	8	9.70774694345217e-08	82408411
699037	14	1.69885571510413e-07	82408411
699246	3	3.64040510379456e-08	82408411
700015	5	6.0673418396576e-08	82408411
700508	9	1.09212153113837e-07	82408411
700598	62	7.52350388117543e-07	82408411
701347	7	8.49427857552065e-08	82408411
701521	4	4.85387347172608e-08	82408411
702113	52	6.31003551324391e-07	82408411
702459	27	3.27636459341511e-07	82408411
703613	3	3.64040510379456e-08	82408411
706191	2	2.42693673586304e-08	82408411
706194	1	1.21346836793152e-08	82408411
706587	1	1.21346836793152e-08	82408411
707241	8	9.70774694345217e-08	82408411
708248	1	1.21346836793152e-08	82408411
708616	1	1.21346836793152e-08	82408411
709032	3	3.64040510379456e-08	82408411
709986	4	4.85387347172608e-08	82408411
709991	138	1.6745863477455e-06	82408411
710127	1	1.21346836793152e-08	82408411
710128	1	1.21346836793152e-08	82408411
710421	15	1.82020255189728e-07	82408411
710685	21	2.54828357265619e-07	82408411
710686	8	9.70774694345217e-08	82408411
710696	13	1.57750887831098e-07	82408411
712898	9	1.09212153113837e-07	82408411
712961	24	2.91232408303565e-07	82408411
713604	8	9.70774694345217e-08	82408411
714313	20	2.42693673586304e-07	82408411
714359	6	7.28081020758913e-08	82408411
715451	6	7.28081020758913e-08	82408411
716541	49	5.94599500286445e-07	82408411
716544	7	8.49427857552065e-08	82408411
717231	2	2.42693673586304e-08	82408411
717605	2	2.42693673586304e-08	82408411
717608	122	1.48043140887646e-06	82408411
717774	4	4.85387347172608e-08	82408411
717785	9	1.09212153113837e-07	82408411
717959	142	1.72312508246276e-06	82408411
717960	206	2.49974483793893e-06	82408411
717961	114	1.38335393944193e-06	82408411
717962	459	5.56981980880568e-06	82408411
718251	1	1.21346836793152e-08	82408411
718252	759	9.21022491260024e-06	82408411
718254	6	7.28081020758913e-08	82408411
718255	497	6.03093778861966e-06	82408411
718271	17	2.06289622548359e-07	82408411
718274	4	4.85387347172608e-08	82408411
720554	19	2.30558989906989e-07	82408411
722911	54	6.55272918683021e-07	82408411
741091	16	1.94154938869043e-07	82408411
742013	368	4.465563593988e-06	82408411
743299	6	7.28081020758913e-08	82408411
743525	751	9.11314744316572e-06	82408411
743718	20	2.42693673586304e-07	82408411
743720	39	4.73252663493293e-07	82408411
743721	32	3.88309877738087e-07	82408411
743722	12	1.45616204151783e-07	82408411
744533	6	7.28081020758913e-08	82408411
744872	1	1.21346836793152e-08	82408411
744985	1	1.21346836793152e-08	82408411
745277	12	1.45616204151783e-07	82408411
745310	58	7.03811653400282e-07	82408411
745776	6	7.28081020758913e-08	82408411
746361	15	1.82020255189728e-07	82408411
746697	19	2.30558989906989e-07	82408411
748247	39	4.73252663493293e-07	82408411
748280	50	6.0673418396576e-07	82408411
748671	11	1.33481520472467e-07	82408411
748727	5	6.0673418396576e-08	82408411
749219	17	2.06289622548359e-07	82408411
749414	9	1.09212153113837e-07	82408411
749927	11	1.33481520472467e-07	82408411
751585	239	2.90018939935634e-06	82408411
751945	48	5.8246481660713e-07	82408411
754035	15	1.82020255189728e-07	82408411
754252	19	2.30558989906989e-07	82408411
754476	5	6.0673418396576e-08	82408411
754477	10	1.21346836793152e-07	82408411
755178	2	2.42693673586304e-08	82408411
755731	1	1.21346836793152e-08	82408411
755732	59	7.15946337079597e-07	82408411
756272	4	4.85387347172608e-08	82408411
756499	1	1.21346836793152e-08	82408411
757424	146	1.77166381718002e-06	82408411
758793	17	2.06289622548359e-07	82408411
759350	124	1.50470077623509e-06	82408411
759362	14	1.69885571510413e-07	82408411
759914	2	2.42693673586304e-08	82408411
760154	3	3.64040510379456e-08	82408411
760192	21	2.54828357265619e-07	82408411
760568	4	4.85387347172608e-08	82408411
760570	20	2.42693673586304e-07	82408411
761193	16	1.94154938869043e-07	82408411
762051	5	6.0673418396576e-08	82408411
762376	60	7.28081020758913e-07	82408411
762550	4	4.85387347172608e-08	82408411
762570	3	3.64040510379456e-08	82408411
762633	130	1.57750887831098e-06	82408411
762903	35	4.24713928776032e-07	82408411
762948	12	1.45616204151783e-07	82408411
765698	22	2.66963040944935e-07	82408411
765874	6	7.28081020758913e-08	82408411
765911	13	1.57750887831098e-07	82408411
765912	8	9.70774694345217e-08	82408411
765952	17	2.06289622548359e-07	82408411
766760	1	1.21346836793152e-08	82408411
767029	4	4.85387347172608e-08	82408411
767031	17	2.06289622548359e-07	82408411
767434	9	1.09212153113837e-07	82408411
767453	2	2.42693673586304e-08	82408411
767455	3	3.64040510379456e-08	82408411
767462	3	3.64040510379456e-08	82408411
767463	329	3.9923109304947e-06	82408411
768066	11	1.33481520472467e-07	82408411
768486	6	7.28081020758913e-08	82408411
768490	7	8.49427857552065e-08	82408411
768492	6	7.28081020758913e-08	82408411
768670	1	1.21346836793152e-08	82408411
768700	1	1.21346836793152e-08	82408411
771875	4	4.85387347172608e-08	82408411
797210	1	1.21346836793152e-08	82408411
798128	101	1.22560305161084e-06	82408411
856793	2	2.42693673586304e-08	82408411
857087	8	9.70774694345217e-08	82408411
858215	1	1.21346836793152e-08	82408411
858619	10	1.21346836793152e-07	82408411
859654	1	1.21346836793152e-08	82408411
859655	38	4.61117979813978e-07	82408411
859656	50	6.0673418396576e-07	82408411
859657	45	5.46060765569184e-07	82408411
860228	9	1.09212153113837e-07	82408411
861208	12	1.45616204151783e-07	82408411
861360	39	4.73252663493293e-07	82408411
862719	15	1.82020255189728e-07	82408411
862751	23	2.7909772462425e-07	82408411
862908	10	1.21346836793152e-07	82408411
862962	230	2.7909772462425e-06	82408411
862965	14	1.69885571510413e-07	82408411
862966	8	9.70774694345217e-08	82408411
862967	3	3.64040510379456e-08	82408411
862968	2	2.42693673586304e-08	82408411
862969	4	4.85387347172608e-08	82408411
862970	11	1.33481520472467e-07	82408411
862971	12	1.45616204151783e-07	82408411
865938	6	7.28081020758913e-08	82408411
866536	14	1.69885571510413e-07	82408411
866630	1	1.21346836793152e-08	82408411
866768	73	8.8583190859001e-07	82408411
866775	9	1.09212153113837e-07	82408411
866777	18	2.18424306227674e-07	82408411
866895	2	2.42693673586304e-08	82408411
867900	20	2.42693673586304e-07	82408411
867902	7	8.49427857552065e-08	82408411
867904	7	8.49427857552065e-08	82408411
868131	3	3.64040510379456e-08	82408411
868132	4	4.85387347172608e-08	82408411
868597	22	2.66963040944935e-07	82408411
868864	1	1.21346836793152e-08	82408411
869209	15	1.82020255189728e-07	82408411
869210	1	1.21346836793152e-08	82408411
869212	4	4.85387347172608e-08	82408411
869216	5	6.0673418396576e-08	82408411
869269	1	1.21346836793152e-08	82408411
869309	23	2.7909772462425e-07	82408411
869729	26	3.15501775662195e-07	82408411
871271	1	1.21346836793152e-08	82408411
871584	1	1.21346836793152e-08	82408411
871585	78	9.46505326986586e-07	82408411
871963	3	3.64040510379456e-08	82408411
875328	8	9.70774694345217e-08	82408411
877468	1	1.21346836793152e-08	82408411
879243	6	7.28081020758913e-08	82408411
880070	5	6.0673418396576e-08	82408411
880071	33	4.00444561417402e-07	82408411
880591	18	2.18424306227674e-07	82408411
880633	2	2.42693673586304e-08	82408411
880758	60	7.28081020758913e-07	82408411
881621	2	2.42693673586304e-08	82408411
882102	2	2.42693673586304e-08	82408411
882378	2	2.42693673586304e-08	82408411
882884	10	1.21346836793152e-07	82408411
882944	2	2.42693673586304e-08	82408411
883062	25	3.0336709198288e-07	82408411
884204	5	6.0673418396576e-08	82408411
885276	2	2.42693673586304e-08	82408411
886293	16	1.94154938869043e-07	82408411
886377	8	9.70774694345217e-08	82408411
887061	5	6.0673418396576e-08	82408411
889738	53	6.43138235003706e-07	82408411
889932	3	3.64040510379456e-08	82408411
890402	179	2.17210837859742e-06	82408411
891391	14	1.69885571510413e-07	82408411
903814	21	2.54828357265619e-07	82408411
905079	10	1.21346836793152e-07	82408411
906968	13	1.57750887831098e-07	82408411
907265	5	6.0673418396576e-08	82408411
907269	5	6.0673418396576e-08	82408411
907287	1	1.21346836793152e-08	82408411
908937	21	2.54828357265619e-07	82408411
909420	3	3.64040510379456e-08	82408411
909946	1	1.21346836793152e-08	82408411
909952	142	1.72312508246276e-06	82408411
909954	4	4.85387347172608e-08	82408411
910348	6	7.28081020758913e-08	82408411
911045	5	6.0673418396576e-08	82408411
914127	4	4.85387347172608e-08	82408411
926550	5	6.0673418396576e-08	82408411
926556	3	3.64040510379456e-08	82408411
926562	16	1.94154938869043e-07	82408411
926566	4	4.85387347172608e-08	82408411
926569	3	3.64040510379456e-08	82408411
926570	4	4.85387347172608e-08	82408411
927666	28	3.39771143020826e-07	82408411
927704	3	3.64040510379456e-08	82408411
929102	65	7.88754439155489e-07	82408411
929439	8	9.70774694345217e-08	82408411
929556	23	2.7909772462425e-07	82408411
929562	42	5.09656714531239e-07	82408411
930169	9	1.09212153113837e-07	82408411
930170	3	3.64040510379456e-08	82408411
930171	13	1.57750887831098e-07	82408411
930944	17	2.06289622548359e-07	82408411
931276	32	3.88309877738087e-07	82408411
931281	15	1.82020255189728e-07	82408411
931626	13	1.57750887831098e-07	82408411
931890	7	8.49427857552065e-08	82408411
932677	2	2.42693673586304e-08	82408411
932919	2	2.42693673586304e-08	82408411
933093	1	1.21346836793152e-08	82408411
935296	5	6.0673418396576e-08	82408411
935588	1	1.21346836793152e-08	82408411
935593	4	4.85387347172608e-08	82408411
935599	1	1.21346836793152e-08	82408411
935897	3	3.64040510379456e-08	82408411
936153	24	2.91232408303565e-07	82408411
936154	1	1.21346836793152e-08	82408411
936156	1	1.21346836793152e-08	82408411
936157	1	1.21346836793152e-08	82408411
937773	2	2.42693673586304e-08	82408411
937774	3	3.64040510379456e-08	82408411
937777	4	4.85387347172608e-08	82408411
940190	8	9.70774694345217e-08	82408411
940296	1	1.21346836793152e-08	82408411
941193	10	1.21346836793152e-07	82408411
941639	4	4.85387347172608e-08	82408411
941968	1	1.21346836793152e-08	82408411
942513	1	1.21346836793152e-08	82408411
944546	82	9.95044061703847e-07	82408411
944547	157	1.90514533765249e-06	82408411
945021	2	2.42693673586304e-08	82408411
945556	19	2.30558989906989e-07	82408411
945704	12	1.45616204151783e-07	82408411
945711	1	1.21346836793152e-08	82408411
945712	3	3.64040510379456e-08	82408411
945713	2	2.42693673586304e-08	82408411
946362	10	1.21346836793152e-07	82408411
946483	22	2.66963040944935e-07	82408411
953739	8	9.70774694345217e-08	82408411
956149	1	1.21346836793152e-08	82408411
977880	62	7.52350388117543e-07	82408411
979556	56	6.79542286041652e-07	82408411
979982	1	1.21346836793152e-08	82408411
980422	1	1.21346836793152e-08	82408411
980514	17	2.06289622548359e-07	82408411
981222	3	3.64040510379456e-08	82408411
981368	10	1.21346836793152e-07	82408411
981539	3	3.64040510379456e-08	82408411
981540	19	2.30558989906989e-07	82408411
983544	35	4.24713928776032e-07	82408411
983545	6	7.28081020758913e-08	82408411
983548	7	8.49427857552065e-08	82408411
983917	202	2.45120610322167e-06	82408411
984262	15	1.82020255189728e-07	82408411
984892	3	3.64040510379456e-08	82408411
985002	4	4.85387347172608e-08	82408411
990288	5	6.0673418396576e-08	82408411
990315	34	4.12579245096717e-07	82408411
990316	52	6.31003551324391e-07	82408411
990317	30	3.64040510379456e-07	82408411
991791	1	1.21346836793152e-08	82408411
991905	18	2.18424306227674e-07	82408411
992406	12	1.45616204151783e-07	82408411
994476	21	2.54828357265619e-07	82408411
994484	119	1.44402735783851e-06	82408411
996285	141	1.71099039878344e-06	82408411
998088	59	7.15946337079597e-07	82408411
999378	1	1.21346836793152e-08	82408411
999541	37	4.48983296134663e-07	82408411
999552	7	8.49427857552065e-08	82408411
999891	1	1.21346836793152e-08	82408411
999953	5	6.0673418396576e-08	82408411
1001583	5	6.0673418396576e-08	82408411
1001585	53	6.43138235003706e-07	82408411
1002672	1	1.21346836793152e-08	82408411
1002809	35	4.24713928776032e-07	82408411
1003195	28	3.39771143020826e-07	82408411
1004785	1	1.21346836793152e-08	82408411
1004787	1	1.21346836793152e-08	82408411
1004788	1	1.21346836793152e-08	82408411
1004952	1	1.21346836793152e-08	82408411
1005041	10	1.21346836793152e-07	82408411
1005042	13	1.57750887831098e-07	82408411
1005048	160	1.94154938869043e-06	82408411
1005057	1	1.21346836793152e-08	82408411
1005058	1	1.21346836793152e-08	82408411
1006007	2	2.42693673586304e-08	82408411
1006551	25	3.0336709198288e-07	82408411
1007064	1	1.21346836793152e-08	82408411
1007105	18	2.18424306227674e-07	82408411
1008459	4	4.85387347172608e-08	82408411
1009464	3	3.64040510379456e-08	82408411
1009846	21	2.54828357265619e-07	82408411
1016998	9	1.09212153113837e-07	82408411
1017264	10	1.21346836793152e-07	82408411
1028307	12	1.45616204151783e-07	82408411
1028799	1	1.21346836793152e-08	82408411
1029756	7	8.49427857552065e-08	82408411
1030843	4	4.85387347172608e-08	82408411
1031709	83	1.00717874538316e-06	82408411
1031710	14	1.69885571510413e-07	82408411
1031711	22	2.66963040944935e-07	82408411
1032480	16	1.94154938869043e-07	82408411
1033813	9	1.09212153113837e-07	82408411
1034807	308	3.73748257322908e-06	82408411
1034809	1	1.21346836793152e-08	82408411
1034836	1	1.21346836793152e-08	82408411
1035817	57	6.91676969720967e-07	82408411
1036172	69	8.37293173872749e-07	82408411
1036672	12	1.45616204151783e-07	82408411
1036743	12	1.45616204151783e-07	82408411
1037409	67	8.13023806514119e-07	82408411
1037911	331	4.01658029785333e-06	82408411
1041504	2	2.42693673586304e-08	82408411
1041826	142	1.72312508246276e-06	82408411
1042156	66	8.00889122834804e-07	82408411
1042417	1	1.21346836793152e-08	82408411
1042876	39	4.73252663493293e-07	82408411
1042878	56	6.79542286041652e-07	82408411
1045854	9	1.09212153113837e-07	82408411
1045855	32	3.88309877738087e-07	82408411
1045856	9	1.09212153113837e-07	82408411
1045858	2	2.42693673586304e-08	82408411
1046624	7	8.49427857552065e-08	82408411
1046629	130	1.57750887831098e-06	82408411
1046632	2	2.42693673586304e-08	82408411
1048260	2	2.42693673586304e-08	82408411
1048332	97	1.17706431689358e-06	82408411
1049565	29	3.51905826700141e-07	82408411
1051074	52	6.31003551324391e-07	82408411
1051632	1	1.21346836793152e-08	82408411
1054460	25	3.0336709198288e-07	82408411
1064535	34	4.12579245096717e-07	82408411
1064539	17	2.06289622548359e-07	82408411
1064592	12	1.45616204151783e-07	82408411
1069533	30	3.64040510379456e-07	82408411
1069534	9	1.09212153113837e-07	82408411
1071378	6	7.28081020758913e-08	82408411
1071381	11	1.33481520472467e-07	82408411
1071382	9	1.09212153113837e-07	82408411
1071400	7	8.49427857552065e-08	82408411
1072467	1	1.21346836793152e-08	82408411
1074919	3	3.64040510379456e-08	82408411
1075089	19	2.30558989906989e-07	82408411
1075399	2	2.42693673586304e-08	82408411
1076934	31	3.76175194058771e-07	82408411
1080228	2	2.42693673586304e-08	82408411
1081093	1	1.21346836793152e-08	82408411
1082931	10	1.21346836793152e-07	82408411
1085623	1	1.21346836793152e-08	82408411
1087448	1	1.21346836793152e-08	82408411
1088720	1	1.21346836793152e-08	82408411
1089456	48	5.8246481660713e-07	82408411
1089553	4	4.85387347172608e-08	82408411
1091041	1	1.21346836793152e-08	82408411
1091045	740	8.97966592269325e-06	82408411
1091494	9	1.09212153113837e-07	82408411
1091495	2	2.42693673586304e-08	82408411
1091497	1	1.21346836793152e-08	82408411
1093141	46	5.581954492485e-07	82408411
1093787	12	1.45616204151783e-07	82408411
1094466	105	1.2741417863281e-06	82408411
1094980	1	1.21346836793152e-08	82408411
1095774	1	1.21346836793152e-08	82408411
1096995	5	6.0673418396576e-08	82408411
1096996	59	7.15946337079597e-07	82408411
1097668	25	3.0336709198288e-07	82408411
1097677	24	2.91232408303565e-07	82408411
1100841	1	1.21346836793152e-08	82408411
1104320	3	3.64040510379456e-08	82408411
1104322	30	3.64040510379456e-07	82408411
1104325	11	1.33481520472467e-07	82408411
1104326	14	1.69885571510413e-07	82408411
1105096	1	1.21346836793152e-08	82408411
1105101	2	2.42693673586304e-08	82408411
1107880	23	2.7909772462425e-07	82408411
1110502	15	1.82020255189728e-07	82408411
1111068	11	1.33481520472467e-07	82408411
1111069	103	1.24987241896947e-06	82408411
1111678	13	1.57750887831098e-07	82408411
1112204	5	6.0673418396576e-08	82408411
1114965	16	1.94154938869043e-07	82408411
1114966	17	2.06289622548359e-07	82408411
1114967	192	2.32985926642852e-06	82408411
1114969	1923	2.33349967153231e-05	82408411
1114970	110	1.33481520472467e-06	82408411
1116211	1	1.21346836793152e-08	82408411
1116231	22	2.66963040944935e-07	82408411
1116375	1	1.21346836793152e-08	82408411
1117647	7	8.49427857552065e-08	82408411
1117943	11	1.33481520472467e-07	82408411
1118963	31	3.76175194058771e-07	82408411
1120755	2	2.42693673586304e-08	82408411
1121335	16	1.94154938869043e-07	82408411
1121353	20	2.42693673586304e-07	82408411
1121362	9	1.09212153113837e-07	82408411
1121448	2	2.42693673586304e-08	82408411
1123519	31	3.76175194058771e-07	82408411
1123523	2	2.42693673586304e-08	82408411
1123863	2	2.42693673586304e-08	82408411
1124983	94	1.14066026585563e-06	82408411
1124991	3	3.64040510379456e-08	82408411
1125630	26	3.15501775662195e-07	82408411
1127134	15	1.82020255189728e-07	82408411
1128398	7	8.49427857552065e-08	82408411
1130804	1	1.21346836793152e-08	82408411
1133568	3	3.64040510379456e-08	82408411
1133592	2	2.42693673586304e-08	82408411
1133849	11	1.33481520472467e-07	82408411
1133850	11	1.33481520472467e-07	82408411
1133852	3	3.64040510379456e-08	82408411
1133853	9	1.09212153113837e-07	82408411
1134454	941	1.14187373422356e-05	82408411
1134456	1	1.21346836793152e-08	82408411
1136179	3778	4.58448349404529e-05	82408411
1137651	11	1.33481520472467e-07	82408411
1138308	1	1.21346836793152e-08	82408411
1138383	10	1.21346836793152e-07	82408411
1138871	2	2.42693673586304e-08	82408411
1142394	5	6.0673418396576e-08	82408411
1142511	1	1.21346836793152e-08	82408411
1144275	7	8.49427857552065e-08	82408411
1146883	27	3.27636459341511e-07	82408411
1147128	4	4.85387347172608e-08	82408411
1150469	13	1.57750887831098e-07	82408411
1150476	1	1.21346836793152e-08	82408411
1151116	12	1.45616204151783e-07	82408411
1155071	12	1.45616204151783e-07	82408411
1155766	18	2.18424306227674e-07	82408411
1156431	6	7.28081020758913e-08	82408411
1156433	12	1.45616204151783e-07	82408411
1156913	14	1.69885571510413e-07	82408411
1157951	5	6.0673418396576e-08	82408411
1161918	2	2.42693673586304e-08	82408411
1162668	2	2.42693673586304e-08	82408411
1163399	24	2.91232408303565e-07	82408411
1163617	40	4.85387347172608e-07	82408411
1163745	1	1.21346836793152e-08	82408411
1163748	5	6.0673418396576e-08	82408411
1166018	10	1.21346836793152e-07	82408411
1166130	4	4.85387347172608e-08	82408411
1167006	2	2.42693673586304e-08	82408411
1167634	78	9.46505326986586e-07	82408411
1168287	1	1.21346836793152e-08	82408411
1170318	94	1.14066026585563e-06	82408411
1170562	9	1.09212153113837e-07	82408411
1171373	8	9.70774694345217e-08	82408411
1171376	5	6.0673418396576e-08	82408411
1171377	4	4.85387347172608e-08	82408411
1173020	48	5.8246481660713e-07	82408411
1173022	6	7.28081020758913e-08	82408411
1173025	4	4.85387347172608e-08	82408411
1173026	3	3.64040510379456e-08	82408411
1173027	3	3.64040510379456e-08	82408411
1173263	2	2.42693673586304e-08	82408411
1173427	1	1.21346836793152e-08	82408411
1179773	14	1.69885571510413e-07	82408411
1183438	2	2.42693673586304e-08	82408411
1184253	1	1.21346836793152e-08	82408411
1184267	4	4.85387347172608e-08	82408411
1185652	11	1.33481520472467e-07	82408411
1187956	72	8.73697224910695e-07	82408411
1191061	53	6.43138235003706e-07	82408411
1192196	3	3.64040510379456e-08	82408411
1193292	47	5.70330132927815e-07	82408411
1193576	1	1.21346836793152e-08	82408411
1194526	23	2.7909772462425e-07	82408411
1196325	29	3.51905826700141e-07	82408411
1196835	65	7.88754439155489e-07	82408411
1197325	1	1.21346836793152e-08	82408411
1198114	1	1.21346836793152e-08	82408411
1198232	1	1.21346836793152e-08	82408411
1198627	35	4.24713928776032e-07	82408411
1198676	9	1.09212153113837e-07	82408411
1199187	11	1.33481520472467e-07	82408411
1199191	1	1.21346836793152e-08	82408411
1200352	3	3.64040510379456e-08	82408411
1201294	1	1.21346836793152e-08	82408411
1203460	8	9.70774694345217e-08	82408411
1203670	1	1.21346836793152e-08	82408411
1204414	65	7.88754439155489e-07	82408411
1205674	1	1.21346836793152e-08	82408411
1205677	1	1.21346836793152e-08	82408411
1205910	18	2.18424306227674e-07	82408411
1206105	8	9.70774694345217e-08	82408411
1206745	1	1.21346836793152e-08	82408411
1207075	93	1.12852558217631e-06	82408411
1208658	11	1.33481520472467e-07	82408411
1208660	8	9.70774694345217e-08	82408411
1208919	6	7.28081020758913e-08	82408411
1208920	2	2.42693673586304e-08	82408411
1208923	2	2.42693673586304e-08	82408411
1211025	16	1.94154938869043e-07	82408411
1211579	24	2.91232408303565e-07	82408411
1214101	10	1.21346836793152e-07	82408411
1214242	5	6.0673418396576e-08	82408411
1215088	55	6.67407602362337e-07	82408411
1215343	2	2.42693673586304e-08	82408411
1216976	63	7.64485071796858e-07	82408411
1217984	10	1.21346836793152e-07	82408411
1218175	9	1.09212153113837e-07	82408411
1218933	1	1.21346836793152e-08	82408411
1224163	16	1.94154938869043e-07	82408411
1224746	1	1.21346836793152e-08	82408411
1228997	12	1.45616204151783e-07	82408411
1229205	6	7.28081020758913e-08	82408411
1229756	6	7.28081020758913e-08	82408411
1229758	5	6.0673418396576e-08	82408411
1229908	6	7.28081020758913e-08	82408411
1229909	8	9.70774694345217e-08	82408411
1230587	2	2.42693673586304e-08	82408411
1231072	9	1.09212153113837e-07	82408411
1231626	1	1.21346836793152e-08	82408411
1232381	12	1.45616204151783e-07	82408411
1232383	1	1.21346836793152e-08	82408411
1233100	2	2.42693673586304e-08	82408411
1233873	6	7.28081020758913e-08	82408411
1234380	9	1.09212153113837e-07	82408411
1234679	72	8.73697224910695e-07	82408411
1236689	1	1.21346836793152e-08	82408411
1236903	21	2.54828357265619e-07	82408411
1239881	1	1.21346836793152e-08	82408411
1240471	1	1.21346836793152e-08	82408411
1244085	3	3.64040510379456e-08	82408411
1245469	41	4.97522030851924e-07	82408411
1245471	83	1.00717874538316e-06	82408411
1246301	269	3.26422990973579e-06	82408411
1246365	4	4.85387347172608e-08	82408411
1246995	9	1.09212153113837e-07	82408411
1249526	1	1.21346836793152e-08	82408411
1249634	8	9.70774694345217e-08	82408411
1249661	11	1.33481520472467e-07	82408411
1254432	9	1.09212153113837e-07	82408411
1254439	6	7.28081020758913e-08	82408411
1255043	11	1.33481520472467e-07	82408411
1257118	5	6.0673418396576e-08	82408411
1260251	1	1.21346836793152e-08	82408411
1261557	7	8.49427857552065e-08	82408411
1262161	1	1.21346836793152e-08	82408411
1262456	32	3.88309877738087e-07	82408411
1265601	7	8.49427857552065e-08	82408411
1266371	1	1.21346836793152e-08	82408411
1266738	4	4.85387347172608e-08	82408411
1266845	62	7.52350388117543e-07	82408411
1267577	7	8.49427857552065e-08	82408411
1267753	7	8.49427857552065e-08	82408411
1267754	6	7.28081020758913e-08	82408411
1271752	3	3.64040510379456e-08	82408411
1271862	3	3.64040510379456e-08	82408411
1271863	12	1.45616204151783e-07	82408411
1273173	2	2.42693673586304e-08	82408411
1274814	1	1.21346836793152e-08	82408411
1276227	1	1.21346836793152e-08	82408411
1276229	2	2.42693673586304e-08	82408411
1276282	13	1.57750887831098e-07	82408411
1278073	8	9.70774694345217e-08	82408411
1279007	1	1.21346836793152e-08	82408411
1279008	4	4.85387347172608e-08	82408411
1279365	1	1.21346836793152e-08	82408411
1280938	10	1.21346836793152e-07	82408411
1282356	171	2.0750309091629e-06	82408411
1283331	16	1.94154938869043e-07	82408411
1284663	1	1.21346836793152e-08	82408411
1286170	14	1.69885571510413e-07	82408411
1286640	3	3.64040510379456e-08	82408411
1288394	80	9.70774694345217e-07	82408411
1290427	1	1.21346836793152e-08	82408411
1290428	1	1.21346836793152e-08	82408411
1294143	49	5.94599500286445e-07	82408411
1295826	2	2.42693673586304e-08	82408411
1297582	1	1.21346836793152e-08	82408411
1298593	5	6.0673418396576e-08	82408411
1298917	1	1.21346836793152e-08	82408411
1300150	3	3.64040510379456e-08	82408411
1302863	8	9.70774694345217e-08	82408411
1303024	4	4.85387347172608e-08	82408411
1303692	10	1.21346836793152e-07	82408411
1304892	10	1.21346836793152e-07	82408411
1305849	11	1.33481520472467e-07	82408411
1310161	22	2.66963040944935e-07	82408411
1313172	11	1.33481520472467e-07	82408411
1314884	2	2.42693673586304e-08	82408411
1316444	1	1.21346836793152e-08	82408411
1316932	2	2.42693673586304e-08	82408411
1316933	1	1.21346836793152e-08	82408411
1318615	3	3.64040510379456e-08	82408411
1318635	4	4.85387347172608e-08	82408411
1321370	1	1.21346836793152e-08	82408411
1322246	4	4.85387347172608e-08	82408411
1322346	2	2.42693673586304e-08	82408411
1323661	1	1.21346836793152e-08	82408411
1327988	3	3.64040510379456e-08	82408411
1328306	10	1.21346836793152e-07	82408411
1331671	54	6.55272918683021e-07	82408411
1332188	14	1.69885571510413e-07	82408411
1334187	1	1.21346836793152e-08	82408411
1335307	1	1.21346836793152e-08	82408411
1335757	2	2.42693673586304e-08	82408411
1338518	1	1.21346836793152e-08	82408411
1340495	3	3.64040510379456e-08	82408411
1340847	1	1.21346836793152e-08	82408411
1340851	8	9.70774694345217e-08	82408411
1341692	5	6.0673418396576e-08	82408411
1343740	10	1.21346836793152e-07	82408411
1345695	24	2.91232408303565e-07	82408411
1345697	5	6.0673418396576e-08	82408411
1346614	18	2.18424306227674e-07	82408411
1347085	2	2.42693673586304e-08	82408411
1348660	4	4.85387347172608e-08	82408411
1348662	3	3.64040510379456e-08	82408411
1355100	10	1.21346836793152e-07	82408411
1358027	2	2.42693673586304e-08	82408411
1367477	10	1.21346836793152e-07	82408411
1367847	19	2.30558989906989e-07	82408411
1379702	16	1.94154938869043e-07	82408411
1380774	22	2.66963040944935e-07	82408411
1380908	55	6.67407602362337e-07	82408411
1383068	1	1.21346836793152e-08	82408411
1384484	13	1.57750887831098e-07	82408411
1389489	22	2.66963040944935e-07	82408411
1394709	5	6.0673418396576e-08	82408411
1394710	1	1.21346836793152e-08	82408411
1394711	7	8.49427857552065e-08	82408411
1399115	1	1.21346836793152e-08	82408411
1399116	14	1.69885571510413e-07	82408411
1400867	18	2.18424306227674e-07	82408411
1401659	9	1.09212153113837e-07	82408411
1403316	1	1.21346836793152e-08	82408411
1408186	1	1.21346836793152e-08	82408411
1408206	4	4.85387347172608e-08	82408411
1408272	7	8.49427857552065e-08	82408411
1412841	1	1.21346836793152e-08	82408411
1415629	5	6.0673418396576e-08	82408411
1415630	445	5.39993423729527e-06	82408411
1416914	22	2.66963040944935e-07	82408411
1417673	1	1.21346836793152e-08	82408411
1423144	3	3.64040510379456e-08	82408411
1423892	1	1.21346836793152e-08	82408411
1427342	7	8.49427857552065e-08	82408411
1430440	11	1.33481520472467e-07	82408411
1435044	12	1.45616204151783e-07	82408411
1435058	5	6.0673418396576e-08	82408411
1435356	31	3.76175194058771e-07	82408411
1436140	97	1.17706431689358e-06	82408411
