Tax.ID	Frequency	Proportion	Total
394	35	2.67354118129959e-07	130912515
882	1	7.63868908942739e-09	130912515
883	25	1.90967227235685e-07	130912515
1140	5	3.8193445447137e-08	130912515
1148	18	1.37496403609693e-07	130912515
1511	35	2.67354118129959e-07	130912515
1639	14	1.06941647251984e-07	130912515
2762	28	2.13883294503967e-07	130912515
2769	18	1.37496403609693e-07	130912515
2771	14	1.06941647251984e-07	130912515
2787	38	2.90270185398241e-07	130912515
2788	6	4.58321345365644e-08	130912515
2829	38	2.90270185398241e-07	130912515
2832	4	3.05547563577096e-08	130912515
2839	247	1.88675620508857e-06	130912515
2850	420	3.20824941755951e-06	130912515
2872	1	7.63868908942739e-09	130912515
2876	1	7.63868908942739e-09	130912515
2880	23	1.7568984905683e-07	130912515
2898	20	1.52773781788548e-07	130912515
2903	8	6.11095127154192e-08	130912515
2986	10	7.63868908942739e-08	130912515
3037	3	2.29160672682822e-08	130912515
3039	2	1.52773781788548e-08	130912515
3040	5	3.8193445447137e-08	130912515
4770	18	1.37496403609693e-07	130912515
4950	26	1.98605916325112e-07	130912515
5061	7	5.34708236259918e-08	130912515
5145	6	4.58321345365644e-08	130912515
5518	33	2.52076739951104e-07	130912515
5661	28	2.13883294503967e-07	130912515
5749	8	6.11095127154192e-08	130912515
5755	1	7.63868908942739e-09	130912515
5762	1	7.63868908942739e-09	130912515
5763	1	7.63868908942739e-09	130912515
5778	1	7.63868908942739e-09	130912515
5786	34	2.59715429040531e-07	130912515
5791	1	7.63868908942739e-09	130912515
5823	3	2.29160672682822e-08	130912515
5851	25	1.90967227235685e-07	130912515
5872	13	9.93029581625561e-08	130912515
5885	28	2.13883294503967e-07	130912515
5889	3	2.29160672682822e-08	130912515
5901	8	6.11095127154192e-08	130912515
5905	9	6.87482018048465e-08	130912515
5907	4	3.05547563577096e-08	130912515
5908	1	7.63868908942739e-09	130912515
5911	50	3.8193445447137e-07	130912515
5932	46	3.5137969811366e-07	130912515
10506	1	7.63868908942739e-09	130912515
10677	1	7.63868908942739e-09	130912515
10678	1	7.63868908942739e-09	130912515
10798	1	7.63868908942739e-09	130912515
12407	1	7.63868908942739e-09	130912515
13035	2	1.52773781788548e-08	130912515
28072	8	6.11095127154192e-08	130912515
28173	3	2.29160672682822e-08	130912515
28985	3	2.29160672682822e-08	130912515
31271	6	4.58321345365644e-08	130912515
31537	1	7.63868908942739e-09	130912515
31754	2	1.52773781788548e-08	130912515
31964	124	9.47197447088997e-07	130912515
32049	5	3.8193445447137e-08	130912515
32051	6	4.58321345365644e-08	130912515
33653	3	2.29160672682822e-08	130912515
33657	4	3.05547563577096e-08	130912515
33658	7	5.34708236259918e-08	130912515
35128	315	2.40618706316963e-06	130912515
35241	1	7.63868908942739e-09	130912515
35345	3	2.29160672682822e-08	130912515
35688	14	1.06941647251984e-07	130912515
36329	11	8.40255799837013e-08	130912515
36809	27	2.0624460541454e-07	130912515
36870	1	7.63868908942739e-09	130912515
37692	2	1.52773781788548e-08	130912515
39717	8	6.11095127154192e-08	130912515
40041	4	3.05547563577096e-08	130912515
41431	5	3.8193445447137e-08	130912515
42746	1	7.63868908942739e-09	130912515
43685	2	1.52773781788548e-08	130912515
43925	19	1.4513509269912e-07	130912515
43926	9	6.87482018048465e-08	130912515
43989	5	3.8193445447137e-08	130912515
44056	20	1.52773781788548e-07	130912515
44058	20	1.52773781788548e-07	130912515
46234	24	1.83328538146257e-07	130912515
47573	8	6.11095127154192e-08	130912515
48483	2	1.52773781788548e-08	130912515
48942	1	7.63868908942739e-09	130912515
49266	22	1.68051159967403e-07	130912515
52970	30	2.29160672682822e-07	130912515
55529	82	6.26372505333046e-07	130912515
55884	1	7.63868908942739e-09	130912515
56107	12	9.16642690731287e-08	130912515
56110	6	4.58321345365644e-08	130912515
56780	3	2.29160672682822e-08	130912515
59374	11	8.40255799837013e-08	130912515
59748	7	5.34708236259918e-08	130912515
59919	1	7.63868908942739e-09	130912515
59920	2	1.52773781788548e-08	130912515
59922	5	3.8193445447137e-08	130912515
60480	88	6.72204639869611e-07	130912515
60481	385	2.94089529942955e-06	130912515
62928	277	2.11591687777139e-06	130912515
62977	218	1.66523422149517e-06	130912515
63118	3	2.29160672682822e-08	130912515
63186	38	2.90270185398241e-07	130912515
63737	25	1.90967227235685e-07	130912515
64091	3	2.29160672682822e-08	130912515
64471	13	9.93029581625561e-08	130912515
65071	29	2.21521983593394e-07	130912515
65093	5	3.8193445447137e-08	130912515
65393	8	6.11095127154192e-08	130912515
66084	7	5.34708236259918e-08	130912515
66692	11	8.40255799837013e-08	130912515
67593	16	1.22219025430838e-07	130912515
69328	108	8.24978421658158e-07	130912515
69896	2	1.52773781788548e-08	130912515
71421	1	7.63868908942739e-09	130912515
72359	1	7.63868908942739e-09	130912515
72520	14	1.06941647251984e-07	130912515
73025	4	3.05547563577096e-08	130912515
74381	2	1.52773781788548e-08	130912515
74547	2	1.52773781788548e-08	130912515
74557	8	6.11095127154192e-08	130912515
75379	161	1.22982894339781e-06	130912515
76114	81	6.18733816243619e-07	130912515
76869	104	7.94423665300449e-07	130912515
78245	132	1.00830695980442e-06	130912515
79929	4	3.05547563577096e-08	130912515
80365	1	7.63868908942739e-09	130912515
82654	7	5.34708236259918e-08	130912515
83129	1	7.63868908942739e-09	130912515
83406	20	1.52773781788548e-07	130912515
84588	1	7.63868908942739e-09	130912515
85569	4	3.05547563577096e-08	130912515
85643	288	2.19994245775509e-06	130912515
85962	2	1.52773781788548e-08	130912515
85963	1	7.63868908942739e-09	130912515
86416	8	6.11095127154192e-08	130912515
88149	16	1.22219025430838e-07	130912515
88150	1	7.63868908942739e-09	130912515
90410	2	1.52773781788548e-08	130912515
90936	3	2.29160672682822e-08	130912515
91891	5	3.8193445447137e-08	130912515
94122	196	1.49718306152777e-06	130912515
96561	5	3.8193445447137e-08	130912515
96563	90	6.87482018048465e-07	130912515
99179	1	7.63868908942739e-09	130912515
99287	16	1.22219025430838e-07	130912515
99598	15	1.14580336341411e-07	130912515
100226	44	3.36102319934805e-07	130912515
100901	4	3.05547563577096e-08	130912515
101510	451	3.44504877933175e-06	130912515
103690	33	2.52076739951104e-07	130912515
105559	9	6.87482018048465e-08	130912515
106370	13	9.93029581625561e-08	130912515
107806	3	2.29160672682822e-08	130912515
109269	25	1.90967227235685e-07	130912515
110662	4	3.05547563577096e-08	130912515
111780	3	2.29160672682822e-08	130912515
111781	3	2.29160672682822e-08	130912515
112023	1	7.63868908942739e-09	130912515
114416	4	3.05547563577096e-08	130912515
114615	193	1.47426699425949e-06	130912515
115713	2	1.52773781788548e-08	130912515
118163	4	3.05547563577096e-08	130912515
120807	28	2.13883294503967e-07	130912515
122586	5	3.8193445447137e-08	130912515
122587	35	2.67354118129959e-07	130912515
123214	6	4.58321345365644e-08	130912515
126740	1	7.63868908942739e-09	130912515
126793	38	2.90270185398241e-07	130912515
129356	8	6.11095127154192e-08	130912515
129358	4	3.05547563577096e-08	130912515
130081	16	1.22219025430838e-07	130912515
134287	2	1.52773781788548e-08	130912515
134676	46	3.5137969811366e-07	130912515
136089	9	6.87482018048465e-08	130912515
137722	94	7.18036774406175e-07	130912515
138119	2	1.52773781788548e-08	130912515
138677	2	1.52773781788548e-08	130912515
145522	4	3.05547563577096e-08	130912515
150340	6	4.58321345365644e-08	130912515
151534	2	1.52773781788548e-08	130912515
151535	2	1.52773781788548e-08	130912515
151536	2	1.52773781788548e-08	130912515
151537	1	7.63868908942739e-09	130912515
151538	5	3.8193445447137e-08	130912515
151539	5	3.8193445447137e-08	130912515
153948	56	4.27766589007934e-07	130912515
155864	40	3.05547563577096e-07	130912515
156889	19	1.4513509269912e-07	130912515
158189	74	5.65262992617627e-07	130912515
158190	3	2.29160672682822e-08	130912515
158878	11	8.40255799837013e-08	130912515
158879	2	1.52773781788548e-08	130912515
159087	202	1.54301519606433e-06	130912515
160488	113	8.63171867105295e-07	130912515
160490	4	3.05547563577096e-08	130912515
160491	5	3.8193445447137e-08	130912515
160492	9	6.87482018048465e-08	130912515
160619	362	2.76520545037272e-06	130912515
163164	2	1.52773781788548e-08	130912515
164037	4	3.05547563577096e-08	130912515
164328	17	1.29857714520266e-07	130912515
164756	152	1.16108074159296e-06	130912515
164757	6	4.58321345365644e-08	130912515
167542	2	1.52773781788548e-08	130912515
167555	2	1.52773781788548e-08	130912515
167879	15	1.14580336341411e-07	130912515
169963	1	7.63868908942739e-09	130912515
170187	12	9.16642690731287e-08	130912515
171101	119	9.0900400164186e-07	130912515
172667	7	5.34708236259918e-08	130912515
172968	1	7.63868908942739e-09	130912515
173443	4	3.05547563577096e-08	130912515
176279	202	1.54301519606433e-06	130912515
176280	210	1.60412470877975e-06	130912515
176299	45	3.43741009024233e-07	130912515
177437	8	6.11095127154192e-08	130912515
177439	13	9.93029581625561e-08	130912515
179408	743	5.67554599344455e-06	130912515
181082	1	7.63868908942739e-09	130912515
182217	2	1.52773781788548e-08	130912515
183190	2	1.52773781788548e-08	130912515
184922	1	7.63868908942739e-09	130912515
186103	2	1.52773781788548e-08	130912515
187272	75	5.72901681707055e-07	130912515
187303	27	2.0624460541454e-07	130912515
187410	1	7.63868908942739e-09	130912515
187420	11	8.40255799837013e-08	130912515
188937	16	1.22219025430838e-07	130912515
189423	19	1.4513509269912e-07	130912515
189918	66	5.04153479902208e-07	130912515
190304	38	2.90270185398241e-07	130912515
190485	128	9.77752203446706e-07	130912515
190486	48	3.66657076292515e-07	130912515
190650	178	1.35968665791808e-06	130912515
192222	1	7.63868908942739e-09	130912515
192952	85	6.49288572601328e-07	130912515
194439	13	9.93029581625561e-08	130912515
194699	3	2.29160672682822e-08	130912515
195102	46	3.5137969811366e-07	130912515
195103	211	1.61176339786918e-06	130912515
195253	2	1.52773781788548e-08	130912515
196162	165	1.26038369975552e-06	130912515
196164	637	4.86584494996525e-06	130912515
196600	5	3.8193445447137e-08	130912515
196620	2	1.52773781788548e-08	130912515
196627	2	1.52773781788548e-08	130912515
197221	9	6.87482018048465e-08	130912515
198094	1	7.63868908942739e-09	130912515
198214	2	1.52773781788548e-08	130912515
198215	20	1.52773781788548e-07	130912515
198628	3	2.29160672682822e-08	130912515
198804	1	7.63868908942739e-09	130912515
199310	4	3.05547563577096e-08	130912515
203119	79	6.03456438064764e-07	130912515
203120	43	3.28463630845378e-07	130912515
203122	21	1.60412470877975e-07	130912515
203123	16	1.22219025430838e-07	130912515
203124	32	2.44438050861677e-07	130912515
203267	6	4.58321345365644e-08	130912515
203275	91	6.95120707137893e-07	130912515
203907	1	7.63868908942739e-09	130912515
204536	1	7.63868908942739e-09	130912515
204669	10	7.63868908942739e-08	130912515
204773	348	2.65826380312073e-06	130912515
205913	812	6.20261554061504e-06	130912515
205914	45	3.43741009024233e-07	130912515
205918	126	9.62474825267852e-07	130912515
205920	1	7.63868908942739e-09	130912515
205921	2	1.52773781788548e-08	130912515
205922	365	2.788121517641e-06	130912515
206672	85	6.49288572601328e-07	130912515
207559	47	3.59018387203087e-07	130912515
208435	4	3.05547563577096e-08	130912515
208596	129	9.85390892536134e-07	130912515
208963	156	1.19163549795067e-06	130912515
208964	242	1.84856275964143e-06	130912515
210007	14	1.06941647251984e-07	130912515
211586	31	2.36799361772249e-07	130912515
212717	17	1.29857714520266e-07	130912515
213775	1	7.63868908942739e-09	130912515
213810	54	4.12489210829079e-07	130912515
214092	23	1.7568984905683e-07	130912515
214684	57	4.35405278097361e-07	130912515
215689	4	3.05547563577096e-08	130912515
216389	4	3.05547563577096e-08	130912515
216432	39	2.97908874487668e-07	130912515
216591	49	3.74295765381942e-07	130912515
216592	14	1.06941647251984e-07	130912515
216594	11	8.40255799837013e-08	130912515
216595	1390	1.06177778343041e-05	130912515
216596	122	9.31920068910142e-07	130912515
216597	2	1.52773781788548e-08	130912515
216599	22	1.68051159967403e-07	130912515
216895	2	1.52773781788548e-08	130912515
218491	3	2.29160672682822e-08	130912515
218493	4	3.05547563577096e-08	130912515
218494	1	7.63868908942739e-09	130912515
218495	11	8.40255799837013e-08	130912515
218496	5	3.8193445447137e-08	130912515
218497	1	7.63868908942739e-09	130912515
220341	3179	2.42833926152897e-05	130912515
220664	154	1.17635811977182e-06	130912515
220668	2	1.52773781788548e-08	130912515
221029	3	2.29160672682822e-08	130912515
221109	11	8.40255799837013e-08	130912515
221721	2	1.52773781788548e-08	130912515
221988	1	7.63868908942739e-09	130912515
222523	8	6.11095127154192e-08	130912515
223283	141	1.07705516160926e-06	130912515
223926	3	2.29160672682822e-08	130912515
224308	4	3.05547563577096e-08	130912515
224324	6	4.58321345365644e-08	130912515
224326	1	7.63868908942739e-09	130912515
224719	2	1.52773781788548e-08	130912515
224911	218	1.66523422149517e-06	130912515
224914	16	1.22219025430838e-07	130912515
224915	1	7.63868908942739e-09	130912515
225849	6	4.58321345365644e-08	130912515
225937	20	1.52773781788548e-07	130912515
226185	48	3.66657076292515e-07	130912515
226186	2470	1.88675620508857e-05	130912515
226900	1	7.63868908942739e-09	130912515
227086	33	2.52076739951104e-07	130912515
227321	3	2.29160672682822e-08	130912515
227882	64	4.88876101723353e-07	130912515
227940	3	2.29160672682822e-08	130912515
227941	3	2.29160672682822e-08	130912515
228400	11	8.40255799837013e-08	130912515
228405	20	1.52773781788548e-07	130912515
228410	21	1.60412470877975e-07	130912515
229193	1	7.63868908942739e-09	130912515
229533	17	1.29857714520266e-07	130912515
231023	96	7.3331415258503e-07	130912515
232721	3055	2.33361951682007e-05	130912515
233412	2	1.52773781788548e-08	130912515
234267	23	1.7568984905683e-07	130912515
234621	12563	9.59648510304763e-05	130912515
234831	3	2.29160672682822e-08	130912515
235279	3	2.29160672682822e-08	130912515
235909	4	3.05547563577096e-08	130912515
240015	16	1.22219025430838e-07	130912515
240292	16	1.22219025430838e-07	130912515
242231	3	2.29160672682822e-08	130912515
242507	7	5.34708236259918e-08	130912515
242527	2	1.52773781788548e-08	130912515
242619	4	3.05547563577096e-08	130912515
243090	4	3.05547563577096e-08	130912515
243159	15	1.14580336341411e-07	130912515
243160	4	3.05547563577096e-08	130912515
243161	1	7.63868908942739e-09	130912515
243164	2	1.52773781788548e-08	130912515
243230	25	1.90967227235685e-07	130912515
243231	3	2.29160672682822e-08	130912515
243233	33	2.52076739951104e-07	130912515
243243	52	3.97211832650224e-07	130912515
243265	4	3.05547563577096e-08	130912515
243272	4	3.05547563577096e-08	130912515
243273	2	1.52773781788548e-08	130912515
243274	4	3.05547563577096e-08	130912515
243275	10	7.63868908942739e-08	130912515
243276	5	3.8193445447137e-08	130912515
243277	10	7.63868908942739e-08	130912515
243365	153	1.16871943068239e-06	130912515
245014	725	5.53804958983486e-06	130912515
245018	1971	1.50558561952614e-05	130912515
246194	3	2.29160672682822e-08	130912515
246195	6	4.58321345365644e-08	130912515
246196	70	5.34708236259918e-07	130912515
246197	43	3.28463630845378e-07	130912515
246198	66	5.04153479902208e-07	130912515
246200	42	3.20824941755951e-07	130912515
247156	50	3.8193445447137e-07	130912515
251221	5	3.8193445447137e-08	130912515
251229	12	9.16642690731287e-08	130912515
254945	3	2.29160672682822e-08	130912515
255131	1	7.63868908942739e-09	130912515
255431	8	6.11095127154192e-08	130912515
257310	133	1.01594564889384e-06	130912515
257311	42	3.20824941755951e-07	130912515
257313	91	6.95120707137893e-07	130912515
257314	34	2.59715429040531e-07	130912515
258594	77	5.88179059885909e-07	130912515
259536	1095	8.364364552923e-06	130912515
261292	452	3.45268746842118e-06	130912515
261317	1	7.63868908942739e-09	130912515
261658	8	6.11095127154192e-08	130912515
262316	27	2.0624460541454e-07	130912515
262543	26	1.98605916325112e-07	130912515
262724	115	8.7844924528415e-07	130912515
262728	1	7.63868908942739e-09	130912515
262768	8	6.11095127154192e-08	130912515
263358	31	2.36799361772249e-07	130912515
263374	3	2.29160672682822e-08	130912515
264198	167	1.27566107793437e-06	130912515
264199	95	7.25675463495602e-07	130912515
264201	13	9.93029581625561e-08	130912515
264203	13	9.93029581625561e-08	130912515
264462	28	2.13883294503967e-07	130912515
264730	92	7.0275939622732e-07	130912515
264731	67	5.11792168991635e-07	130912515
264732	2	1.52773781788548e-08	130912515
265072	78	5.95817748975337e-07	130912515
265311	3	2.29160672682822e-08	130912515
266117	17	1.29857714520266e-07	130912515
266264	316	2.41382575225906e-06	130912515
266265	66	5.04153479902208e-07	130912515
266779	149	1.13816467432468e-06	130912515
266834	33	2.52076739951104e-07	130912515
266835	75	5.72901681707055e-07	130912515
266940	51	3.89573143560797e-07	130912515
267608	211	1.61176339786918e-06	130912515
267747	93	7.10398085316748e-07	130912515
267748	3	2.29160672682822e-08	130912515
269084	8	6.11095127154192e-08	130912515
269482	111	8.47894488926441e-07	130912515
269796	6	4.58321345365644e-08	130912515
269797	92	7.0275939622732e-07	130912515
269798	207	1.58120864151147e-06	130912515
269799	12	9.16642690731287e-08	130912515
269800	21	1.60412470877975e-07	130912515
271848	32	2.44438050861677e-07	130912515
272123	24	1.83328538146257e-07	130912515
272558	2	1.52773781788548e-08	130912515
272559	293	2.23813590320223e-06	130912515
272560	2	1.52773781788548e-08	130912515
272562	21	1.60412470877975e-07	130912515
272563	252	1.9249496505357e-06	130912515
272564	28	2.13883294503967e-07	130912515
272568	39	2.97908874487668e-07	130912515
272620	643	4.91167708450181e-06	130912515
272621	2	1.52773781788548e-08	130912515
272622	436	3.33046844299034e-06	130912515
272623	584	4.4609944282256e-06	130912515
272624	13	9.93029581625561e-08	130912515
272626	25	1.90967227235685e-07	130912515
272630	81	6.18733816243619e-07	130912515
272631	4	3.05547563577096e-08	130912515
272632	3	2.29160672682822e-08	130912515
272633	2	1.52773781788548e-08	130912515
272634	1	7.63868908942739e-09	130912515
272635	6	4.58321345365644e-08	130912515
272831	110	8.40255799837013e-07	130912515
272843	5	3.8193445447137e-08	130912515
272942	81	6.18733816243619e-07	130912515
272943	15	1.14580336341411e-07	130912515
272944	2	1.52773781788548e-08	130912515
272947	6	4.58321345365644e-08	130912515
273068	6	4.58321345365644e-08	130912515
273119	2	1.52773781788548e-08	130912515
273121	5	3.8193445447137e-08	130912515
273123	2	1.52773781788548e-08	130912515
278137	27	2.0624460541454e-07	130912515
278197	58	4.43043967186789e-07	130912515
279010	14	1.06941647251984e-07	130912515
279238	111	8.47894488926441e-07	130912515
279280	1	7.63868908942739e-09	130912515
279808	22	1.68051159967403e-07	130912515
280463	119	9.0900400164186e-07	130912515
280699	27	2.0624460541454e-07	130912515
281090	50	3.8193445447137e-07	130912515
281309	2	1.52773781788548e-08	130912515
281310	6	4.58321345365644e-08	130912515
282458	1	7.63868908942739e-09	130912515
282459	1	7.63868908942739e-09	130912515
283007	1	7.63868908942739e-09	130912515
283009	1	7.63868908942739e-09	130912515
283166	2	1.52773781788548e-08	130912515
283942	4	3.05547563577096e-08	130912515
284590	9	6.87482018048465e-08	130912515
284591	9	6.87482018048465e-08	130912515
284592	32	2.44438050861677e-07	130912515
284593	33	2.52076739951104e-07	130912515
284811	18	1.37496403609693e-07	130912515
284812	88	6.72204639869611e-07	130912515
285951	7	5.34708236259918e-08	130912515
286636	2	1.52773781788548e-08	130912515
288000	180	1.37496403609693e-06	130912515
288681	1	7.63868908942739e-09	130912515
288705	33	2.52076739951104e-07	130912515
289376	1	7.63868908942739e-09	130912515
289380	46	3.5137969811366e-07	130912515
289397	7	5.34708236259918e-08	130912515
290315	10	7.63868908942739e-08	130912515
290317	11	8.40255799837013e-08	130912515
290318	3	2.29160672682822e-08	130912515
290338	26	1.98605916325112e-07	130912515
290339	72	5.49985614438772e-07	130912515
290340	200	1.52773781788548e-06	130912515
290397	13	9.93029581625561e-08	130912515
290398	26	1.98605916325112e-07	130912515
290399	87	6.64565950780183e-07	130912515
290400	15	1.14580336341411e-07	130912515
290402	164	1.25274501066609e-06	130912515
290512	3	2.29160672682822e-08	130912515
290633	6	4.58321345365644e-08	130912515
291112	11	8.40255799837013e-08	130912515
291272	1	7.63868908942739e-09	130912515
291331	38	2.90270185398241e-07	130912515
292414	17	1.29857714520266e-07	130912515
292415	79	6.03456438064764e-07	130912515
292459	27	2.0624460541454e-07	130912515
292564	14	1.06941647251984e-07	130912515
293613	6	4.58321345365644e-08	130912515
293614	2	1.52773781788548e-08	130912515
293826	32	2.44438050861677e-07	130912515
294631	1	7.63868908942739e-09	130912515
295319	1	7.63868908942739e-09	130912515
295405	1063	8.11992650206132e-06	130912515
296543	330	2.52076739951104e-06	130912515
296591	1305	9.96848926170275e-06	130912515
297245	3	2.29160672682822e-08	130912515
297246	3	2.29160672682822e-08	130912515
298386	5	3.8193445447137e-08	130912515
298653	56	4.27766589007934e-07	130912515
298654	41	3.13186252666523e-07	130912515
299768	86	6.56927261690756e-07	130912515
300267	7	5.34708236259918e-08	130912515
300268	6	4.58321345365644e-08	130912515
300269	26	1.98605916325112e-07	130912515
300852	79	6.03456438064764e-07	130912515
302409	3	2.29160672682822e-08	130912515
304863	5	3.8193445447137e-08	130912515
306323	1	7.63868908942739e-09	130912515
306537	31	2.36799361772249e-07	130912515
309799	2	1.52773781788548e-08	130912515
309800	3	2.29160672682822e-08	130912515
309801	5	3.8193445447137e-08	130912515
309807	5	3.8193445447137e-08	130912515
311402	25	1.90967227235685e-07	130912515
311403	29	2.21521983593394e-07	130912515
312153	106	8.09701043479304e-07	130912515
312309	11	8.40255799837013e-08	130912515
313595	32	2.44438050861677e-07	130912515
313596	31	2.36799361772249e-07	130912515
313598	99	7.56230219853312e-07	130912515
313603	27	2.0624460541454e-07	130912515
314225	49	3.74295765381942e-07	130912515
314260	6	4.58321345365644e-08	130912515
314275	2	1.52773781788548e-08	130912515
314315	38	2.90270185398241e-07	130912515
314565	89	6.79843328959038e-07	130912515
314724	1	7.63868908942739e-09	130912515
315456	1	7.63868908942739e-09	130912515
315730	9	6.87482018048465e-08	130912515
315749	13	9.93029581625561e-08	130912515
315750	9	6.87482018048465e-08	130912515
316055	170	1.29857714520266e-06	130912515
316056	106	8.09701043479304e-07	130912515
316057	107	8.17339732568731e-07	130912515
316058	121	9.24281379820715e-07	130912515
316067	10	7.63868908942739e-08	130912515
316273	33	2.52076739951104e-07	130912515
316274	3	2.29160672682822e-08	130912515
316275	16	1.22219025430838e-07	130912515
316278	5	3.8193445447137e-08	130912515
316385	146	1.1152486070564e-06	130912515
316401	7	5.34708236259918e-08	130912515
316407	2	1.52773781788548e-08	130912515
317025	16	1.22219025430838e-07	130912515
317655	128	9.77752203446706e-07	130912515
317936	9	6.87482018048465e-08	130912515
318161	12	9.16642690731287e-08	130912515
318167	59	4.50682656276216e-07	130912515
318586	111	8.47894488926441e-07	130912515
319224	23	1.7568984905683e-07	130912515
319225	4	3.05547563577096e-08	130912515
319795	39	2.97908874487668e-07	130912515
320372	2	1.52773781788548e-08	130912515
320373	20	1.52773781788548e-07	130912515
320388	85	6.49288572601328e-07	130912515
320389	12	9.16642690731287e-08	130912515
320483	2	1.52773781788548e-08	130912515
321314	2	1.52773781788548e-08	130912515
321327	3	2.29160672682822e-08	130912515
321332	4	3.05547563577096e-08	130912515
321956	19	1.4513509269912e-07	130912515
321967	91	6.95120707137893e-07	130912515
322098	2	1.52773781788548e-08	130912515
322104	5	3.8193445447137e-08	130912515
322159	930	7.10398085316748e-06	130912515
322710	103	7.86784976211021e-07	130912515
323097	67	5.11792168991635e-07	130912515
323098	41	3.13186252666523e-07	130912515
323259	34	2.59715429040531e-07	130912515
323261	11	8.40255799837013e-08	130912515
323848	8	6.11095127154192e-08	130912515
323850	10	7.63868908942739e-08	130912515
324057	23	1.7568984905683e-07	130912515
324602	5	3.8193445447137e-08	130912515
324831	28	2.13883294503967e-07	130912515
324925	5	3.8193445447137e-08	130912515
325240	66	5.04153479902208e-07	130912515
326297	16	1.22219025430838e-07	130912515
326298	47	3.59018387203087e-07	130912515
326423	13	9.93029581625561e-08	130912515
326424	58	4.43043967186789e-07	130912515
326425	54	4.12489210829079e-07	130912515
326426	38	2.90270185398241e-07	130912515
326427	1	7.63868908942739e-09	130912515
326442	19	1.4513509269912e-07	130912515
329726	23	1.7568984905683e-07	130912515
330214	19	1.4513509269912e-07	130912515
330879	14	1.06941647251984e-07	130912515
331104	4	3.05547563577096e-08	130912515
331111	324	2.47493526497448e-06	130912515
331112	163	1.24510632157667e-06	130912515
331113	3	2.29160672682822e-08	130912515
331271	261	1.99369785234055e-06	130912515
331272	62	4.73598723544498e-07	130912515
331635	2	1.52773781788548e-08	130912515
331678	2	1.52773781788548e-08	130912515
333668	5	3.8193445447137e-08	130912515
333849	67	5.11792168991635e-07	130912515
334380	1	7.63868908942739e-09	130912515
334390	16	1.22219025430838e-07	130912515
334406	4	3.05547563577096e-08	130912515
334413	37	2.82631496308814e-07	130912515
335283	68	5.19430858081063e-07	130912515
335284	1646	1.25732822411975e-05	130912515
335541	36	2.74992807219386e-07	130912515
335543	25	1.90967227235685e-07	130912515
335659	212	1.61940208695861e-06	130912515
335992	2	1.52773781788548e-08	130912515
336407	3	2.29160672682822e-08	130912515
337191	42	3.20824941755951e-07	130912515
338187	9	6.87482018048465e-08	130912515
338963	3	2.29160672682822e-08	130912515
338966	70	5.34708236259918e-07	130912515
338969	815	6.22553160788333e-06	130912515
339670	763	5.8283197752331e-06	130912515
339671	4	3.05547563577096e-08	130912515
339860	72	5.49985614438772e-07	130912515
340099	10	7.63868908942739e-08	130912515
340100	412	3.14713990484409e-06	130912515
340322	211	1.61176339786918e-06	130912515
342108	54	4.12489210829079e-07	130912515
342109	14	1.06941647251984e-07	130912515
342451	32	2.44438050861677e-07	130912515
342610	14	1.06941647251984e-07	130912515
343509	5	3.8193445447137e-08	130912515
344609	97	7.40952841674457e-07	130912515
345073	20	1.52773781788548e-07	130912515
345219	16	1.22219025430838e-07	130912515
347253	320	2.44438050861677e-06	130912515
347256	1	7.63868908942739e-09	130912515
347257	9	6.87482018048465e-08	130912515
347495	1	7.63868908942739e-09	130912515
347515	40	3.05547563577096e-07	130912515
347834	22	1.68051159967403e-07	130912515
348058	11	8.40255799837013e-08	130912515
348137	1	7.63868908942739e-09	130912515
348535	1	7.63868908942739e-09	130912515
348780	1	7.63868908942739e-09	130912515
349101	86	6.56927261690756e-07	130912515
349102	64	4.88876101723353e-07	130912515
349106	389	2.97145005578726e-06	130912515
349124	17	1.29857714520266e-07	130912515
349161	13	9.93029581625561e-08	130912515
349163	38	2.90270185398241e-07	130912515
349215	8	6.11095127154192e-08	130912515
349307	1	7.63868908942739e-09	130912515
349519	11	8.40255799837013e-08	130912515
349520	20	1.52773781788548e-07	130912515
349521	27	2.0624460541454e-07	130912515
349741	302	2.30688410500707e-06	130912515
349746	6	4.58321345365644e-08	130912515
349747	9	6.87482018048465e-08	130912515
350054	54	4.12489210829079e-07	130912515
350058	50	3.8193445447137e-07	130912515
350688	35	2.67354118129959e-07	130912515
351348	131	1.00066827071499e-06	130912515
351605	13	9.93029581625561e-08	130912515
351607	15	1.14580336341411e-07	130912515
351627	8	6.11095127154192e-08	130912515
351745	87	6.64565950780183e-07	130912515
351746	191	1.45898961608063e-06	130912515
352472	11	8.40255799837013e-08	130912515
352914	26	1.98605916325112e-07	130912515
353151	21	1.60412470877975e-07	130912515
353152	12	9.16642690731287e-08	130912515
353153	41	3.13186252666523e-07	130912515
353154	7	5.34708236259918e-08	130912515
353496	3	2.29160672682822e-08	130912515
354242	74	5.65262992617627e-07	130912515
355276	5	3.8193445447137e-08	130912515
355277	6	4.58321345365644e-08	130912515
355278	7	5.34708236259918e-08	130912515
357244	2	1.52773781788548e-08	130912515
357348	52	3.97211832650224e-07	130912515
357544	16	1.22219025430838e-07	130912515
357804	21	1.60412470877975e-07	130912515
357808	4	3.05547563577096e-08	130912515
357809	259	1.9784204741617e-06	130912515
358220	2637	2.014322312882e-05	130912515
358681	12	9.16642690731287e-08	130912515
359786	46	3.5137969811366e-07	130912515
359787	8	6.11095127154192e-08	130912515
360094	65	4.96514790812781e-07	130912515
360095	14	1.06941647251984e-07	130912515
360102	133	1.01594564889384e-06	130912515
360104	5	3.8193445447137e-08	130912515
360105	3	2.29160672682822e-08	130912515
360106	20	1.52773781788548e-07	130912515
360107	5	3.8193445447137e-08	130912515
360109	16	1.22219025430838e-07	130912515
360115	7	5.34708236259918e-08	130912515
360910	72	5.49985614438772e-07	130912515
360911	16	1.22219025430838e-07	130912515
361100	4	3.05547563577096e-08	130912515
362242	19	1.4513509269912e-07	130912515
362663	325	2.4825739540639e-06	130912515
362948	18	1.37496403609693e-07	130912515
363253	1	7.63868908942739e-09	130912515
364106	3	2.29160672682822e-08	130912515
365044	4798	3.66504302510726e-05	130912515
365046	773	5.90470666612737e-06	130912515
365659	282	2.15411032321852e-06	130912515
366394	39	2.97908874487668e-07	130912515
366602	161	1.22982894339781e-06	130912515
367737	527	4.02558915012824e-06	130912515
367775	109	8.32617110747586e-07	130912515
367928	1137	8.68518949467895e-06	130912515
368407	27	2.0624460541454e-07	130912515
369723	45	3.43741009024233e-07	130912515
370354	2	1.52773781788548e-08	130912515
370355	3	2.29160672682822e-08	130912515
370438	26	1.98605916325112e-07	130912515
370553	22	1.68051159967403e-07	130912515
370554	1	7.63868908942739e-09	130912515
372461	3	2.29160672682822e-08	130912515
373153	183	1.39788010336521e-06	130912515
373384	350	2.67354118129959e-06	130912515
373903	14	1.06941647251984e-07	130912515
373994	16	1.22219025430838e-07	130912515
374463	4	3.05547563577096e-08	130912515
374833	9	6.87482018048465e-08	130912515
374930	12	9.16642690731287e-08	130912515
374931	7	5.34708236259918e-08	130912515
375286	550	4.20127899918507e-06	130912515
375451	18	1.37496403609693e-07	130912515
376686	2026	1.54759840951799e-05	130912515
376758	6	4.58321345365644e-08	130912515
377628	63	4.81237412633926e-07	130912515
377629	29	2.21521983593394e-07	130912515
378753	41	3.13186252666523e-07	130912515
378806	18	1.37496403609693e-07	130912515
379066	14	1.06941647251984e-07	130912515
379731	224	1.71106635603174e-06	130912515
379891	1	7.63868908942739e-09	130912515
380358	28	2.13883294503967e-07	130912515
380394	20	1.52773781788548e-07	130912515
380703	363	2.77284413946214e-06	130912515
381666	360	2.74992807219386e-06	130912515
381754	195	1.48954437243834e-06	130912515
381764	4	3.05547563577096e-08	130912515
382245	749	5.72137812798112e-06	130912515
382638	11	8.40255799837013e-08	130912515
382640	1	7.63868908942739e-09	130912515
383372	1	7.63868908942739e-09	130912515
383379	2	1.52773781788548e-08	130912515
383407	17	1.29857714520266e-07	130912515
383629	21	1.60412470877975e-07	130912515
384676	335	2.55896084495818e-06	130912515
384848	1	7.63868908942739e-09	130912515
385025	9	6.87482018048465e-08	130912515
386043	48	3.66657076292515e-07	130912515
386415	59	4.50682656276216e-07	130912515
386585	63	4.81237412633926e-07	130912515
386656	48	3.66657076292515e-07	130912515
387092	19	1.4513509269912e-07	130912515
387093	18	1.37496403609693e-07	130912515
387344	27	2.0624460541454e-07	130912515
387909	3	2.29160672682822e-08	130912515
388396	5	3.8193445447137e-08	130912515
388919	72	5.49985614438772e-07	130912515
390235	156	1.19163549795067e-06	130912515
390236	7	5.34708236259918e-08	130912515
390333	158	1.20691287612953e-06	130912515
390874	3	2.29160672682822e-08	130912515
391008	120	9.16642690731287e-07	130912515
391009	3	2.29160672682822e-08	130912515
391037	22	1.68051159967403e-07	130912515
391038	41	3.13186252666523e-07	130912515
391165	50	3.8193445447137e-07	130912515
391295	42	3.20824941755951e-07	130912515
391296	33	2.52076739951104e-07	130912515
391595	6	4.58321345365644e-08	130912515
391616	2	1.52773781788548e-08	130912515
391619	16	1.22219025430838e-07	130912515
391626	3	2.29160672682822e-08	130912515
391735	776	5.92762273339566e-06	130912515
391774	18	1.37496403609693e-07	130912515
391896	8	6.11095127154192e-08	130912515
391904	345	2.63534773585245e-06	130912515
392021	2	1.52773781788548e-08	130912515
392499	213	1.62704077604803e-06	130912515
392500	10	7.63868908942739e-08	130912515
393011	42	3.20824941755951e-07	130912515
393115	23	1.7568984905683e-07	130912515
393305	159	1.21455156521896e-06	130912515
393595	70	5.34708236259918e-07	130912515
394221	32	2.44438050861677e-07	130912515
394503	46	3.5137969811366e-07	130912515
395019	473	3.61309993929916e-06	130912515
395491	24	1.83328538146257e-07	130912515
395492	30	2.29160672682822e-07	130912515
395494	52	3.97211832650224e-07	130912515
395495	1054	8.05117830025647e-06	130912515
395960	112	8.55533178015868e-07	130912515
395961	12	9.16642690731287e-08	130912515
395962	4	3.05547563577096e-08	130912515
395963	22	1.68051159967403e-07	130912515
395965	48	3.66657076292515e-07	130912515
396513	8	6.11095127154192e-08	130912515
396588	90	6.87482018048465e-07	130912515
396595	15	1.14580336341411e-07	130912515
397945	1005	7.67688253487453e-06	130912515
398511	4	3.05547563577096e-08	130912515
398527	111	8.47894488926441e-07	130912515
398577	22	1.68051159967403e-07	130912515
398578	1866	1.42537938408715e-05	130912515
398579	6	4.58321345365644e-08	130912515
398580	37	2.82631496308814e-07	130912515
398767	12	9.16642690731287e-08	130912515
399599	31	2.36799361772249e-07	130912515
399726	8	6.11095127154192e-08	130912515
399739	247	1.88675620508857e-06	130912515
399741	45	3.43741009024233e-07	130912515
399742	38	2.90270185398241e-07	130912515
399781	4	3.05547563577096e-08	130912515
399804	13	9.93029581625561e-08	130912515
400667	808	6.17206078425733e-06	130912515
400668	41	3.13186252666523e-07	130912515
400673	9	6.87482018048465e-08	130912515
400756	352	2.68881855947844e-06	130912515
401053	14	1.06941647251984e-07	130912515
401473	96	7.3331415258503e-07	130912515
401614	8	6.11095127154192e-08	130912515
402612	1857	1.41850456390667e-05	130912515
402626	181	1.38260272518636e-06	130912515
402880	3	2.29160672682822e-08	130912515
402881	101	7.71507598032167e-07	130912515
402882	43	3.28463630845378e-07	130912515
403677	285	2.17702639048681e-06	130912515
403833	5	3.8193445447137e-08	130912515
404380	14	1.06941647251984e-07	130912515
404589	41	3.13186252666523e-07	130912515
405416	617	4.7130711681767e-06	130912515
405440	18	1.37496403609693e-07	130912515
405441	5	3.8193445447137e-08	130912515
405531	4	3.05547563577096e-08	130912515
405532	5	3.8193445447137e-08	130912515
405534	13	9.93029581625561e-08	130912515
405535	8	6.11095127154192e-08	130912515
405566	97	7.40952841674457e-07	130912515
405948	71	5.42346925349345e-07	130912515
405955	262	2.00133654142998e-06	130912515
406425	27	2.0624460541454e-07	130912515
406817	11	8.40255799837013e-08	130912515
406818	6	4.58321345365644e-08	130912515
406984	1	7.63868908942739e-09	130912515
407148	2	1.52773781788548e-08	130912515
407976	43	3.28463630845378e-07	130912515
409438	37	2.82631496308814e-07	130912515
410289	14	1.06941647251984e-07	130912515
410358	33	2.52076739951104e-07	130912515
411154	175	1.33677059064979e-06	130912515
412022	49	3.74295765381942e-07	130912515
412030	29	2.21521983593394e-07	130912515
412133	4	3.05547563577096e-08	130912515
412418	1	7.63868908942739e-09	130912515
412419	1	7.63868908942739e-09	130912515
412694	51	3.89573143560797e-07	130912515
412965	4	3.05547563577096e-08	130912515
413404	7	5.34708236259918e-08	130912515
413949	1	7.63868908942739e-09	130912515
413997	8	6.11095127154192e-08	130912515
413999	44	3.36102319934805e-07	130912515
414684	33	2.52076739951104e-07	130912515
416269	15	1.14580336341411e-07	130912515
416276	6	4.58321345365644e-08	130912515
416344	16	1.22219025430838e-07	130912515
416870	257	1.96314309598284e-06	130912515
418127	1	7.63868908942739e-09	130912515
418136	3	2.29160672682822e-08	130912515
419610	102	7.79146287121594e-07	130912515
419947	7	5.34708236259918e-08	130912515
420245	9	6.87482018048465e-08	130912515
420246	37	2.82631496308814e-07	130912515
420247	387	2.9561726776084e-06	130912515
420662	717	5.47694007711944e-06	130912515
420889	13	9.93029581625561e-08	130912515
420890	9	6.87482018048465e-08	130912515
423211	17	1.29857714520266e-07	130912515
423212	5	3.8193445447137e-08	130912515
423368	166	1.26802238884495e-06	130912515
423536	107	8.17339732568731e-07	130912515
424182	21	1.60412470877975e-07	130912515
424716	2	1.52773781788548e-08	130912515
425011	116	8.86087934373578e-07	130912515
425104	17	1.29857714520266e-07	130912515
426114	115	8.7844924528415e-07	130912515
426117	102	7.79146287121594e-07	130912515
426355	158	1.20691287612953e-06	130912515
426368	2	1.52773781788548e-08	130912515
426430	23	1.7568984905683e-07	130912515
428406	216	1.64995684331632e-06	130912515
429009	1	7.63868908942739e-09	130912515
430066	1	7.63868908942739e-09	130912515
431895	34	2.59715429040531e-07	130912515
431943	39	2.97908874487668e-07	130912515
431946	13	9.93029581625561e-08	130912515
431947	31	2.36799361772249e-07	130912515
434131	2	1.52773781788548e-08	130912515
434249	1	7.63868908942739e-09	130912515
434271	1	7.63868908942739e-09	130912515
434922	15	1.14580336341411e-07	130912515
434923	7	5.34708236259918e-08	130912515
434924	4	3.05547563577096e-08	130912515
435258	9	6.87482018048465e-08	130912515
435590	12180	9.30392331092256e-05	130912515
435591	1581	1.20767674503847e-05	130912515
435998	27	2.0624460541454e-07	130912515
436308	10	7.63868908942739e-08	130912515
436717	286	2.18466507957623e-06	130912515
438753	76	5.80540370796482e-07	130912515
439235	11	8.40255799837013e-08	130912515
439292	6	4.58321345365644e-08	130912515
439375	68	5.19430858081063e-07	130912515
439843	3179	2.42833926152897e-05	130912515
439851	1	7.63868908942739e-09	130912515
439855	111	8.47894488926441e-07	130912515
440085	68	5.19430858081063e-07	130912515
441375	35	2.67354118129959e-07	130912515
441620	105	8.02062354389876e-07	130912515
441768	206	1.57356995242204e-06	130912515
441771	7	5.34708236259918e-08	130912515
442563	38	2.90270185398241e-07	130912515
443143	21	1.60412470877975e-07	130912515
443144	8	6.11095127154192e-08	130912515
443218	13	9.93029581625561e-08	130912515
443254	1	7.63868908942739e-09	130912515
443906	168	1.2832997670238e-06	130912515
444158	1	7.63868908942739e-09	130912515
444177	49	3.74295765381942e-07	130912515
444178	21	1.60412470877975e-07	130912515
444179	10	7.63868908942739e-08	130912515
444450	6	4.58321345365644e-08	130912515
445517	3	2.29160672682822e-08	130912515
445932	2	1.52773781788548e-08	130912515
446462	69	5.2706954717049e-07	130912515
446465	51	3.89573143560797e-07	130912515
446466	67	5.11792168991635e-07	130912515
446468	29	2.21521983593394e-07	130912515
446469	81	6.18733816243619e-07	130912515
446470	27	2.0624460541454e-07	130912515
446471	43	3.28463630845378e-07	130912515
446529	1	7.63868908942739e-09	130912515
447217	34	2.59715429040531e-07	130912515
447909	1	7.63868908942739e-09	130912515
448385	67	5.11792168991635e-07	130912515
449447	22	1.68051159967403e-07	130912515
450851	110	8.40255799837013e-07	130912515
451515	1	7.63868908942739e-09	130912515
451516	10	7.63868908942739e-08	130912515
452471	11	8.40255799837013e-08	130912515
452637	51	3.89573143560797e-07	130912515
452638	78	5.95817748975337e-07	130912515
452652	58	4.43043967186789e-07	130912515
452662	133	1.01594564889384e-06	130912515
452863	49	3.74295765381942e-07	130912515
454166	1	7.63868908942739e-09	130912515
454169	3152	2.40771480098751e-05	130912515
455488	29	2.21521983593394e-07	130912515
455632	55	4.20127899918507e-07	130912515
456442	1	7.63868908942739e-09	130912515
456481	10	7.63868908942739e-08	130912515
457425	28	2.13883294503967e-07	130912515
457570	9	6.87482018048465e-08	130912515
458233	16	1.22219025430838e-07	130912515
458817	7	5.34708236259918e-08	130912515
459349	905	6.91301362593179e-06	130912515
459424	3	2.29160672682822e-08	130912515
459845	1	7.63868908942739e-09	130912515
460265	78	5.95817748975337e-07	130912515
463136	3	2.29160672682822e-08	130912515
463137	6	4.58321345365644e-08	130912515
464988	32	2.44438050861677e-07	130912515
465515	288	2.19994245775509e-06	130912515
465817	29	2.21521983593394e-07	130912515
467705	25	1.90967227235685e-07	130912515
469008	1	7.63868908942739e-09	130912515
469371	30	2.29160672682822e-07	130912515
469378	10	7.63868908942739e-08	130912515
469383	45	3.43741009024233e-07	130912515
469604	18	1.37496403609693e-07	130912515
469607	13	9.93029581625561e-08	130912515
469660	1	7.63868908942739e-09	130912515
471223	17	1.29857714520266e-07	130912515
471821	4	3.05547563577096e-08	130912515
471852	41	3.13186252666523e-07	130912515
471853	44	3.36102319934805e-07	130912515
471854	73	5.576243035282e-07	130912515
471855	11	8.40255799837013e-08	130912515
471856	19	1.4513509269912e-07	130912515
471857	16	1.22219025430838e-07	130912515
472759	6	4.58321345365644e-08	130912515
474186	1	7.63868908942739e-09	130912515
476213	1	7.63868908942739e-09	130912515
477641	66	5.04153479902208e-07	130912515
477974	15	1.14580336341411e-07	130912515
478433	3	2.29160672682822e-08	130912515
478434	4	3.05547563577096e-08	130912515
478801	81	6.18733816243619e-07	130912515
479431	176	1.34440927973922e-06	130912515
479432	61	4.65960034455071e-07	130912515
479433	54	4.12489210829079e-07	130912515
479434	7	5.34708236259918e-08	130912515
479435	78	5.95817748975337e-07	130912515
479436	96	7.3331415258503e-07	130912515
479437	137	1.04650040525155e-06	130912515
480119	185	1.41315748154407e-06	130912515
480224	1	7.63868908942739e-09	130912515
481448	6	4.58321345365644e-08	130912515
481743	11	8.40255799837013e-08	130912515
481805	454	3.46796484660004e-06	130912515
481877	22	1.68051159967403e-07	130912515
482957	29	2.21521983593394e-07	130912515
483179	10	7.63868908942739e-08	130912515
483219	20	1.52773781788548e-07	130912515
484019	2	1.52773781788548e-08	130912515
484020	55	4.20127899918507e-07	130912515
484021	452	3.45268746842118e-06	130912515
484022	1	7.63868908942739e-09	130912515
484906	10	7.63868908942739e-08	130912515
485914	3	2.29160672682822e-08	130912515
485915	2	1.52773781788548e-08	130912515
485916	9	6.87482018048465e-08	130912515
485917	226	1.72634373421059e-06	130912515
485918	93	7.10398085316748e-07	130912515
486410	6	4.58321345365644e-08	130912515
487213	61	4.65960034455071e-07	130912515
487214	48	3.66657076292515e-07	130912515
487521	26	1.98605916325112e-07	130912515
488221	4	3.05547563577096e-08	130912515
488222	8	6.11095127154192e-08	130912515
488223	21	1.60412470877975e-07	130912515
488538	1	7.63868908942739e-09	130912515
489653	9	6.87482018048465e-08	130912515
490759	14	1.06941647251984e-07	130912515
491077	11	8.40255799837013e-08	130912515
491915	53	4.04850521739652e-07	130912515
491916	39	2.97908874487668e-07	130912515
491952	3	2.29160672682822e-08	130912515
494269	1	7.63868908942739e-09	130912515
497965	9	6.87482018048465e-08	130912515
497978	248	1.89439489417799e-06	130912515
498211	86	6.56927261690756e-07	130912515
498213	1	7.63868908942739e-09	130912515
498214	1	7.63868908942739e-09	130912515
498216	17	1.29857714520266e-07	130912515
498217	9	6.87482018048465e-08	130912515
498761	22	1.68051159967403e-07	130912515
502025	33	2.52076739951104e-07	130912515
502558	41	3.13186252666523e-07	130912515
502800	9	6.87482018048465e-08	130912515
502801	4	3.05547563577096e-08	130912515
504472	28	2.13883294503967e-07	130912515
504474	36	2.74992807219386e-07	130912515
504728	211	1.61176339786918e-06	130912515
504832	158	1.20691287612953e-06	130912515
505693	1	7.63868908942739e-09	130912515
505711	1	7.63868908942739e-09	130912515
507522	236	1.80273062510486e-06	130912515
508765	34	2.59715429040531e-07	130912515
508767	44	3.36102319934805e-07	130912515
508771	43	3.28463630845378e-07	130912515
509169	163	1.24510632157667e-06	130912515
509170	297	2.26869065955994e-06	130912515
509173	1582	1.20844061394741e-05	130912515
509190	141	1.07705516160926e-06	130912515
510516	42	3.20824941755951e-07	130912515
511051	1	7.63868908942739e-09	130912515
511062	25	1.90967227235685e-07	130912515
511437	23	1.7568984905683e-07	130912515
511691	14	1.06941647251984e-07	130912515
511995	6	4.58321345365644e-08	130912515
512564	3	2.29160672682822e-08	130912515
512565	49	3.74295765381942e-07	130912515
512566	28	2.13883294503967e-07	130912515
515619	4309	3.29151112863426e-05	130912515
515620	980	7.48591530763885e-06	130912515
515621	5	3.8193445447137e-08	130912515
515622	50	3.8193445447137e-07	130912515
515635	1	7.63868908942739e-09	130912515
516950	122	9.31920068910142e-07	130912515
517417	5	3.8193445447137e-08	130912515
517418	2	1.52773781788548e-08	130912515
518766	12	9.16642690731287e-08	130912515
519441	6	4.58321345365644e-08	130912515
519442	1	7.63868908942739e-09	130912515
521006	18	1.37496403609693e-07	130912515
521011	7	5.34708236259918e-08	130912515
521095	6	4.58321345365644e-08	130912515
521096	42	3.20824941755951e-07	130912515
521097	58	4.43043967186789e-07	130912515
521098	9	6.87482018048465e-08	130912515
521460	1	7.63868908942739e-09	130912515
521674	5	3.8193445447137e-08	130912515
522306	154	1.17635811977182e-06	130912515
522373	122	9.31920068910142e-07	130912515
522772	2	1.52773781788548e-08	130912515
523791	25	1.90967227235685e-07	130912515
523794	12	9.16642690731287e-08	130912515
523796	4	3.05547563577096e-08	130912515
523846	1	7.63868908942739e-09	130912515
525146	23	1.7568984905683e-07	130912515
525284	14	1.06941647251984e-07	130912515
525381	43	3.28463630845378e-07	130912515
525897	11	8.40255799837013e-08	130912515
525898	17	1.29857714520266e-07	130912515
525903	9	6.87482018048465e-08	130912515
525904	4	3.05547563577096e-08	130912515
525909	15	1.14580336341411e-07	130912515
525919	16	1.22219025430838e-07	130912515
526218	19	1.4513509269912e-07	130912515
526222	7	5.34708236259918e-08	130912515
526224	5	3.8193445447137e-08	130912515
526225	87	6.64565950780183e-07	130912515
526226	138	1.05413909434098e-06	130912515
526227	81	6.18733816243619e-07	130912515
529120	5	3.8193445447137e-08	130912515
529507	18	1.37496403609693e-07	130912515
530564	12	9.16642690731287e-08	130912515
531844	183	1.39788010336521e-06	130912515
535289	1038	7.92895927482563e-06	130912515
536019	65	4.96514790812781e-07	130912515
536056	40	3.05547563577096e-07	130912515
536230	4	3.05547563577096e-08	130912515
536232	4	3.05547563577096e-08	130912515
537021	10	7.63868908942739e-08	130912515
537457	17	1.29857714520266e-07	130912515
537973	2	1.52773781788548e-08	130912515
541229	1	7.63868908942739e-09	130912515
543526	3	2.29160672682822e-08	130912515
543728	1432	1.093860277606e-05	130912515
543734	36	2.74992807219386e-07	130912515
543891	214	1.63467946513746e-06	130912515
543913	473	3.61309993929916e-06	130912515
544556	13	9.93029581625561e-08	130912515
545693	14	1.06941647251984e-07	130912515
545694	2	1.52773781788548e-08	130912515
545695	2	1.52773781788548e-08	130912515
546269	3	2.29160672682822e-08	130912515
546271	9	6.87482018048465e-08	130912515
546342	5	3.8193445447137e-08	130912515
546414	8	6.11095127154192e-08	130912515
546805	1	7.63868908942739e-09	130912515
547559	2	1.52773781788548e-08	130912515
548473	9	6.87482018048465e-08	130912515
548476	30	2.29160672682822e-07	130912515
548479	26	1.98605916325112e-07	130912515
550538	4	3.05547563577096e-08	130912515
550540	41	3.13186252666523e-07	130912515
550542	5	3.8193445447137e-08	130912515
551115	18	1.37496403609693e-07	130912515
551895	8	6.11095127154192e-08	130912515
552526	2	1.52773781788548e-08	130912515
552536	4	3.05547563577096e-08	130912515
552811	5	3.8193445447137e-08	130912515
553174	195	1.48954437243834e-06	130912515
553190	23	1.7568984905683e-07	130912515
553199	4506	3.44199330369598e-05	130912515
553482	4	3.05547563577096e-08	130912515
554290	3	2.29160672682822e-08	130912515
555217	1	7.63868908942739e-09	130912515
555778	25	1.90967227235685e-07	130912515
555970	2	1.52773781788548e-08	130912515
556484	87	6.64565950780183e-07	130912515
557393	1	7.63868908942739e-09	130912515
557433	19	1.4513509269912e-07	130912515
557436	23	1.7568984905683e-07	130912515
557598	118	9.01365312552432e-07	130912515
557599	15	1.14580336341411e-07	130912515
557600	98	7.48591530763885e-07	130912515
557722	93	7.10398085316748e-07	130912515
557723	5	3.8193445447137e-08	130912515
557760	52	3.97211832650224e-07	130912515
559292	746	5.69846206071284e-06	130912515
559295	40	3.05547563577096e-07	130912515
559307	27	2.0624460541454e-07	130912515
561229	8	6.11095127154192e-08	130912515
561230	8	6.11095127154192e-08	130912515
561231	4	3.05547563577096e-08	130912515
561276	27	2.0624460541454e-07	130912515
561304	2	1.52773781788548e-08	130912515
561996	2	1.52773781788548e-08	130912515
562019	3	2.29160672682822e-08	130912515
562970	4	3.05547563577096e-08	130912515
563040	17	1.29857714520266e-07	130912515
563122	1	7.63868908942739e-09	130912515
563174	1	7.63868908942739e-09	130912515
563178	2	1.52773781788548e-08	130912515
565034	12	9.16642690731287e-08	130912515
565040	680	5.19430858081063e-06	130912515
565042	461	3.52143567022603e-06	130912515
565050	102	7.79146287121594e-07	130912515
565655	22	1.68051159967403e-07	130912515
566546	9	6.87482018048465e-08	130912515
567106	14	1.06941647251984e-07	130912515
568206	9	6.87482018048465e-08	130912515
568703	6	4.58321345365644e-08	130912515
568704	5	3.8193445447137e-08	130912515
568706	18	1.37496403609693e-07	130912515
568707	59	4.50682656276216e-07	130912515
568708	1	7.63868908942739e-09	130912515
568813	3	2.29160672682822e-08	130912515
568814	38	2.90270185398241e-07	130912515
568815	1	7.63868908942739e-09	130912515
568816	112	8.55533178015868e-07	130912515
570417	5	3.8193445447137e-08	130912515
571800	2136	1.63162398950169e-05	130912515
572263	2	1.52773781788548e-08	130912515
572264	3	2.29160672682822e-08	130912515
572265	4	3.05547563577096e-08	130912515
572307	3	2.29160672682822e-08	130912515
572477	48	3.66657076292515e-07	130912515
572479	3	2.29160672682822e-08	130912515
572480	148	1.13052598523525e-06	130912515
572544	6	4.58321345365644e-08	130912515
572547	2	1.52773781788548e-08	130912515
573059	2	1.52773781788548e-08	130912515
573061	28	2.13883294503967e-07	130912515
573062	6	4.58321345365644e-08	130912515
573065	27	2.0624460541454e-07	130912515
573234	3	2.29160672682822e-08	130912515
573235	11	8.40255799837013e-08	130912515
573370	19	1.4513509269912e-07	130912515
573413	1	7.63868908942739e-09	130912515
573569	1	7.63868908942739e-09	130912515
573729	33	2.52076739951104e-07	130912515
573826	9	6.87482018048465e-08	130912515
574087	7	5.34708236259918e-08	130912515
574093	8	6.11095127154192e-08	130912515
574521	15	1.14580336341411e-07	130912515
574556	2	1.52773781788548e-08	130912515
575540	12	9.16642690731287e-08	130912515
575614	41	3.13186252666523e-07	130912515
575788	6	4.58321345365644e-08	130912515
576791	1	7.63868908942739e-09	130912515
577650	21	1.60412470877975e-07	130912515
578455	55	4.20127899918507e-07	130912515
578460	1	7.63868908942739e-09	130912515
578461	3	2.29160672682822e-08	130912515
579138	6	4.58321345365644e-08	130912515
579405	7	5.34708236259918e-08	130912515
580050	18	1.37496403609693e-07	130912515
580327	35	2.67354118129959e-07	130912515
580331	6	4.58321345365644e-08	130912515
580332	79	6.03456438064764e-07	130912515
580340	3	2.29160672682822e-08	130912515
581103	10	7.63868908942739e-08	130912515
582402	12	9.16642690731287e-08	130912515
582744	47	3.59018387203087e-07	130912515
582899	35	2.67354118129959e-07	130912515
583345	124	9.47197447088997e-07	130912515
583346	16	1.22219025430838e-07	130912515
583355	15	1.14580336341411e-07	130912515
583358	5	3.8193445447137e-08	130912515
584721	2	1.52773781788548e-08	130912515
585034	15	1.14580336341411e-07	130912515
585035	14	1.06941647251984e-07	130912515
585054	22	1.68051159967403e-07	130912515
585055	21	1.60412470877975e-07	130912515
585056	43	3.28463630845378e-07	130912515
585057	50	3.8193445447137e-07	130912515
585394	1700	1.29857714520266e-05	130912515
585395	12	9.16642690731287e-08	130912515
585396	3179	2.42833926152897e-05	130912515
585397	9	6.87482018048465e-08	130912515
585535	1	7.63868908942739e-09	130912515
588858	1	7.63868908942739e-09	130912515
589865	7	5.34708236259918e-08	130912515
590168	1	7.63868908942739e-09	130912515
590409	9	6.87482018048465e-08	130912515
590739	9	6.87482018048465e-08	130912515
590998	50	3.8193445447137e-07	130912515
591001	25	1.90967227235685e-07	130912515
591020	3	2.29160672682822e-08	130912515
591167	26	1.98605916325112e-07	130912515
591365	6	4.58321345365644e-08	130912515
591946	9	6.87482018048465e-08	130912515
592021	1	7.63868908942739e-09	130912515
592022	4	3.05547563577096e-08	130912515
592029	33	2.52076739951104e-07	130912515
592316	14	1.06941647251984e-07	130912515
593588	12	9.16642690731287e-08	130912515
593750	5	3.8193445447137e-08	130912515
593907	44	3.36102319934805e-07	130912515
595494	122	9.31920068910142e-07	130912515
595495	135	1.0312230270727e-06	130912515
595496	13	9.93029581625561e-08	130912515
595499	4	3.05547563577096e-08	130912515
595528	58	4.43043967186789e-07	130912515
595537	1014	7.74563073667938e-06	130912515
596153	1074	8.20395208204502e-06	130912515
596154	829	6.33247325513531e-06	130912515
598659	12	9.16642690731287e-08	130912515
600809	3	2.29160672682822e-08	130912515
604162	7	5.34708236259918e-08	130912515
610130	262	2.00133654142998e-06	130912515
622759	43	3.28463630845378e-07	130912515
626418	79	6.03456438064764e-07	130912515
627087	1	7.63868908942739e-09	130912515
627192	74	5.65262992617627e-07	130912515
627343	1	7.63868908942739e-09	130912515
627344	3	2.29160672682822e-08	130912515
630588	3	2.29160672682822e-08	130912515
630626	6	4.58321345365644e-08	130912515
632292	2	1.52773781788548e-08	130912515
632335	2	1.52773781788548e-08	130912515
632348	1	7.63868908942739e-09	130912515
632516	3	2.29160672682822e-08	130912515
632772	122	9.31920068910142e-07	130912515
633147	12	9.16642690731287e-08	130912515
633149	189	1.44371223790178e-06	130912515
633699	17	1.29857714520266e-07	130912515
634176	2	1.52773781788548e-08	130912515
634177	9	6.87482018048465e-08	130912515
634452	14	1.06941647251984e-07	130912515
634456	6	4.58321345365644e-08	130912515
634457	1	7.63868908942739e-09	130912515
634498	23	1.7568984905683e-07	130912515
634499	14	1.06941647251984e-07	130912515
634500	93	7.10398085316748e-07	130912515
634503	2	1.52773781788548e-08	130912515
634504	3	2.29160672682822e-08	130912515
634956	5	3.8193445447137e-08	130912515
635013	11	8.40255799837013e-08	130912515
637379	132	1.00830695980442e-06	130912515
637381	4	3.05547563577096e-08	130912515
637387	1	7.63868908942739e-09	130912515
637887	16	1.22219025430838e-07	130912515
637905	5	3.8193445447137e-08	130912515
637909	13	9.93029581625561e-08	130912515
637910	10	7.63868908942739e-08	130912515
637913	1	7.63868908942739e-09	130912515
639282	4	3.05547563577096e-08	130912515
639283	66	5.04153479902208e-07	130912515
640081	186	1.4207961706335e-06	130912515
640131	190	1.4513509269912e-06	130912515
640132	12	9.16642690731287e-08	130912515
640510	40	3.05547563577096e-07	130912515
640511	50	3.8193445447137e-07	130912515
640512	53	4.04850521739652e-07	130912515
640513	12	9.16642690731287e-08	130912515
641491	10	7.63868908942739e-08	130912515
641892	2	1.52773781788548e-08	130912515
642492	19	1.4513509269912e-07	130912515
643561	724	5.53041090074543e-06	130912515
643562	13	9.93029581625561e-08	130912515
643648	1	7.63868908942739e-09	130912515
643867	45	3.43741009024233e-07	130912515
644042	6	4.58321345365644e-08	130912515
644223	30	2.29160672682822e-07	130912515
644282	20	1.52773781788548e-07	130912515
644283	48	3.66657076292515e-07	130912515
644284	13	9.93029581625561e-08	130912515
644651	1	7.63868908942739e-09	130912515
644801	83	6.34011194422474e-07	130912515
644966	11	8.40255799837013e-08	130912515
645127	87	6.64565950780183e-07	130912515
645462	12	9.16642690731287e-08	130912515
645463	210	1.60412470877975e-06	130912515
645464	43	3.28463630845378e-07	130912515
645657	1	7.63868908942739e-09	130912515
645991	17	1.29857714520266e-07	130912515
646529	48	3.66657076292515e-07	130912515
647113	1	7.63868908942739e-09	130912515
648757	24	1.83328538146257e-07	130912515
648996	2	1.52773781788548e-08	130912515
648999	36	2.74992807219386e-07	130912515
649349	71	5.42346925349345e-07	130912515
649638	5	3.8193445447137e-08	130912515
649639	6	4.58321345365644e-08	130912515
649831	69	5.2706954717049e-07	130912515
650150	31	2.36799361772249e-07	130912515
651182	4	3.05547563577096e-08	130912515
651822	1	7.63868908942739e-09	130912515
652103	156	1.19163549795067e-06	130912515
653045	27	2.0624460541454e-07	130912515
653733	21	1.60412470877975e-07	130912515
653938	6	4.58321345365644e-08	130912515
655098	1	7.63868908942739e-09	130912515
655815	72	5.49985614438772e-07	130912515
655817	3	2.29160672682822e-08	130912515
656024	24	1.83328538146257e-07	130912515
656519	1	7.63868908942739e-09	130912515
657308	125	9.54836136178424e-07	130912515
657309	2707	2.067793136508e-05	130912515
657310	10	7.63868908942739e-08	130912515
657313	2528	1.93106060180725e-05	130912515
657314	1848	1.41162974372618e-05	130912515
657315	1432	1.093860277606e-05	130912515
657316	901	6.88245886957408e-06	130912515
657317	3097	2.36570201099566e-05	130912515
657318	3440	2.62770904676302e-05	130912515
657319	462	3.52907435931546e-06	130912515
657321	2229	1.70266379803337e-05	130912515
657322	2670	2.03952998687711e-05	130912515
657323	2799	2.13806907613073e-05	130912515
657324	28	2.13883294503967e-07	130912515
658172	7	5.34708236259918e-08	130912515
661367	17	1.29857714520266e-07	130912515
661410	47	3.59018387203087e-07	130912515
662598	5	3.8193445447137e-08	130912515
662755	14	1.06941647251984e-07	130912515
663278	41	3.13186252666523e-07	130912515
663917	8	6.11095127154192e-08	130912515
663951	3	2.29160672682822e-08	130912515
663954	5	3.8193445447137e-08	130912515
665029	15	1.14580336341411e-07	130912515
665033	2	1.52773781788548e-08	130912515
665571	1	7.63868908942739e-09	130912515
666681	307	2.34507755045421e-06	130912515
666685	58	4.43043967186789e-07	130912515
666686	7	5.34708236259918e-08	130912515
667014	6	4.58321345365644e-08	130912515
667015	396	3.02492087941325e-06	130912515
669502	7	5.34708236259918e-08	130912515
670307	13	9.93029581625561e-08	130912515
670487	12	9.16642690731287e-08	130912515
671143	3	2.29160672682822e-08	130912515
673375	1	7.63868908942739e-09	130912515
673862	4	3.05547563577096e-08	130912515
674081	1	7.63868908942739e-09	130912515
675635	33	2.52076739951104e-07	130912515
676032	2	1.52773781788548e-08	130912515
679897	5	3.8193445447137e-08	130912515
679935	490	3.74295765381942e-06	130912515
680198	27	2.0624460541454e-07	130912515
680646	53	4.04850521739652e-07	130912515
681288	1	7.63868908942739e-09	130912515
682634	14	1.06941647251984e-07	130912515
682795	13	9.93029581625561e-08	130912515
683837	3	2.29160672682822e-08	130912515
684738	410	3.13186252666523e-06	130912515
684950	2	1.52773781788548e-08	130912515
685038	8	6.11095127154192e-08	130912515
685039	1	7.63868908942739e-09	130912515
685727	93	7.10398085316748e-07	130912515
688245	531	4.05614390648595e-06	130912515
688270	100	7.63868908942739e-07	130912515
690566	91	6.95120707137893e-07	130912515
690850	11	8.40255799837013e-08	130912515
691437	19	1.4513509269912e-07	130912515
692420	1	7.63868908942739e-09	130912515
693216	9	6.87482018048465e-08	130912515
693444	14	1.06941647251984e-07	130912515
693582	2	1.52773781788548e-08	130912515
693745	4	3.05547563577096e-08	130912515
693746	67	5.11792168991635e-07	130912515
693970	21	1.60412470877975e-07	130912515
693973	6	4.58321345365644e-08	130912515
693974	42	3.20824941755951e-07	130912515
693977	5	3.8193445447137e-08	130912515
693978	120	9.16642690731287e-07	130912515
693979	272	2.07772343232425e-06	130912515
693982	17	1.29857714520266e-07	130912515
694427	84	6.41649883511901e-07	130912515
694430	1	7.63868908942739e-09	130912515
694569	2	1.52773781788548e-08	130912515
694581	1	7.63868908942739e-09	130912515
695560	50	3.8193445447137e-07	130912515
695562	11	8.40255799837013e-08	130912515
696127	4	3.05547563577096e-08	130912515
696216	42	3.20824941755951e-07	130912515
696281	12	9.16642690731287e-08	130912515
696406	22	1.68051159967403e-07	130912515
696747	2	1.52773781788548e-08	130912515
696748	2	1.52773781788548e-08	130912515
696749	55	4.20127899918507e-07	130912515
697281	24	1.83328538146257e-07	130912515
697284	9	6.87482018048465e-08	130912515
697329	120	9.16642690731287e-07	130912515
698737	14	1.06941647251984e-07	130912515
698758	8	6.11095127154192e-08	130912515
698761	15	1.14580336341411e-07	130912515
698936	8	6.11095127154192e-08	130912515
698948	9	6.87482018048465e-08	130912515
698962	6	4.58321345365644e-08	130912515
698964	2	1.52773781788548e-08	130912515
698965	7	5.34708236259918e-08	130912515
698966	3	2.29160672682822e-08	130912515
698967	6	4.58321345365644e-08	130912515
698970	4	3.05547563577096e-08	130912515
698972	7	5.34708236259918e-08	130912515
698973	7	5.34708236259918e-08	130912515
699032	91	6.95120707137893e-07	130912515
699033	66	5.04153479902208e-07	130912515
699037	92	7.0275939622732e-07	130912515
699246	19	1.4513509269912e-07	130912515
700015	17	1.29857714520266e-07	130912515
700508	27	2.0624460541454e-07	130912515
700598	154	1.17635811977182e-06	130912515
701347	24	1.83328538146257e-07	130912515
701521	17	1.29857714520266e-07	130912515
702113	133	1.01594564889384e-06	130912515
702459	124	9.47197447088997e-07	130912515
706191	9	6.87482018048465e-08	130912515
706194	2	1.52773781788548e-08	130912515
706587	6	4.58321345365644e-08	130912515
707241	15	1.14580336341411e-07	130912515
708248	2	1.52773781788548e-08	130912515
708616	1	7.63868908942739e-09	130912515
709032	16	1.22219025430838e-07	130912515
709986	6	4.58321345365644e-08	130912515
709991	564	4.30822064643705e-06	130912515
710127	1	7.63868908942739e-09	130912515
710128	1	7.63868908942739e-09	130912515
710421	33	2.52076739951104e-07	130912515
710685	56	4.27766589007934e-07	130912515
710686	26	1.98605916325112e-07	130912515
710696	41	3.13186252666523e-07	130912515
712898	25	1.90967227235685e-07	130912515
712938	3	2.29160672682822e-08	130912515
712961	22	1.68051159967403e-07	130912515
713604	26	1.98605916325112e-07	130912515
713887	6	4.58321345365644e-08	130912515
714313	28	2.13883294503967e-07	130912515
714359	1	7.63868908942739e-09	130912515
714962	3	2.29160672682822e-08	130912515
715451	12	9.16642690731287e-08	130912515
716540	7	5.34708236259918e-08	130912515
716541	166	1.26802238884495e-06	130912515
716544	7	5.34708236259918e-08	130912515
717231	4	3.05547563577096e-08	130912515
717605	15	1.14580336341411e-07	130912515
717608	424	3.23880417391721e-06	130912515
717773	2	1.52773781788548e-08	130912515
717774	26	1.98605916325112e-07	130912515
717785	35	2.67354118129959e-07	130912515
717959	534	4.07905997375423e-06	130912515
717960	704	5.37763711895688e-06	130912515
717961	444	3.39157795570576e-06	130912515
717962	1488	1.1366369365068e-05	130912515
718251	4	3.05547563577096e-08	130912515
718252	2302	1.75842622838619e-05	130912515
718254	43	3.28463630845378e-07	130912515
718255	1424	1.08774932633446e-05	130912515
718271	37	2.82631496308814e-07	130912515
718274	24	1.83328538146257e-07	130912515
720554	64	4.88876101723353e-07	130912515
720555	1	7.63868908942739e-09	130912515
722911	148	1.13052598523525e-06	130912515
741091	47	3.59018387203087e-07	130912515
742013	1086	8.29561635111815e-06	130912515
743299	11	8.40255799837013e-08	130912515
743525	1914	1.4620450917164e-05	130912515
743718	53	4.04850521739652e-07	130912515
743720	143	1.09233253978812e-06	130912515
743721	97	7.40952841674457e-07	130912515
743722	32	2.44438050861677e-07	130912515
743965	1	7.63868908942739e-09	130912515
743973	1	7.63868908942739e-09	130912515
744533	12	9.16642690731287e-08	130912515
744872	4	3.05547563577096e-08	130912515
744985	5	3.8193445447137e-08	130912515
745277	34	2.59715429040531e-07	130912515
745310	134	1.02358433798327e-06	130912515
745776	22	1.68051159967403e-07	130912515
746361	90	6.87482018048465e-07	130912515
746697	68	5.19430858081063e-07	130912515
747365	2	1.52773781788548e-08	130912515
748247	96	7.3331415258503e-07	130912515
748280	102	7.79146287121594e-07	130912515
748449	7	5.34708236259918e-08	130912515
748671	23	1.7568984905683e-07	130912515
748727	17	1.29857714520266e-07	130912515
749219	48	3.66657076292515e-07	130912515
749222	14	1.06941647251984e-07	130912515
749414	33	2.52076739951104e-07	130912515
749927	55	4.20127899918507e-07	130912515
751585	623	4.75890330271327e-06	130912515
751945	167	1.27566107793437e-06	130912515
754035	48	3.66657076292515e-07	130912515
754252	90	6.87482018048465e-07	130912515
754476	20	1.52773781788548e-07	130912515
754477	26	1.98605916325112e-07	130912515
754507	2	1.52773781788548e-08	130912515
755178	3	2.29160672682822e-08	130912515
755731	5	3.8193445447137e-08	130912515
755732	151	1.15344205250354e-06	130912515
756272	10	7.63868908942739e-08	130912515
756499	1	7.63868908942739e-09	130912515
756883	2	1.52773781788548e-08	130912515
757424	413	3.15477859393351e-06	130912515
757425	21	1.60412470877975e-07	130912515
758793	32	2.44438050861677e-07	130912515
759350	417	3.18533335029122e-06	130912515
759362	12	9.16642690731287e-08	130912515
759913	5	3.8193445447137e-08	130912515
759914	4	3.05547563577096e-08	130912515
760011	3	2.29160672682822e-08	130912515
760142	1	7.63868908942739e-09	130912515
760154	8	6.11095127154192e-08	130912515
760192	87	6.64565950780183e-07	130912515
760568	1	7.63868908942739e-09	130912515
760570	62	4.73598723544498e-07	130912515
761193	34	2.59715429040531e-07	130912515
761659	11	8.40255799837013e-08	130912515
762051	14	1.06941647251984e-07	130912515
762376	205	1.56593126333262e-06	130912515
762550	7	5.34708236259918e-08	130912515
762570	7	5.34708236259918e-08	130912515
762633	294	2.24577459229165e-06	130912515
762903	89	6.79843328959038e-07	130912515
762948	34	2.59715429040531e-07	130912515
765698	79	6.03456438064764e-07	130912515
765874	10	7.63868908942739e-08	130912515
765911	18	1.37496403609693e-07	130912515
765912	32	2.44438050861677e-07	130912515
765952	28	2.13883294503967e-07	130912515
766760	5	3.8193445447137e-08	130912515
767029	12	9.16642690731287e-08	130912515
767031	52	3.97211832650224e-07	130912515
767434	26	1.98605916325112e-07	130912515
767453	5	3.8193445447137e-08	130912515
767455	11	8.40255799837013e-08	130912515
767462	60	4.58321345365644e-07	130912515
767463	785	5.9963709352005e-06	130912515
767468	7	5.34708236259918e-08	130912515
767817	5	3.8193445447137e-08	130912515
768066	45	3.43741009024233e-07	130912515
768486	13	9.93029581625561e-08	130912515
768490	26	1.98605916325112e-07	130912515
768492	14	1.06941647251984e-07	130912515
768670	7	5.34708236259918e-08	130912515
768700	4	3.05547563577096e-08	130912515
768704	6	4.58321345365644e-08	130912515
768706	4	3.05547563577096e-08	130912515
771875	1	7.63868908942739e-09	130912515
795359	1	7.63868908942739e-09	130912515
795797	1	7.63868908942739e-09	130912515
797210	2	1.52773781788548e-08	130912515
797303	2	1.52773781788548e-08	130912515
797304	1	7.63868908942739e-09	130912515
798128	244	1.86384013782028e-06	130912515
856793	8	6.11095127154192e-08	130912515
857087	21	1.60412470877975e-07	130912515
858215	10	7.63868908942739e-08	130912515
858619	36	2.74992807219386e-07	130912515
859654	1	7.63868908942739e-09	130912515
859655	90	6.87482018048465e-07	130912515
859656	154	1.17635811977182e-06	130912515
859657	164	1.25274501066609e-06	130912515
860228	31	2.36799361772249e-07	130912515
861208	24	1.83328538146257e-07	130912515
861360	107	8.17339732568731e-07	130912515
862259	3	2.29160672682822e-08	130912515
862719	78	5.95817748975337e-07	130912515
862751	37	2.82631496308814e-07	130912515
862908	20	1.52773781788548e-07	130912515
862962	793	6.05748044791592e-06	130912515
862964	2	1.52773781788548e-08	130912515
862965	72	5.49985614438772e-07	130912515
862966	4	3.05547563577096e-08	130912515
862967	5	3.8193445447137e-08	130912515
862968	12	9.16642690731287e-08	130912515
862969	4	3.05547563577096e-08	130912515
862970	9	6.87482018048465e-08	130912515
862971	8	6.11095127154192e-08	130912515
865867	1	7.63868908942739e-09	130912515
865938	48	3.66657076292515e-07	130912515
866345	1	7.63868908942739e-09	130912515
866536	53	4.04850521739652e-07	130912515
866630	3	2.29160672682822e-08	130912515
866768	279	2.13119425595024e-06	130912515
866775	15	1.14580336341411e-07	130912515
866777	67	5.11792168991635e-07	130912515
866895	4	3.05547563577096e-08	130912515
866913	1	7.63868908942739e-09	130912515
867900	62	4.73598723544498e-07	130912515
867902	29	2.21521983593394e-07	130912515
867904	1	7.63868908942739e-09	130912515
868131	15	1.14580336341411e-07	130912515
868132	20	1.52773781788548e-07	130912515
868595	7	5.34708236259918e-08	130912515
868597	73	5.576243035282e-07	130912515
868864	3	2.29160672682822e-08	130912515
869209	83	6.34011194422474e-07	130912515
869210	14	1.06941647251984e-07	130912515
869211	1	7.63868908942739e-09	130912515
869212	18	1.37496403609693e-07	130912515
869215	8	6.11095127154192e-08	130912515
869216	10	7.63868908942739e-08	130912515
869269	5	3.8193445447137e-08	130912515
869303	1	7.63868908942739e-09	130912515
869304	1	7.63868908942739e-09	130912515
869306	2	1.52773781788548e-08	130912515
869309	127	9.70113514357279e-07	130912515
869729	56	4.27766589007934e-07	130912515
869816	2	1.52773781788548e-08	130912515
871271	1	7.63868908942739e-09	130912515
871585	216	1.64995684331632e-06	130912515
871963	6	4.58321345365644e-08	130912515
872331	4	3.05547563577096e-08	130912515
875328	33	2.52076739951104e-07	130912515
875863	1	7.63868908942739e-09	130912515
877468	6	4.58321345365644e-08	130912515
879243	17	1.29857714520266e-07	130912515
880070	17	1.29857714520266e-07	130912515
880071	95	7.25675463495602e-07	130912515
880072	3	2.29160672682822e-08	130912515
880447	3	2.29160672682822e-08	130912515
880591	27	2.0624460541454e-07	130912515
880633	36	2.74992807219386e-07	130912515
880758	172	1.31385452338151e-06	130912515
882102	5	3.8193445447137e-08	130912515
882378	24	1.83328538146257e-07	130912515
882884	17	1.29857714520266e-07	130912515
882944	3	2.29160672682822e-08	130912515
883062	112	8.55533178015868e-07	130912515
884204	21	1.60412470877975e-07	130912515
885275	2	1.52773781788548e-08	130912515
885276	5	3.8193445447137e-08	130912515
886293	41	3.13186252666523e-07	130912515
886377	26	1.98605916325112e-07	130912515
886882	6	4.58321345365644e-08	130912515
887061	24	1.83328538146257e-07	130912515
889378	4	3.05547563577096e-08	130912515
889738	147	1.12288729614583e-06	130912515
889932	8	6.11095127154192e-08	130912515
890402	613	4.68251641181899e-06	130912515
891391	61	4.65960034455071e-07	130912515
891398	2	1.52773781788548e-08	130912515
891968	1	7.63868908942739e-09	130912515
903503	1	7.63868908942739e-09	130912515
903510	2	1.52773781788548e-08	130912515
903814	64	4.88876101723353e-07	130912515
905079	69	5.2706954717049e-07	130912515
906968	12	9.16642690731287e-08	130912515
907265	16	1.22219025430838e-07	130912515
907269	14	1.06941647251984e-07	130912515
907287	3	2.29160672682822e-08	130912515
908937	44	3.36102319934805e-07	130912515
909420	10	7.63868908942739e-08	130912515
909946	4	3.05547563577096e-08	130912515
909952	294	2.24577459229165e-06	130912515
909954	21	1.60412470877975e-07	130912515
910348	23	1.7568984905683e-07	130912515
911045	24	1.83328538146257e-07	130912515
914127	5	3.8193445447137e-08	130912515
914149	1	7.63868908942739e-09	130912515
926550	3	2.29160672682822e-08	130912515
926556	13	9.93029581625561e-08	130912515
926562	34	2.59715429040531e-07	130912515
926566	13	9.93029581625561e-08	130912515
926569	13	9.93029581625561e-08	130912515
926570	18	1.37496403609693e-07	130912515
927666	114	8.70810556194723e-07	130912515
927704	43	3.28463630845378e-07	130912515
929102	367	2.80339889581985e-06	130912515
929439	19	1.4513509269912e-07	130912515
929506	11	8.40255799837013e-08	130912515
929556	63	4.81237412633926e-07	130912515
929562	115	8.7844924528415e-07	130912515
930169	26	1.98605916325112e-07	130912515
930170	1	7.63868908942739e-09	130912515
930171	37	2.82631496308814e-07	130912515
930944	79	6.03456438064764e-07	130912515
931276	81	6.18733816243619e-07	130912515
931281	64	4.88876101723353e-07	130912515
931626	29	2.21521983593394e-07	130912515
931890	11	8.40255799837013e-08	130912515
932677	6	4.58321345365644e-08	130912515
933093	8	6.11095127154192e-08	130912515
935296	43	3.28463630845378e-07	130912515
935588	7	5.34708236259918e-08	130912515
935591	2	1.52773781788548e-08	130912515
935593	6	4.58321345365644e-08	130912515
935599	2	1.52773781788548e-08	130912515
935897	1	7.63868908942739e-09	130912515
936139	1	7.63868908942739e-09	130912515
936153	16	1.22219025430838e-07	130912515
936154	2	1.52773781788548e-08	130912515
936155	4	3.05547563577096e-08	130912515
936156	4	3.05547563577096e-08	130912515
936157	5	3.8193445447137e-08	130912515
937773	4	3.05547563577096e-08	130912515
937774	17	1.29857714520266e-07	130912515
937777	8	6.11095127154192e-08	130912515
940190	13	9.93029581625561e-08	130912515
940296	8	6.11095127154192e-08	130912515
941193	7	5.34708236259918e-08	130912515
941638	1	7.63868908942739e-09	130912515
941639	18	1.37496403609693e-07	130912515
941640	3	2.29160672682822e-08	130912515
941968	1	7.63868908942739e-09	130912515
942513	3	2.29160672682822e-08	130912515
944168	2	1.52773781788548e-08	130912515
944546	274	2.09300081050311e-06	130912515
944547	453	3.46032615751061e-06	130912515
945021	19	1.4513509269912e-07	130912515
945556	36	2.74992807219386e-07	130912515
945704	28	2.13883294503967e-07	130912515
945711	2	1.52773781788548e-08	130912515
945712	3	2.29160672682822e-08	130912515
945713	5	3.8193445447137e-08	130912515
946362	33	2.52076739951104e-07	130912515
946483	97	7.40952841674457e-07	130912515
953739	31	2.36799361772249e-07	130912515
956149	5	3.8193445447137e-08	130912515
977880	220	1.68051159967403e-06	130912515
979556	153	1.16871943068239e-06	130912515
979982	2	1.52773781788548e-08	130912515
980422	3	2.29160672682822e-08	130912515
980514	33	2.52076739951104e-07	130912515
981222	9	6.87482018048465e-08	130912515
981368	33	2.52076739951104e-07	130912515
981540	46	3.5137969811366e-07	130912515
983544	102	7.79146287121594e-07	130912515
983545	7	5.34708236259918e-08	130912515
983548	49	3.74295765381942e-07	130912515
983917	717	5.47694007711944e-06	130912515
984129	2	1.52773781788548e-08	130912515
984262	31	2.36799361772249e-07	130912515
984892	5	3.8193445447137e-08	130912515
985002	4	3.05547563577096e-08	130912515
985081	1	7.63868908942739e-09	130912515
985665	1	7.63868908942739e-09	130912515
990288	19	1.4513509269912e-07	130912515
990315	101	7.71507598032167e-07	130912515
990316	175	1.33677059064979e-06	130912515
990317	20	1.52773781788548e-07	130912515
991791	11	8.40255799837013e-08	130912515
991905	54	4.12489210829079e-07	130912515
992406	38	2.90270185398241e-07	130912515
993615	2	1.52773781788548e-08	130912515
994476	113	8.63171867105295e-07	130912515
994484	311	2.37563230681192e-06	130912515
996285	73	5.576243035282e-07	130912515
997761	1	7.63868908942739e-09	130912515
998088	198	1.51246043970662e-06	130912515
999378	8	6.11095127154192e-08	130912515
999541	133	1.01594564889384e-06	130912515
999552	17	1.29857714520266e-07	130912515
999953	28	2.13883294503967e-07	130912515
1001582	1	7.63868908942739e-09	130912515
1001583	8	6.11095127154192e-08	130912515
1001585	139	1.06177778343041e-06	130912515
1002672	5	3.8193445447137e-08	130912515
1002804	6	4.58321345365644e-08	130912515
1002809	79	6.03456438064764e-07	130912515
1003195	71	5.42346925349345e-07	130912515
1003201	1	7.63868908942739e-09	130912515
1003202	1	7.63868908942739e-09	130912515
1004785	4	3.05547563577096e-08	130912515
1004786	8	6.11095127154192e-08	130912515
1004787	3	2.29160672682822e-08	130912515
1004788	2	1.52773781788548e-08	130912515
1004952	7	5.34708236259918e-08	130912515
1005041	40	3.05547563577096e-07	130912515
1005042	33	2.52076739951104e-07	130912515
1005048	407	3.10894645939695e-06	130912515
1005057	1	7.63868908942739e-09	130912515
1005058	10	7.63868908942739e-08	130912515
1005090	3	2.29160672682822e-08	130912515
1006007	2	1.52773781788548e-08	130912515
1006551	135	1.0312230270727e-06	130912515
1007064	1	7.63868908942739e-09	130912515
1007105	48	3.66657076292515e-07	130912515
1008297	3	2.29160672682822e-08	130912515
1008459	10	7.63868908942739e-08	130912515
1009464	15	1.14580336341411e-07	130912515
1009846	50	3.8193445447137e-07	130912515
1016998	13	9.93029581625561e-08	130912515
1017264	26	1.98605916325112e-07	130912515
1028307	32	2.44438050861677e-07	130912515
1028799	1	7.63868908942739e-09	130912515
1029718	8	6.11095127154192e-08	130912515
1029756	32	2.44438050861677e-07	130912515
1029825	1	7.63868908942739e-09	130912515
1030009	1	7.63868908942739e-09	130912515
1030843	13	9.93029581625561e-08	130912515
1031709	178	1.35968665791808e-06	130912515
1031710	51	3.89573143560797e-07	130912515
1031711	84	6.41649883511901e-07	130912515
1032480	75	5.72901681707055e-07	130912515
1033813	18	1.37496403609693e-07	130912515
1033837	13	9.93029581625561e-08	130912515
1034807	948	7.24147725677717e-06	130912515
1034809	5	3.8193445447137e-08	130912515
1035377	3	2.29160672682822e-08	130912515
1035817	210	1.60412470877975e-06	130912515
1036172	184	1.40551879245464e-06	130912515
1036672	38	2.90270185398241e-07	130912515
1036673	8	6.11095127154192e-08	130912515
1036743	15	1.14580336341411e-07	130912515
1037409	190	1.4513509269912e-06	130912515
1037528	1	7.63868908942739e-09	130912515
1037911	983	7.50883137490713e-06	130912515
1041504	3	2.29160672682822e-08	130912515
1041826	462	3.52907435931546e-06	130912515
1041930	1	7.63868908942739e-09	130912515
1042156	257	1.96314309598284e-06	130912515
1042876	117	8.93726623463005e-07	130912515
1042878	144	1.09997122887754e-06	130912515
1045854	7	5.34708236259918e-08	130912515
1045855	67	5.11792168991635e-07	130912515
1045856	47	3.59018387203087e-07	130912515
1045858	14	1.06941647251984e-07	130912515
1046624	20	1.52773781788548e-07	130912515
1046629	446	3.40685533388462e-06	130912515
1046632	2	1.52773781788548e-08	130912515
1048245	1	7.63868908942739e-09	130912515
1048260	5	3.8193445447137e-08	130912515
1048332	384	2.93325661034012e-06	130912515
1048689	2	1.52773781788548e-08	130912515
1048834	3	2.29160672682822e-08	130912515
1049565	101	7.71507598032167e-07	130912515
1050221	1	7.63868908942739e-09	130912515
1051072	2	1.52773781788548e-08	130912515
1051074	139	1.06177778343041e-06	130912515
1051632	2	1.52773781788548e-08	130912515
1052588	1	7.63868908942739e-09	130912515
1052684	2	1.52773781788548e-08	130912515
1054217	1	7.63868908942739e-09	130912515
1054460	124	9.47197447088997e-07	130912515
1055530	1	7.63868908942739e-09	130912515
1064535	218	1.66523422149517e-06	130912515
1064539	80	6.11095127154192e-07	130912515
1064551	1	7.63868908942739e-09	130912515
1064592	24	1.83328538146257e-07	130912515
1069533	57	4.35405278097361e-07	130912515
1069534	68	5.19430858081063e-07	130912515
1069642	7	5.34708236259918e-08	130912515
1071378	31	2.36799361772249e-07	130912515
1071381	23	1.7568984905683e-07	130912515
1071382	20	1.52773781788548e-07	130912515
1071400	17	1.29857714520266e-07	130912515
1072459	7	5.34708236259918e-08	130912515
1072467	2	1.52773781788548e-08	130912515
1074252	2	1.52773781788548e-08	130912515
1074889	3	2.29160672682822e-08	130912515
1074919	4	3.05547563577096e-08	130912515
1075089	58	4.43043967186789e-07	130912515
1075399	1	7.63868908942739e-09	130912515
1076934	70	5.34708236259918e-07	130912515
1080228	11	8.40255799837013e-08	130912515
1081093	3	2.29160672682822e-08	130912515
1081094	6	4.58321345365644e-08	130912515
1082931	29	2.21521983593394e-07	130912515
1085623	4	3.05547563577096e-08	130912515
1087448	4	3.05547563577096e-08	130912515
1087451	1	7.63868908942739e-09	130912515
1087452	1	7.63868908942739e-09	130912515
1088720	5	3.8193445447137e-08	130912515
1089456	102	7.79146287121594e-07	130912515
1089553	13	9.93029581625561e-08	130912515
1090974	3	2.29160672682822e-08	130912515
1091041	5	3.8193445447137e-08	130912515
1091045	1705	1.30239648974737e-05	130912515
1091494	31	2.36799361772249e-07	130912515
1091495	6	4.58321345365644e-08	130912515
1091497	5	3.8193445447137e-08	130912515
1093141	141	1.07705516160926e-06	130912515
1093787	39	2.97908874487668e-07	130912515
1094466	385	2.94089529942955e-06	130912515
1094497	2	1.52773781788548e-08	130912515
1095774	5	3.8193445447137e-08	130912515
1096995	19	1.4513509269912e-07	130912515
1096996	173	1.32149321247094e-06	130912515
1096997	8	6.11095127154192e-08	130912515
1097668	82	6.26372505333046e-07	130912515
1097677	78	5.95817748975337e-07	130912515
1100841	3	2.29160672682822e-08	130912515
1104320	8	6.11095127154192e-08	130912515
1104321	2	1.52773781788548e-08	130912515
1104322	219	1.6728729105846e-06	130912515
1104325	57	4.35405278097361e-07	130912515
1104326	54	4.12489210829079e-07	130912515
1105110	2	1.52773781788548e-08	130912515
1105111	1	7.63868908942739e-09	130912515
1105112	2	1.52773781788548e-08	130912515
1107880	41	3.13186252666523e-07	130912515
1110502	57	4.35405278097361e-07	130912515
1110509	1	7.63868908942739e-09	130912515
1111068	14	1.06941647251984e-07	130912515
1111069	222	1.69578897785288e-06	130912515
1111676	6	4.58321345365644e-08	130912515
1111678	118	9.01365312552432e-07	130912515
1112204	31	2.36799361772249e-07	130912515
1114958	1	7.63868908942739e-09	130912515
1114965	54	4.12489210829079e-07	130912515
1114966	69	5.2706954717049e-07	130912515
1114967	426	3.25408155209607e-06	130912515
1114969	4371	3.33887100098871e-05	130912515
1114970	289	2.20758114684452e-06	130912515
1116211	2	1.52773781788548e-08	130912515
1116231	51	3.89573143560797e-07	130912515
1116375	1	7.63868908942739e-09	130912515
1116391	4	3.05547563577096e-08	130912515
1117647	27	2.0624460541454e-07	130912515
1117943	34	2.59715429040531e-07	130912515
1118959	1	7.63868908942739e-09	130912515
1118963	62	4.73598723544498e-07	130912515
1118964	1	7.63868908942739e-09	130912515
1120755	6	4.58321345365644e-08	130912515
1121335	26	1.98605916325112e-07	130912515
1121353	112	8.55533178015868e-07	130912515
1121362	41	3.13186252666523e-07	130912515
1121448	12	9.16642690731287e-08	130912515
1121451	2	1.52773781788548e-08	130912515
1123519	61	4.65960034455071e-07	130912515
1123523	5	3.8193445447137e-08	130912515
1123863	10	7.63868908942739e-08	130912515
1124936	7	5.34708236259918e-08	130912515
1124983	248	1.89439489417799e-06	130912515
1124991	19	1.4513509269912e-07	130912515
1125630	148	1.13052598523525e-06	130912515
1126211	1	7.63868908942739e-09	130912515
1127134	32	2.44438050861677e-07	130912515
1128398	3	2.29160672682822e-08	130912515
1129369	1	7.63868908942739e-09	130912515
1129794	10	7.63868908942739e-08	130912515
1130804	4	3.05547563577096e-08	130912515
1131462	7	5.34708236259918e-08	130912515
1132496	1	7.63868908942739e-09	130912515
1132507	2	1.52773781788548e-08	130912515
1133568	7	5.34708236259918e-08	130912515
1133592	1	7.63868908942739e-09	130912515
1133849	36	2.74992807219386e-07	130912515
1133850	34	2.59715429040531e-07	130912515
1133852	23	1.7568984905683e-07	130912515
1133853	40	3.05547563577096e-07	130912515
1134454	2250	1.71870504512116e-05	130912515
1134782	3	2.29160672682822e-08	130912515
1136179	12118	9.25656343856812e-05	130912515
1137651	37	2.82631496308814e-07	130912515
1138308	8	6.11095127154192e-08	130912515
1138382	8	6.11095127154192e-08	130912515
1138383	34	2.59715429040531e-07	130912515
1138871	5	3.8193445447137e-08	130912515
1142394	10	7.63868908942739e-08	130912515
1142511	1	7.63868908942739e-09	130912515
1144275	23	1.7568984905683e-07	130912515
1146883	58	4.43043967186789e-07	130912515
1147128	5	3.8193445447137e-08	130912515
1147129	7	5.34708236259918e-08	130912515
1150469	14	1.06941647251984e-07	130912515
1150475	1	7.63868908942739e-09	130912515
1150476	1	7.63868908942739e-09	130912515
1151116	22	1.68051159967403e-07	130912515
1155071	8	6.11095127154192e-08	130912515
1155084	1	7.63868908942739e-09	130912515
1155766	101	7.71507598032167e-07	130912515
1155777	1	7.63868908942739e-09	130912515
1156431	49	3.74295765381942e-07	130912515
1156433	56	4.27766589007934e-07	130912515
1156913	30	2.29160672682822e-07	130912515
1157951	10	7.63868908942739e-08	130912515
1160717	2	1.52773781788548e-08	130912515
1161918	1	7.63868908942739e-09	130912515
1162668	2	1.52773781788548e-08	130912515
1163389	3	2.29160672682822e-08	130912515
1163399	115	8.7844924528415e-07	130912515
1163617	79	6.03456438064764e-07	130912515
1163742	1	7.63868908942739e-09	130912515
1163745	1	7.63868908942739e-09	130912515
1163748	18	1.37496403609693e-07	130912515
1166016	9	6.87482018048465e-08	130912515
1166018	17	1.29857714520266e-07	130912515
1166130	16	1.22219025430838e-07	130912515
1167006	3	2.29160672682822e-08	130912515
1167629	2	1.52773781788548e-08	130912515
1167634	218	1.66523422149517e-06	130912515
1168287	4	3.05547563577096e-08	130912515
1170318	161	1.22982894339781e-06	130912515
1170562	13	9.93029581625561e-08	130912515
1171373	26	1.98605916325112e-07	130912515
1171376	10	7.63868908942739e-08	130912515
1171377	10	7.63868908942739e-08	130912515
1172562	4	3.05547563577096e-08	130912515
1173020	224	1.71106635603174e-06	130912515
1173022	13	9.93029581625561e-08	130912515
1173025	4	3.05547563577096e-08	130912515
1173026	7	5.34708236259918e-08	130912515
1173027	13	9.93029581625561e-08	130912515
1173263	2	1.52773781788548e-08	130912515
1173427	3	2.29160672682822e-08	130912515
1174529	2	1.52773781788548e-08	130912515
1179773	34	2.59715429040531e-07	130912515
1183438	4	3.05547563577096e-08	130912515
1184267	18	1.37496403609693e-07	130912515
1185652	27	2.0624460541454e-07	130912515
1186051	2	1.52773781788548e-08	130912515
1187956	183	1.39788010336521e-06	130912515
1191061	213	1.62704077604803e-06	130912515
1191523	1	7.63868908942739e-09	130912515
1192196	5	3.8193445447137e-08	130912515
1193292	336	2.5665995340476e-06	130912515
1193576	1	7.63868908942739e-09	130912515
1193806	1	7.63868908942739e-09	130912515
1193807	1	7.63868908942739e-09	130912515
1194526	29	2.21521983593394e-07	130912515
1195464	3	2.29160672682822e-08	130912515
1196325	105	8.02062354389876e-07	130912515
1196835	111	8.47894488926441e-07	130912515
1197325	2	1.52773781788548e-08	130912515
1197719	5	3.8193445447137e-08	130912515
1198114	14	1.06941647251984e-07	130912515
1198232	9	6.87482018048465e-08	130912515
1198627	27	2.0624460541454e-07	130912515
1198676	7	5.34708236259918e-08	130912515
1199187	18	1.37496403609693e-07	130912515
1200352	17	1.29857714520266e-07	130912515
1201294	7	5.34708236259918e-08	130912515
1202772	14	1.06941647251984e-07	130912515
1203460	20	1.52773781788548e-07	130912515
1203670	2	1.52773781788548e-08	130912515
1204414	128	9.77752203446706e-07	130912515
1205674	1	7.63868908942739e-09	130912515
1205677	1	7.63868908942739e-09	130912515
1205910	49	3.74295765381942e-07	130912515
1206105	35	2.67354118129959e-07	130912515
1206109	1	7.63868908942739e-09	130912515
1206745	1	7.63868908942739e-09	130912515
1207075	310	2.36799361772249e-06	130912515
1208658	36	2.74992807219386e-07	130912515
1208660	44	3.36102319934805e-07	130912515
1208918	3	2.29160672682822e-08	130912515
1208919	2	1.52773781788548e-08	130912515
1208920	4	3.05547563577096e-08	130912515
1208921	4	3.05547563577096e-08	130912515
1208923	12	9.16642690731287e-08	130912515
1209989	10	7.63868908942739e-08	130912515
1211025	28	2.13883294503967e-07	130912515
1211579	105	8.02062354389876e-07	130912515
1211705	3	2.29160672682822e-08	130912515
1212765	2	1.52773781788548e-08	130912515
1214101	19	1.4513509269912e-07	130912515
1214242	26	1.98605916325112e-07	130912515
1215088	143	1.09233253978812e-06	130912515
1215343	1	7.63868908942739e-09	130912515
1215914	1	7.63868908942739e-09	130912515
1216976	211	1.61176339786918e-06	130912515
1217737	2	1.52773781788548e-08	130912515
1217984	21	1.60412470877975e-07	130912515
1218175	7	5.34708236259918e-08	130912515
1218933	3	2.29160672682822e-08	130912515
1219076	1	7.63868908942739e-09	130912515
1224163	32	2.44438050861677e-07	130912515
1224746	4	3.05547563577096e-08	130912515
1225179	4	3.05547563577096e-08	130912515
1228997	35	2.67354118129959e-07	130912515
1229205	29	2.21521983593394e-07	130912515
1229512	4	3.05547563577096e-08	130912515
1229756	6	4.58321345365644e-08	130912515
1229758	22	1.68051159967403e-07	130912515
1229908	9	6.87482018048465e-08	130912515
1229909	11	8.40255799837013e-08	130912515
1230587	2	1.52773781788548e-08	130912515
1231072	22	1.68051159967403e-07	130912515
1231626	4	3.05547563577096e-08	130912515
1232381	45	3.43741009024233e-07	130912515
1232383	8	6.11095127154192e-08	130912515
1232724	4	3.05547563577096e-08	130912515
1233873	7	5.34708236259918e-08	130912515
1234378	2	1.52773781788548e-08	130912515
1234380	33	2.52076739951104e-07	130912515
1234600	1	7.63868908942739e-09	130912515
1234679	278	2.12355556686082e-06	130912515
1235461	4	3.05547563577096e-08	130912515
1235829	1	7.63868908942739e-09	130912515
1235990	4	3.05547563577096e-08	130912515
1236689	2	1.52773781788548e-08	130912515
1236903	69	5.2706954717049e-07	130912515
1236908	3	2.29160672682822e-08	130912515
1236909	1	7.63868908942739e-09	130912515
1237085	1	7.63868908942739e-09	130912515
1239881	2	1.52773781788548e-08	130912515
1240471	1	7.63868908942739e-09	130912515
1241583	3	2.29160672682822e-08	130912515
1244085	27	2.0624460541454e-07	130912515
1244528	1	7.63868908942739e-09	130912515
1245469	139	1.06177778343041e-06	130912515
1245471	254	1.94022702871456e-06	130912515
1246301	793	6.05748044791592e-06	130912515
1246365	13	9.93029581625561e-08	130912515
1246995	46	3.5137969811366e-07	130912515
1249480	24	1.83328538146257e-07	130912515
1249526	3	2.29160672682822e-08	130912515
1249531	4	3.05547563577096e-08	130912515
1249634	14	1.06941647251984e-07	130912515
1249661	29	2.21521983593394e-07	130912515
1254432	29	2.21521983593394e-07	130912515
1254439	24	1.83328538146257e-07	130912515
1255043	24	1.83328538146257e-07	130912515
1257118	8	6.11095127154192e-08	130912515
1260251	14	1.06941647251984e-07	130912515
1260292	4	3.05547563577096e-08	130912515
1261126	2	1.52773781788548e-08	130912515
1261557	9	6.87482018048465e-08	130912515
1262161	4	3.05547563577096e-08	130912515
1262456	100	7.63868908942739e-07	130912515
1265601	24	1.83328538146257e-07	130912515
1266371	2	1.52773781788548e-08	130912515
1266738	10	7.63868908942739e-08	130912515
1266845	124	9.47197447088997e-07	130912515
1267577	22	1.68051159967403e-07	130912515
1267753	8	6.11095127154192e-08	130912515
1267754	4	3.05547563577096e-08	130912515
1271752	9	6.87482018048465e-08	130912515
1271862	6	4.58321345365644e-08	130912515
1271863	14	1.06941647251984e-07	130912515
1271864	4	3.05547563577096e-08	130912515
1273173	16	1.22219025430838e-07	130912515
1274814	13	9.93029581625561e-08	130912515
1276221	2	1.52773781788548e-08	130912515
1276227	2	1.52773781788548e-08	130912515
1276282	11	8.40255799837013e-08	130912515
1276647	2	1.52773781788548e-08	130912515
1278073	10	7.63868908942739e-08	130912515
1279007	4	3.05547563577096e-08	130912515
1279008	11	8.40255799837013e-08	130912515
1279365	1	7.63868908942739e-09	130912515
1280938	9	6.87482018048465e-08	130912515
1282356	575	4.39224622642075e-06	130912515
1283330	3	2.29160672682822e-08	130912515
1283331	40	3.05547563577096e-07	130912515
1284663	5	3.8193445447137e-08	130912515
1286170	155	1.18399680886125e-06	130912515
1286404	2	1.52773781788548e-08	130912515
1286640	5	3.8193445447137e-08	130912515
1288394	245	1.87147882690971e-06	130912515
1290427	1	7.63868908942739e-09	130912515
1291379	3	2.29160672682822e-08	130912515
1294143	141	1.07705516160926e-06	130912515
1295826	16	1.22219025430838e-07	130912515
1297582	1	7.63868908942739e-09	130912515
1298593	18	1.37496403609693e-07	130912515
1298917	5	3.8193445447137e-08	130912515
1300150	3	2.29160672682822e-08	130912515
1300253	2	1.52773781788548e-08	130912515
1300254	3	2.29160672682822e-08	130912515
1300255	3	2.29160672682822e-08	130912515
1300256	3	2.29160672682822e-08	130912515
1300257	6	4.58321345365644e-08	130912515
1300258	3	2.29160672682822e-08	130912515
1300259	1	7.63868908942739e-09	130912515
1302863	18	1.37496403609693e-07	130912515
1303024	12	9.16642690731287e-08	130912515
1303692	22	1.68051159967403e-07	130912515
1304892	19	1.4513509269912e-07	130912515
1305849	51	3.89573143560797e-07	130912515
1310114	1	7.63868908942739e-09	130912515
1310161	30	2.29160672682822e-07	130912515
1311760	1	7.63868908942739e-09	130912515
1313172	54	4.12489210829079e-07	130912515
1314884	1	7.63868908942739e-09	130912515
1316444	2	1.52773781788548e-08	130912515
1316932	2	1.52773781788548e-08	130912515
1318615	1	7.63868908942739e-09	130912515
1318633	4	3.05547563577096e-08	130912515
1318635	5	3.8193445447137e-08	130912515
1321369	4	3.05547563577096e-08	130912515
1321370	9	6.87482018048465e-08	130912515
1322246	4	3.05547563577096e-08	130912515
1322346	4	3.05547563577096e-08	130912515
1327988	15	1.14580336341411e-07	130912515
1328306	30	2.29160672682822e-07	130912515
1331671	146	1.1152486070564e-06	130912515
1332188	43	3.28463630845378e-07	130912515
1334187	3	2.29160672682822e-08	130912515
1335307	7	5.34708236259918e-08	130912515
1335757	11	8.40255799837013e-08	130912515
1338032	1	7.63868908942739e-09	130912515
1340495	14	1.06941647251984e-07	130912515
1340847	2	1.52773781788548e-08	130912515
1340851	18	1.37496403609693e-07	130912515
1341692	9	6.87482018048465e-08	130912515
1343077	1	7.63868908942739e-09	130912515
1343740	20	1.52773781788548e-07	130912515
1345695	106	8.09701043479304e-07	130912515
1345697	4	3.05547563577096e-08	130912515
1346614	63	4.81237412633926e-07	130912515
1348660	12	9.16642690731287e-08	130912515
1348662	8	6.11095127154192e-08	130912515
1355100	7	5.34708236259918e-08	130912515
1356861	3	2.29160672682822e-08	130912515
1358027	6	4.58321345365644e-08	130912515
1367477	16	1.22219025430838e-07	130912515
1367847	47	3.59018387203087e-07	130912515
1379702	62	4.73598723544498e-07	130912515
1380774	62	4.73598723544498e-07	130912515
1380908	310	2.36799361772249e-06	130912515
1382700	1	7.63868908942739e-09	130912515
1383068	7	5.34708236259918e-08	130912515
1384484	35	2.67354118129959e-07	130912515
1385727	1	7.63868908942739e-09	130912515
1389489	41	3.13186252666523e-07	130912515
1394709	8	6.11095127154192e-08	130912515
1394711	29	2.21521983593394e-07	130912515
1394889	2	1.52773781788548e-08	130912515
1399115	1	7.63868908942739e-09	130912515
1399116	47	3.59018387203087e-07	130912515
1400867	57	4.35405278097361e-07	130912515
1401659	47	3.59018387203087e-07	130912515
1406860	1	7.63868908942739e-09	130912515
1406864	2	1.52773781788548e-08	130912515
1408186	13	9.93029581625561e-08	130912515
1408206	29	2.21521983593394e-07	130912515
1408272	11	8.40255799837013e-08	130912515
1415629	5	3.8193445447137e-08	130912515
1415630	1252	9.5636387399631e-06	130912515
1415773	2	1.52773781788548e-08	130912515
1415784	1	7.63868908942739e-09	130912515
1416914	87	6.64565950780183e-07	130912515
1423144	17	1.29857714520266e-07	130912515
1423892	3	2.29160672682822e-08	130912515
1427342	31	2.36799361772249e-07	130912515
1429244	2	1.52773781788548e-08	130912515
1430440	36	2.74992807219386e-07	130912515
1435044	33	2.52076739951104e-07	130912515
1435058	8	6.11095127154192e-08	130912515
1435356	76	5.80540370796482e-07	130912515
1436140	278	2.12355556686082e-06	130912515
