Tax.ID	Frequency	Proportion	Total
394	10	9.54514146047594e-08	104765341
882	1	9.54514146047594e-09	104765341
883	2	1.90902829209519e-08	104765341
1140	1	9.54514146047594e-09	104765341
1148	4	3.81805658419038e-08	104765341
1511	10	9.54514146047594e-08	104765341
1639	2	1.90902829209519e-08	104765341
2762	6	5.72708487628556e-08	104765341
2769	5	4.77257073023797e-08	104765341
2771	3	2.86354243814278e-08	104765341
2787	6	5.72708487628556e-08	104765341
2829	12	1.14541697525711e-07	104765341
2832	2	1.90902829209519e-08	104765341
2839	67	6.39524477851888e-07	104765341
2850	81	7.73156458298551e-07	104765341
2880	6	5.72708487628556e-08	104765341
2898	3	2.86354243814278e-08	104765341
2903	1	9.54514146047594e-09	104765341
3039	1	9.54514146047594e-09	104765341
4770	2	1.90902829209519e-08	104765341
4950	4	3.81805658419038e-08	104765341
5061	1	9.54514146047594e-09	104765341
5518	7	6.68159902233316e-08	104765341
5661	3	2.86354243814278e-08	104765341
5749	1	9.54514146047594e-09	104765341
5762	1	9.54514146047594e-09	104765341
5763	1	9.54514146047594e-09	104765341
5778	1	9.54514146047594e-09	104765341
5786	5	4.77257073023797e-08	104765341
5851	2	1.90902829209519e-08	104765341
5872	4	3.81805658419038e-08	104765341
5885	4	3.81805658419038e-08	104765341
5889	1	9.54514146047594e-09	104765341
5907	3	2.86354243814278e-08	104765341
5908	2	1.90902829209519e-08	104765341
5911	6	5.72708487628556e-08	104765341
5932	6	5.72708487628556e-08	104765341
10359	1	9.54514146047594e-09	104765341
28072	5	4.77257073023797e-08	104765341
31964	21	2.00447970669995e-07	104765341
32051	2	1.90902829209519e-08	104765341
33653	1	9.54514146047594e-09	104765341
33657	2	1.90902829209519e-08	104765341
33658	1	9.54514146047594e-09	104765341
35128	62	5.91798770549508e-07	104765341
35688	3	2.86354243814278e-08	104765341
36329	4	3.81805658419038e-08	104765341
36809	9	8.59062731442835e-08	104765341
40041	3	2.86354243814278e-08	104765341
43926	2	1.90902829209519e-08	104765341
44056	1	9.54514146047594e-09	104765341
44058	1	9.54514146047594e-09	104765341
44689	1	9.54514146047594e-09	104765341
46234	1	9.54514146047594e-09	104765341
48483	1	9.54514146047594e-09	104765341
48942	1	9.54514146047594e-09	104765341
49266	9	8.59062731442835e-08	104765341
52970	4	3.81805658419038e-08	104765341
55529	20	1.90902829209519e-07	104765341
55884	1	9.54514146047594e-09	104765341
59374	8	7.63611316838075e-08	104765341
59748	1	9.54514146047594e-09	104765341
59920	2	1.90902829209519e-08	104765341
60481	58	5.53618204707605e-07	104765341
62928	65	6.20434194930936e-07	104765341
62977	34	3.24534809656182e-07	104765341
63186	2	1.90902829209519e-08	104765341
63737	6	5.72708487628556e-08	104765341
64471	5	4.77257073023797e-08	104765341
65071	3	2.86354243814278e-08	104765341
65093	1	9.54514146047594e-09	104765341
65393	1	9.54514146047594e-09	104765341
66084	1	9.54514146047594e-09	104765341
66692	1	9.54514146047594e-09	104765341
67593	2	1.90902829209519e-08	104765341
69328	14	1.33631980446663e-07	104765341
69896	1	9.54514146047594e-09	104765341
72520	3	2.86354243814278e-08	104765341
73025	1	9.54514146047594e-09	104765341
74547	2	1.90902829209519e-08	104765341
75379	27	2.5771881943285e-07	104765341
76114	16	1.52722263367615e-07	104765341
76869	11	1.04996556065235e-07	104765341
78245	12	1.14541697525711e-07	104765341
79929	1	9.54514146047594e-09	104765341
82654	4	3.81805658419038e-08	104765341
83406	2	1.90902829209519e-08	104765341
85569	1	9.54514146047594e-09	104765341
85643	60	5.72708487628556e-07	104765341
86416	3	2.86354243814278e-08	104765341
88149	5	4.77257073023797e-08	104765341
94122	15	1.43177121907139e-07	104765341
96561	3	2.86354243814278e-08	104765341
96563	16	1.52722263367615e-07	104765341
99287	2	1.90902829209519e-08	104765341
99598	2	1.90902829209519e-08	104765341
100226	5	4.77257073023797e-08	104765341
101510	125	1.19314268255949e-06	104765341
103690	9	8.59062731442835e-08	104765341
106370	3	2.86354243814278e-08	104765341
107806	1	9.54514146047594e-09	104765341
109269	4	3.81805658419038e-08	104765341
111780	2	1.90902829209519e-08	104765341
114615	29	2.76809102353802e-07	104765341
115713	2	1.90902829209519e-08	104765341
118163	1	9.54514146047594e-09	104765341
120807	3	2.86354243814278e-08	104765341
122587	5	4.77257073023797e-08	104765341
123214	1	9.54514146047594e-09	104765341
126793	1	9.54514146047594e-09	104765341
134676	5	4.77257073023797e-08	104765341
136089	2	1.90902829209519e-08	104765341
137722	7	6.68159902233316e-08	104765341
153948	13	1.24086838986187e-07	104765341
155148	1	9.54514146047594e-09	104765341
155864	4	3.81805658419038e-08	104765341
156889	5	4.77257073023797e-08	104765341
158189	12	1.14541697525711e-07	104765341
159087	36	3.43625092577134e-07	104765341
160488	14	1.33631980446663e-07	104765341
160491	1	9.54514146047594e-09	104765341
160492	3	2.86354243814278e-08	104765341
160619	70	6.68159902233316e-07	104765341
163164	1	9.54514146047594e-09	104765341
164037	3	2.86354243814278e-08	104765341
164328	3	2.86354243814278e-08	104765341
164756	32	3.0544452673523e-07	104765341
164757	1	9.54514146047594e-09	104765341
167546	2	1.90902829209519e-08	104765341
167555	2	1.90902829209519e-08	104765341
167879	1	9.54514146047594e-09	104765341
169963	1	9.54514146047594e-09	104765341
170187	2	1.90902829209519e-08	104765341
171101	15	1.43177121907139e-07	104765341
172667	4	3.81805658419038e-08	104765341
172968	1	9.54514146047594e-09	104765341
176279	19	1.81357687749043e-07	104765341
176280	23	2.19538253590947e-07	104765341
176299	11	1.04996556065235e-07	104765341
177437	4	3.81805658419038e-08	104765341
177439	1	9.54514146047594e-09	104765341
179408	29	2.76809102353802e-07	104765341
180504	1	9.54514146047594e-09	104765341
182217	1	9.54514146047594e-09	104765341
183190	1	9.54514146047594e-09	104765341
184922	1	9.54514146047594e-09	104765341
186103	1	9.54514146047594e-09	104765341
187272	9	8.59062731442835e-08	104765341
187303	6	5.72708487628556e-08	104765341
187420	1	9.54514146047594e-09	104765341
188937	6	5.72708487628556e-08	104765341
189423	16	1.52722263367615e-07	104765341
189518	3	2.86354243814278e-08	104765341
189918	7	6.68159902233316e-08	104765341
190304	1	9.54514146047594e-09	104765341
190485	28	2.67263960893326e-07	104765341
190486	7	6.68159902233316e-08	104765341
190650	29	2.76809102353802e-07	104765341
192222	1	9.54514146047594e-09	104765341
192952	12	1.14541697525711e-07	104765341
193567	1	9.54514146047594e-09	104765341
194439	2	1.90902829209519e-08	104765341
195102	1	9.54514146047594e-09	104765341
195103	37	3.5317023403761e-07	104765341
195253	1	9.54514146047594e-09	104765341
196162	32	3.0544452673523e-07	104765341
196164	103	9.83149570429022e-07	104765341
196627	1	9.54514146047594e-09	104765341
198215	2	1.90902829209519e-08	104765341
198466	1	9.54514146047594e-09	104765341
198628	1	9.54514146047594e-09	104765341
198804	1	9.54514146047594e-09	104765341
203119	26	2.48173677972374e-07	104765341
203120	3	2.86354243814278e-08	104765341
203122	2	1.90902829209519e-08	104765341
203123	10	9.54514146047594e-08	104765341
203124	3	2.86354243814278e-08	104765341
203275	21	2.00447970669995e-07	104765341
204669	1	9.54514146047594e-09	104765341
204773	62	5.91798770549508e-07	104765341
205913	217	2.07129569692328e-06	104765341
205914	20	1.90902829209519e-07	104765341
205918	21	2.00447970669995e-07	104765341
205922	47	4.48621648642369e-07	104765341
206672	8	7.63611316838075e-08	104765341
207559	3	2.86354243814278e-08	104765341
208435	12	1.14541697525711e-07	104765341
208596	12	1.14541697525711e-07	104765341
208963	25	2.38628536511899e-07	104765341
208964	39	3.72260516958562e-07	104765341
210007	1	9.54514146047594e-09	104765341
211110	2	1.90902829209519e-08	104765341
211586	2	1.90902829209519e-08	104765341
212717	5	4.77257073023797e-08	104765341
213769	1	9.54514146047594e-09	104765341
213775	1	9.54514146047594e-09	104765341
213810	7	6.68159902233316e-08	104765341
214092	3	2.86354243814278e-08	104765341
214684	13	1.24086838986187e-07	104765341
215689	2	1.90902829209519e-08	104765341
216432	3	2.86354243814278e-08	104765341
216591	8	7.63611316838075e-08	104765341
216592	4	3.81805658419038e-08	104765341
216594	2	1.90902829209519e-08	104765341
216595	223	2.12856654568613e-06	104765341
216596	13	1.24086838986187e-07	104765341
216599	5	4.77257073023797e-08	104765341
218491	2	1.90902829209519e-08	104765341
218495	2	1.90902829209519e-08	104765341
220341	14	1.33631980446663e-07	104765341
220664	32	3.0544452673523e-07	104765341
221029	2	1.90902829209519e-08	104765341
221109	1	9.54514146047594e-09	104765341
221724	1	9.54514146047594e-09	104765341
221988	1	9.54514146047594e-09	104765341
222523	2	1.90902829209519e-08	104765341
223283	25	2.38628536511899e-07	104765341
224308	5	4.77257073023797e-08	104765341
224911	35	3.34079951116658e-07	104765341
224914	5	4.77257073023797e-08	104765341
224915	1	9.54514146047594e-09	104765341
225937	1	9.54514146047594e-09	104765341
226185	19	1.81357687749043e-07	104765341
226186	247	2.35764994073756e-06	104765341
227086	7	6.68159902233316e-08	104765341
227321	2	1.90902829209519e-08	104765341
227882	18	1.71812546288567e-07	104765341
228400	16	1.52722263367615e-07	104765341
228405	1	9.54514146047594e-09	104765341
228410	2	1.90902829209519e-08	104765341
229533	4	3.81805658419038e-08	104765341
231023	12	1.14541697525711e-07	104765341
232721	548	5.23073752034082e-06	104765341
234267	4	3.81805658419038e-08	104765341
234621	1811	1.72862511849219e-05	104765341
234831	1	9.54514146047594e-09	104765341
235279	1	9.54514146047594e-09	104765341
235909	1	9.54514146047594e-09	104765341
237561	4	3.81805658419038e-08	104765341
240015	1	9.54514146047594e-09	104765341
240292	1	9.54514146047594e-09	104765341
242507	1	9.54514146047594e-09	104765341
242527	1	9.54514146047594e-09	104765341
242619	5	4.77257073023797e-08	104765341
243090	3	2.86354243814278e-08	104765341
243159	2	1.90902829209519e-08	104765341
243160	2	1.90902829209519e-08	104765341
243164	9	8.59062731442835e-08	104765341
243230	1	9.54514146047594e-09	104765341
243231	1	9.54514146047594e-09	104765341
243233	7	6.68159902233316e-08	104765341
243243	9	8.59062731442835e-08	104765341
243275	1	9.54514146047594e-09	104765341
243277	4	3.81805658419038e-08	104765341
243365	28	2.67263960893326e-07	104765341
245014	106	1.01178499481045e-06	104765341
245018	335	3.19762238925944e-06	104765341
246195	3	2.86354243814278e-08	104765341
246196	7	6.68159902233316e-08	104765341
246197	5	4.77257073023797e-08	104765341
246198	92	8.78153014363787e-07	104765341
246200	7	6.68159902233316e-08	104765341
247156	5	4.77257073023797e-08	104765341
249151	1	9.54514146047594e-09	104765341
251221	1	9.54514146047594e-09	104765341
251229	1	9.54514146047594e-09	104765341
257310	17	1.62267404828091e-07	104765341
257311	3	2.86354243814278e-08	104765341
257313	7	6.68159902233316e-08	104765341
257314	1	9.54514146047594e-09	104765341
258594	15	1.43177121907139e-07	104765341
259536	112	1.06905584357331e-06	104765341
261292	56	5.34527921786653e-07	104765341
261658	4	3.81805658419038e-08	104765341
262316	5	4.77257073023797e-08	104765341
262543	7	6.68159902233316e-08	104765341
262724	31	2.95899385274754e-07	104765341
262768	1	9.54514146047594e-09	104765341
263358	5	4.77257073023797e-08	104765341
264198	26	2.48173677972374e-07	104765341
264199	4	3.81805658419038e-08	104765341
264201	2	1.90902829209519e-08	104765341
264203	1	9.54514146047594e-09	104765341
264462	1	9.54514146047594e-09	104765341
264730	13	1.24086838986187e-07	104765341
264731	26	2.48173677972374e-07	104765341
264732	1	9.54514146047594e-09	104765341
265072	8	7.63611316838075e-08	104765341
265311	1	9.54514146047594e-09	104765341
266117	1	9.54514146047594e-09	104765341
266264	51	4.86802214484273e-07	104765341
266265	14	1.33631980446663e-07	104765341
266779	31	2.95899385274754e-07	104765341
266834	9	8.59062731442835e-08	104765341
266835	11	1.04996556065235e-07	104765341
266940	5	4.77257073023797e-08	104765341
267608	41	3.91350799879514e-07	104765341
267671	1	9.54514146047594e-09	104765341
267747	9	8.59062731442835e-08	104765341
269084	1	9.54514146047594e-09	104765341
269482	26	2.48173677972374e-07	104765341
269484	1	9.54514146047594e-09	104765341
269796	2	1.90902829209519e-08	104765341
269797	21	2.00447970669995e-07	104765341
269798	42	4.0089594133999e-07	104765341
269800	3	2.86354243814278e-08	104765341
271848	3	2.86354243814278e-08	104765341
272123	2	1.90902829209519e-08	104765341
272559	28	2.67263960893326e-07	104765341
272561	1	9.54514146047594e-09	104765341
272562	2	1.90902829209519e-08	104765341
272563	60	5.72708487628556e-07	104765341
272564	2	1.90902829209519e-08	104765341
272568	7	6.68159902233316e-08	104765341
272620	64	6.1088905347046e-07	104765341
272621	18	1.71812546288567e-07	104765341
272622	27	2.5771881943285e-07	104765341
272623	3	2.86354243814278e-08	104765341
272624	1	9.54514146047594e-09	104765341
272626	2	1.90902829209519e-08	104765341
272630	8	7.63611316838075e-08	104765341
272633	1	9.54514146047594e-09	104765341
272831	12	1.14541697525711e-07	104765341
272843	1	9.54514146047594e-09	104765341
272942	10	9.54514146047594e-08	104765341
272943	5	4.77257073023797e-08	104765341
273119	228	2.17629225298851e-06	104765341
278137	11	1.04996556065235e-07	104765341
278197	25	2.38628536511899e-07	104765341
279010	1	9.54514146047594e-09	104765341
279238	20	1.90902829209519e-07	104765341
279808	3	2.86354243814278e-08	104765341
280463	9	8.59062731442835e-08	104765341
280699	6	5.72708487628556e-08	104765341
281090	12	1.14541697525711e-07	104765341
284590	1	9.54514146047594e-09	104765341
284591	16	1.52722263367615e-07	104765341
284592	12	1.14541697525711e-07	104765341
284593	3	2.86354243814278e-08	104765341
284811	2	1.90902829209519e-08	104765341
284812	4	3.81805658419038e-08	104765341
284813	1	9.54514146047594e-09	104765341
285951	1	9.54514146047594e-09	104765341
288000	33	3.14989668195706e-07	104765341
288705	10	9.54514146047594e-08	104765341
289376	1	9.54514146047594e-09	104765341
289380	6	5.72708487628556e-08	104765341
290315	1	9.54514146047594e-09	104765341
290317	3	2.86354243814278e-08	104765341
290318	1	9.54514146047594e-09	104765341
290338	4	3.81805658419038e-08	104765341
290339	14	1.33631980446663e-07	104765341
290340	31	2.95899385274754e-07	104765341
290397	6	5.72708487628556e-08	104765341
290398	5	4.77257073023797e-08	104765341
290399	8	7.63611316838075e-08	104765341
290400	2	1.90902829209519e-08	104765341
290402	14	1.33631980446663e-07	104765341
290512	1	9.54514146047594e-09	104765341
290633	2	1.90902829209519e-08	104765341
291331	2	1.90902829209519e-08	104765341
292414	2	1.90902829209519e-08	104765341
292415	20	1.90902829209519e-07	104765341
292459	1	9.54514146047594e-09	104765341
292564	4	3.81805658419038e-08	104765341
293613	2	1.90902829209519e-08	104765341
293826	5	4.77257073023797e-08	104765341
295405	146	1.39359065322949e-06	104765341
296543	62	5.91798770549508e-07	104765341
296591	196	1.87084772625328e-06	104765341
298386	1	9.54514146047594e-09	104765341
298653	12	1.14541697525711e-07	104765341
298654	6	5.72708487628556e-08	104765341
299768	4	3.81805658419038e-08	104765341
300269	5	4.77257073023797e-08	104765341
300852	25	2.38628536511899e-07	104765341
304863	1	9.54514146047594e-09	104765341
306263	2	1.90902829209519e-08	104765341
306537	1	9.54514146047594e-09	104765341
309799	1	9.54514146047594e-09	104765341
309803	1	9.54514146047594e-09	104765341
309807	1	9.54514146047594e-09	104765341
311402	8	7.63611316838075e-08	104765341
311403	1	9.54514146047594e-09	104765341
312153	9	8.59062731442835e-08	104765341
313595	2	1.90902829209519e-08	104765341
313596	7	6.68159902233316e-08	104765341
313598	11	1.04996556065235e-07	104765341
313603	2	1.90902829209519e-08	104765341
314225	10	9.54514146047594e-08	104765341
314315	6	5.72708487628556e-08	104765341
314565	16	1.52722263367615e-07	104765341
314724	1	9.54514146047594e-09	104765341
315730	4	3.81805658419038e-08	104765341
315749	4	3.81805658419038e-08	104765341
315750	4	3.81805658419038e-08	104765341
316055	22	2.09993112130471e-07	104765341
316056	20	1.90902829209519e-07	104765341
316057	21	2.00447970669995e-07	104765341
316058	17	1.62267404828091e-07	104765341
316067	1	9.54514146047594e-09	104765341
316273	5	4.77257073023797e-08	104765341
316274	4	3.81805658419038e-08	104765341
316275	6	5.72708487628556e-08	104765341
316278	2	1.90902829209519e-08	104765341
316279	1	9.54514146047594e-09	104765341
316385	12	1.14541697525711e-07	104765341
317025	3	2.86354243814278e-08	104765341
317655	24	2.29083395051423e-07	104765341
317936	2	1.90902829209519e-08	104765341
318161	1	9.54514146047594e-09	104765341
318167	10	9.54514146047594e-08	104765341
318586	23	2.19538253590947e-07	104765341
319224	1	9.54514146047594e-09	104765341
319225	2	1.90902829209519e-08	104765341
319795	5	4.77257073023797e-08	104765341
320372	3	2.86354243814278e-08	104765341
320373	3	2.86354243814278e-08	104765341
320388	10	9.54514146047594e-08	104765341
320389	6	5.72708487628556e-08	104765341
321332	1	9.54514146047594e-09	104765341
321956	7	6.68159902233316e-08	104765341
321967	8	7.63611316838075e-08	104765341
322159	86	8.20882165600931e-07	104765341
322710	12	1.14541697525711e-07	104765341
323097	5	4.77257073023797e-08	104765341
323098	7	6.68159902233316e-08	104765341
323259	5	4.77257073023797e-08	104765341
323261	3	2.86354243814278e-08	104765341
323848	1	9.54514146047594e-09	104765341
323850	1	9.54514146047594e-09	104765341
324057	2	1.90902829209519e-08	104765341
324602	3	2.86354243814278e-08	104765341
324831	12	1.14541697525711e-07	104765341
324925	1	9.54514146047594e-09	104765341
325240	2	1.90902829209519e-08	104765341
326298	11	1.04996556065235e-07	104765341
326423	4	3.81805658419038e-08	104765341
326424	15	1.43177121907139e-07	104765341
326425	2	1.90902829209519e-08	104765341
326426	8	7.63611316838075e-08	104765341
326442	2	1.90902829209519e-08	104765341
329726	5	4.77257073023797e-08	104765341
330214	1	9.54514146047594e-09	104765341
331104	1	9.54514146047594e-09	104765341
331111	44	4.19986224260941e-07	104765341
331112	23	2.19538253590947e-07	104765341
331113	2	1.90902829209519e-08	104765341
331271	14	1.33631980446663e-07	104765341
331272	12	1.14541697525711e-07	104765341
331678	1	9.54514146047594e-09	104765341
333769	358	3.41716064285039e-06	104765341
333849	2	1.90902829209519e-08	104765341
334390	7	6.68159902233316e-08	104765341
334413	59	5.63163346168081e-07	104765341
335283	9	8.59062731442835e-08	104765341
335284	191	1.8231220189509e-06	104765341
335541	7	6.68159902233316e-08	104765341
335543	1	9.54514146047594e-09	104765341
335659	33	3.14989668195706e-07	104765341
336407	1	9.54514146047594e-09	104765341
337191	2	1.90902829209519e-08	104765341
338187	1	9.54514146047594e-09	104765341
338966	3	2.86354243814278e-08	104765341
338969	104	9.92694711889498e-07	104765341
339670	160	1.52722263367615e-06	104765341
339860	2	1.90902829209519e-08	104765341
340099	2	1.90902829209519e-08	104765341
340100	77	7.34975892456647e-07	104765341
340322	24	2.29083395051423e-07	104765341
342108	11	1.04996556065235e-07	104765341
342451	4	3.81805658419038e-08	104765341
342610	5	4.77257073023797e-08	104765341
344609	18	1.71812546288567e-07	104765341
345073	4	3.81805658419038e-08	104765341
345219	1	9.54514146047594e-09	104765341
347253	22	2.09993112130471e-07	104765341
347256	1	9.54514146047594e-09	104765341
347257	2	1.90902829209519e-08	104765341
347495	1	9.54514146047594e-09	104765341
347515	6	5.72708487628556e-08	104765341
347834	2	1.90902829209519e-08	104765341
348058	2	1.90902829209519e-08	104765341
348535	2	1.90902829209519e-08	104765341
349101	8	7.63611316838075e-08	104765341
349102	16	1.52722263367615e-07	104765341
349106	49	4.67711931563321e-07	104765341
349124	5	4.77257073023797e-08	104765341
349161	5	4.77257073023797e-08	104765341
349163	2	1.90902829209519e-08	104765341
349215	2	1.90902829209519e-08	104765341
349519	5	4.77257073023797e-08	104765341
349521	4	3.81805658419038e-08	104765341
349741	46	4.39076507181893e-07	104765341
349747	1	9.54514146047594e-09	104765341
350054	15	1.43177121907139e-07	104765341
350058	6	5.72708487628556e-08	104765341
350688	4	3.81805658419038e-08	104765341
351348	17	1.62267404828091e-07	104765341
351605	1	9.54514146047594e-09	104765341
351607	3	2.86354243814278e-08	104765341
351627	27	2.5771881943285e-07	104765341
351745	3	2.86354243814278e-08	104765341
351746	19	1.81357687749043e-07	104765341
352472	4	3.81805658419038e-08	104765341
352914	12	1.14541697525711e-07	104765341
353151	15	1.43177121907139e-07	104765341
353152	8	7.63611316838075e-08	104765341
353153	10	9.54514146047594e-08	104765341
353154	2	1.90902829209519e-08	104765341
353496	1	9.54514146047594e-09	104765341
354242	7	6.68159902233316e-08	104765341
355276	7	6.68159902233316e-08	104765341
355277	9	8.59062731442835e-08	104765341
355278	2	1.90902829209519e-08	104765341
357348	7	6.68159902233316e-08	104765341
357544	4	3.81805658419038e-08	104765341
357808	1	9.54514146047594e-09	104765341
357809	113	1.07860098503378e-06	104765341
358220	479	4.57212275956798e-06	104765341
358681	4	3.81805658419038e-08	104765341
359786	4	3.81805658419038e-08	104765341
360094	8	7.63611316838075e-08	104765341
360095	1	9.54514146047594e-09	104765341
360102	15	1.43177121907139e-07	104765341
360104	1	9.54514146047594e-09	104765341
360106	3	2.86354243814278e-08	104765341
360107	10	9.54514146047594e-08	104765341
360109	4	3.81805658419038e-08	104765341
360910	13	1.24086838986187e-07	104765341
360911	20	1.90902829209519e-07	104765341
361072	1	9.54514146047594e-09	104765341
362242	3	2.86354243814278e-08	104765341
362663	42	4.0089594133999e-07	104765341
362948	3	2.86354243814278e-08	104765341
365044	761	7.26385265142219e-06	104765341
365046	136	1.29813923862473e-06	104765341
365659	24	2.29083395051423e-07	104765341
366394	7	6.68159902233316e-08	104765341
366602	27	2.5771881943285e-07	104765341
367737	51	4.86802214484273e-07	104765341
367775	26	2.48173677972374e-07	104765341
367928	193	1.84221230187186e-06	104765341
368407	1	9.54514146047594e-09	104765341
369723	4	3.81805658419038e-08	104765341
370354	3	2.86354243814278e-08	104765341
370438	3	2.86354243814278e-08	104765341
370553	2	1.90902829209519e-08	104765341
370554	16	1.52722263367615e-07	104765341
373153	21	2.00447970669995e-07	104765341
373384	47	4.48621648642369e-07	104765341
373994	1	9.54514146047594e-09	104765341
374463	2	1.90902829209519e-08	104765341
374833	4	3.81805658419038e-08	104765341
374930	8	7.63611316838075e-08	104765341
374931	1	9.54514146047594e-09	104765341
375286	32	3.0544452673523e-07	104765341
375451	3	2.86354243814278e-08	104765341
376686	258	2.46264649680279e-06	104765341
377628	7	6.68159902233316e-08	104765341
377629	4	3.81805658419038e-08	104765341
378753	7	6.68159902233316e-08	104765341
378806	5	4.77257073023797e-08	104765341
379066	3	2.86354243814278e-08	104765341
379731	46	4.39076507181893e-07	104765341
380358	8	7.63611316838075e-08	104765341
380394	2	1.90902829209519e-08	104765341
380703	46	4.39076507181893e-07	104765341
381666	44	4.19986224260941e-07	104765341
381754	27	2.5771881943285e-07	104765341
382245	88	8.39972448521883e-07	104765341
382638	6	5.72708487628556e-08	104765341
383372	1	9.54514146047594e-09	104765341
383407	3	2.86354243814278e-08	104765341
383629	4	3.81805658419038e-08	104765341
384676	50	4.77257073023797e-07	104765341
385025	2	1.90902829209519e-08	104765341
386043	3	2.86354243814278e-08	104765341
386415	9	8.59062731442835e-08	104765341
386585	11	1.04996556065235e-07	104765341
386656	7	6.68159902233316e-08	104765341
387093	3	2.86354243814278e-08	104765341
387344	22	2.09993112130471e-07	104765341
388919	5	4.77257073023797e-08	104765341
390235	15	1.43177121907139e-07	104765341
390236	2	1.90902829209519e-08	104765341
390333	38	3.62715375498086e-07	104765341
391008	12	1.14541697525711e-07	104765341
391037	1	9.54514146047594e-09	104765341
391038	5	4.77257073023797e-08	104765341
391165	10	9.54514146047594e-08	104765341
391295	62	5.91798770549508e-07	104765341
391296	56	5.34527921786653e-07	104765341
391616	2	1.90902829209519e-08	104765341
391619	1	9.54514146047594e-09	104765341
391626	1	9.54514146047594e-09	104765341
391735	114	1.08814612649426e-06	104765341
391774	1	9.54514146047594e-09	104765341
391896	1	9.54514146047594e-09	104765341
391904	105	1.00223985334997e-06	104765341
392499	26	2.48173677972374e-07	104765341
392500	1	9.54514146047594e-09	104765341
393011	6	5.72708487628556e-08	104765341
393115	1	9.54514146047594e-09	104765341
393130	1	9.54514146047594e-09	104765341
393305	14	1.33631980446663e-07	104765341
393595	14	1.33631980446663e-07	104765341
394221	6	5.72708487628556e-08	104765341
394503	15	1.43177121907139e-07	104765341
395019	71	6.77705043693792e-07	104765341
395491	5	4.77257073023797e-08	104765341
395492	6	5.72708487628556e-08	104765341
395494	10	9.54514146047594e-08	104765341
395495	171	1.63221918974139e-06	104765341
395960	22	2.09993112130471e-07	104765341
395961	1	9.54514146047594e-09	104765341
395965	3	2.86354243814278e-08	104765341
396513	4	3.81805658419038e-08	104765341
396588	8	7.63611316838075e-08	104765341
396595	3	2.86354243814278e-08	104765341
397945	175	1.67039975558329e-06	104765341
398527	16	1.52722263367615e-07	104765341
398577	8	7.63611316838075e-08	104765341
398578	295	2.8158167308404e-06	104765341
398580	5	4.77257073023797e-08	104765341
398767	1	9.54514146047594e-09	104765341
399183	1	9.54514146047594e-09	104765341
399726	2	1.90902829209519e-08	104765341
399739	51	4.86802214484273e-07	104765341
399741	5	4.77257073023797e-08	104765341
399742	2	1.90902829209519e-08	104765341
399781	2	1.90902829209519e-08	104765341
399804	1	9.54514146047594e-09	104765341
400667	128	1.22177810694092e-06	104765341
400668	11	1.04996556065235e-07	104765341
400673	2	1.90902829209519e-08	104765341
400756	54	5.15437638865701e-07	104765341
401473	42	4.0089594133999e-07	104765341
401614	1	9.54514146047594e-09	104765341
402612	185	1.76585117018805e-06	104765341
402626	35	3.34079951116658e-07	104765341
402881	15	1.43177121907139e-07	104765341
402882	2	1.90902829209519e-08	104765341
403677	59	5.63163346168081e-07	104765341
403833	1	9.54514146047594e-09	104765341
404380	1	9.54514146047594e-09	104765341
404589	4	3.81805658419038e-08	104765341
405416	90	8.59062731442835e-07	104765341
405440	3	2.86354243814278e-08	104765341
405441	1	9.54514146047594e-09	104765341
405532	1	9.54514146047594e-09	104765341
405534	1	9.54514146047594e-09	104765341
405535	1	9.54514146047594e-09	104765341
405566	5	4.77257073023797e-08	104765341
405948	15	1.43177121907139e-07	104765341
405955	45	4.29531365721417e-07	104765341
406425	2	1.90902829209519e-08	104765341
406817	3	2.86354243814278e-08	104765341
406818	2	1.90902829209519e-08	104765341
407976	1	9.54514146047594e-09	104765341
409438	3	2.86354243814278e-08	104765341
410289	2	1.90902829209519e-08	104765341
410358	15	1.43177121907139e-07	104765341
411154	21	2.00447970669995e-07	104765341
412022	8	7.63611316838075e-08	104765341
412030	2	1.90902829209519e-08	104765341
412694	8	7.63611316838075e-08	104765341
412965	4	3.81805658419038e-08	104765341
413404	2	1.90902829209519e-08	104765341
413997	3	2.86354243814278e-08	104765341
413999	16	1.52722263367615e-07	104765341
414684	9	8.59062731442835e-08	104765341
414970	1	9.54514146047594e-09	104765341
416269	10	9.54514146047594e-08	104765341
416344	9	8.59062731442835e-08	104765341
416870	9	8.59062731442835e-08	104765341
418127	14	1.33631980446663e-07	104765341
419610	19	1.81357687749043e-07	104765341
419665	1	9.54514146047594e-09	104765341
419947	1	9.54514146047594e-09	104765341
420245	2	1.90902829209519e-08	104765341
420247	46	4.39076507181893e-07	104765341
420662	108	1.0308752777314e-06	104765341
420889	2	1.90902829209519e-08	104765341
420890	2	1.90902829209519e-08	104765341
423211	4	3.81805658419038e-08	104765341
423212	1	9.54514146047594e-09	104765341
423368	28	2.67263960893326e-07	104765341
423536	39	3.72260516958562e-07	104765341
424182	10	9.54514146047594e-08	104765341
424716	1	9.54514146047594e-09	104765341
425011	20	1.90902829209519e-07	104765341
426114	12	1.14541697525711e-07	104765341
426117	24	2.29083395051423e-07	104765341
426355	32	3.0544452673523e-07	104765341
426430	4	3.81805658419038e-08	104765341
428406	32	3.0544452673523e-07	104765341
431895	3	2.86354243814278e-08	104765341
431943	9	8.59062731442835e-08	104765341
431946	1	9.54514146047594e-09	104765341
431947	7	6.68159902233316e-08	104765341
435258	3	2.86354243814278e-08	104765341
435590	1532	1.46231567174491e-05	104765341
435591	220	2.09993112130471e-06	104765341
435998	3	2.86354243814278e-08	104765341
436308	2	1.90902829209519e-08	104765341
436717	48	4.58166790102845e-07	104765341
438753	13	1.24086838986187e-07	104765341
439235	2	1.90902829209519e-08	104765341
439375	8	7.63611316838075e-08	104765341
439843	14	1.33631980446663e-07	104765341
439855	19	1.81357687749043e-07	104765341
440085	15	1.43177121907139e-07	104765341
441375	13	1.24086838986187e-07	104765341
441620	20	1.90902829209519e-07	104765341
441768	30	2.86354243814278e-07	104765341
441771	4	3.81805658419038e-08	104765341
441772	1	9.54514146047594e-09	104765341
442563	12	1.14541697525711e-07	104765341
443143	4	3.81805658419038e-08	104765341
443144	4	3.81805658419038e-08	104765341
443218	1	9.54514146047594e-09	104765341
443254	1	9.54514146047594e-09	104765341
443906	34	3.24534809656182e-07	104765341
444177	15	1.43177121907139e-07	104765341
444178	6	5.72708487628556e-08	104765341
444450	1	9.54514146047594e-09	104765341
446462	8	7.63611316838075e-08	104765341
446465	5	4.77257073023797e-08	104765341
446466	10	9.54514146047594e-08	104765341
446468	4	3.81805658419038e-08	104765341
446469	15	1.43177121907139e-07	104765341
446470	4	3.81805658419038e-08	104765341
446471	6	5.72708487628556e-08	104765341
446529	1	9.54514146047594e-09	104765341
447217	8	7.63611316838075e-08	104765341
448385	24	2.29083395051423e-07	104765341
449447	1	9.54514146047594e-09	104765341
450851	19	1.81357687749043e-07	104765341
452471	1	9.54514146047594e-09	104765341
452637	5	4.77257073023797e-08	104765341
452638	11	1.04996556065235e-07	104765341
452652	6	5.72708487628556e-08	104765341
452662	20	1.90902829209519e-07	104765341
452863	12	1.14541697525711e-07	104765341
454169	11	1.04996556065235e-07	104765341
455488	4	3.81805658419038e-08	104765341
455632	8	7.63611316838075e-08	104765341
456481	4	3.81805658419038e-08	104765341
457425	5	4.77257073023797e-08	104765341
458233	12	1.14541697525711e-07	104765341
459349	83	7.92246741219503e-07	104765341
460265	19	1.81357687749043e-07	104765341
462590	1	9.54514146047594e-09	104765341
464988	11	1.04996556065235e-07	104765341
465515	44	4.19986224260941e-07	104765341
465817	1	9.54514146047594e-09	104765341
467705	5	4.77257073023797e-08	104765341
469371	2	1.90902829209519e-08	104765341
469378	4	3.81805658419038e-08	104765341
469383	10	9.54514146047594e-08	104765341
469604	2	1.90902829209519e-08	104765341
469607	4	3.81805658419038e-08	104765341
471223	5	4.77257073023797e-08	104765341
471852	3	2.86354243814278e-08	104765341
471853	6	5.72708487628556e-08	104765341
471854	10	9.54514146047594e-08	104765341
471855	3	2.86354243814278e-08	104765341
471856	7	6.68159902233316e-08	104765341
471857	4	3.81805658419038e-08	104765341
472759	4	3.81805658419038e-08	104765341
477641	6	5.72708487628556e-08	104765341
477974	3	2.86354243814278e-08	104765341
478433	1	9.54514146047594e-09	104765341
478434	1	9.54514146047594e-09	104765341
478801	15	1.43177121907139e-07	104765341
479431	32	3.0544452673523e-07	104765341
479432	6	5.72708487628556e-08	104765341
479433	7	6.68159902233316e-08	104765341
479434	1	9.54514146047594e-09	104765341
479435	12	1.14541697525711e-07	104765341
479436	44	4.19986224260941e-07	104765341
479437	23	2.19538253590947e-07	104765341
480119	19	1.81357687749043e-07	104765341
480224	1	9.54514146047594e-09	104765341
481743	1	9.54514146047594e-09	104765341
481805	64	6.1088905347046e-07	104765341
481877	8	7.63611316838075e-08	104765341
482957	8	7.63611316838075e-08	104765341
483179	2	1.90902829209519e-08	104765341
483219	1	9.54514146047594e-09	104765341
484019	1	9.54514146047594e-09	104765341
484020	9	8.59062731442835e-08	104765341
484021	43	4.10441082800465e-07	104765341
484906	4	3.81805658419038e-08	104765341
485916	4	3.81805658419038e-08	104765341
485917	20	1.90902829209519e-07	104765341
485918	8	7.63611316838075e-08	104765341
486410	1	9.54514146047594e-09	104765341
487213	43	4.10441082800465e-07	104765341
487214	13	1.24086838986187e-07	104765341
487521	5	4.77257073023797e-08	104765341
488221	6	5.72708487628556e-08	104765341
488222	1	9.54514146047594e-09	104765341
488538	2	1.90902829209519e-08	104765341
489653	3	2.86354243814278e-08	104765341
490759	2	1.90902829209519e-08	104765341
491077	2	1.90902829209519e-08	104765341
491915	19	1.81357687749043e-07	104765341
491916	4	3.81805658419038e-08	104765341
491952	1	9.54514146047594e-09	104765341
497978	31	2.95899385274754e-07	104765341
498211	9	8.59062731442835e-08	104765341
498216	3	2.86354243814278e-08	104765341
498217	1	9.54514146047594e-09	104765341
498761	2	1.90902829209519e-08	104765341
502025	4	3.81805658419038e-08	104765341
502558	3	2.86354243814278e-08	104765341
502800	1	9.54514146047594e-09	104765341
502801	1	9.54514146047594e-09	104765341
504472	4	3.81805658419038e-08	104765341
504474	10	9.54514146047594e-08	104765341
504728	70	6.68159902233316e-07	104765341
504832	16	1.52722263367615e-07	104765341
505682	211	2.01402484816042e-06	104765341
507522	23	2.19538253590947e-07	104765341
508765	5	4.77257073023797e-08	104765341
508767	11	1.04996556065235e-07	104765341
508771	8	7.63611316838075e-08	104765341
509169	27	2.5771881943285e-07	104765341
509170	43	4.10441082800465e-07	104765341
509173	219	2.09038597984423e-06	104765341
509190	22	2.09993112130471e-07	104765341
510516	11	1.04996556065235e-07	104765341
511062	2	1.90902829209519e-08	104765341
511437	4	3.81805658419038e-08	104765341
511691	1	9.54514146047594e-09	104765341
512565	6	5.72708487628556e-08	104765341
512566	7	6.68159902233316e-08	104765341
515618	2	1.90902829209519e-08	104765341
515619	853	8.14200566578598e-06	104765341
515620	281	2.68218475039374e-06	104765341
515621	1	9.54514146047594e-09	104765341
515622	34	3.24534809656182e-07	104765341
515635	1	9.54514146047594e-09	104765341
516950	75	7.15885609535696e-07	104765341
517417	1	9.54514146047594e-09	104765341
517418	2	1.90902829209519e-08	104765341
518766	2	1.90902829209519e-08	104765341
519441	10	9.54514146047594e-08	104765341
519442	1	9.54514146047594e-09	104765341
521006	2	1.90902829209519e-08	104765341
521095	5	4.77257073023797e-08	104765341
521096	6	5.72708487628556e-08	104765341
521097	14	1.33631980446663e-07	104765341
521098	5	4.77257073023797e-08	104765341
521460	6	5.72708487628556e-08	104765341
521674	2	1.90902829209519e-08	104765341
522306	34	3.24534809656182e-07	104765341
522373	26	2.48173677972374e-07	104765341
523791	2	1.90902829209519e-08	104765341
523794	8	7.63611316838075e-08	104765341
523796	1	9.54514146047594e-09	104765341
525146	2	1.90902829209519e-08	104765341
525284	5739	5.47795668416714e-05	104765341
525381	35	3.34079951116658e-07	104765341
525897	1	9.54514146047594e-09	104765341
525898	4	3.81805658419038e-08	104765341
525909	6	5.72708487628556e-08	104765341
525919	72	6.87250185154268e-07	104765341
526218	4	3.81805658419038e-08	104765341
526222	3	2.86354243814278e-08	104765341
526224	1	9.54514146047594e-09	104765341
526225	8	7.63611316838075e-08	104765341
526226	21	2.00447970669995e-07	104765341
526227	25	2.38628536511899e-07	104765341
527021	1	9.54514146047594e-09	104765341
529120	3	2.86354243814278e-08	104765341
529507	1	9.54514146047594e-09	104765341
530564	1	9.54514146047594e-09	104765341
531844	38	3.62715375498086e-07	104765341
535289	249	2.37674022365851e-06	104765341
536019	9	8.59062731442835e-08	104765341
536056	11	1.04996556065235e-07	104765341
536230	1	9.54514146047594e-09	104765341
537457	2	1.90902829209519e-08	104765341
537973	2	1.90902829209519e-08	104765341
541229	1	9.54514146047594e-09	104765341
543526	1	9.54514146047594e-09	104765341
543728	242	2.30992423343518e-06	104765341
543734	3	2.86354243814278e-08	104765341
543891	40	3.81805658419038e-07	104765341
543913	37	3.5317023403761e-07	104765341
544404	1	9.54514146047594e-09	104765341
544556	2	1.90902829209519e-08	104765341
546269	5	4.77257073023797e-08	104765341
546271	8	7.63611316838075e-08	104765341
546342	2	1.90902829209519e-08	104765341
546414	2	1.90902829209519e-08	104765341
548473	2	1.90902829209519e-08	104765341
548476	1	9.54514146047594e-09	104765341
548479	42	4.0089594133999e-07	104765341
550538	1	9.54514146047594e-09	104765341
550540	5	4.77257073023797e-08	104765341
550542	1	9.54514146047594e-09	104765341
551115	2	1.90902829209519e-08	104765341
551895	1	9.54514146047594e-09	104765341
552811	2	1.90902829209519e-08	104765341
553174	243	2.31946937489565e-06	104765341
553190	19769	0.000188697901532149	104765341
553199	553	5.2784632276432e-06	104765341
553482	15	1.43177121907139e-07	104765341
555778	7	6.68159902233316e-08	104765341
556484	26	2.48173677972374e-07	104765341
557433	1	9.54514146047594e-09	104765341
557436	1	9.54514146047594e-09	104765341
557598	21	2.00447970669995e-07	104765341
557599	2	1.90902829209519e-08	104765341
557600	18	1.71812546288567e-07	104765341
557722	18	1.71812546288567e-07	104765341
557723	2	1.90902829209519e-08	104765341
557760	10	9.54514146047594e-08	104765341
559292	93	8.87698155824263e-07	104765341
559295	13	1.24086838986187e-07	104765341
559307	7	6.68159902233316e-08	104765341
561229	1	9.54514146047594e-09	104765341
561230	3	2.86354243814278e-08	104765341
561276	53	5.05892497405225e-07	104765341
562019	1	9.54514146047594e-09	104765341
563178	1	9.54514146047594e-09	104765341
565034	1	9.54514146047594e-09	104765341
565040	108	1.0308752777314e-06	104765341
565042	70	6.68159902233316e-07	104765341
565050	22	2.09993112130471e-07	104765341
565575	2	1.90902829209519e-08	104765341
565655	4	3.81805658419038e-08	104765341
566546	1	9.54514146047594e-09	104765341
568706	3	2.86354243814278e-08	104765341
568707	5	4.77257073023797e-08	104765341
568814	16	1.52722263367615e-07	104765341
568816	41	3.91350799879514e-07	104765341
568819	1	9.54514146047594e-09	104765341
570417	1	9.54514146047594e-09	104765341
571800	248	2.36719508219803e-06	104765341
572265	6	5.72708487628556e-08	104765341
572477	10	9.54514146047594e-08	104765341
572480	18	1.71812546288567e-07	104765341
572544	1	9.54514146047594e-09	104765341
572546	1	9.54514146047594e-09	104765341
573059	2	1.90902829209519e-08	104765341
573061	1	9.54514146047594e-09	104765341
573062	4	3.81805658419038e-08	104765341
573065	3	2.86354243814278e-08	104765341
573235	2	1.90902829209519e-08	104765341
573370	1	9.54514146047594e-09	104765341
573413	2	1.90902829209519e-08	104765341
573729	6	5.72708487628556e-08	104765341
573825	1	9.54514146047594e-09	104765341
573826	3	2.86354243814278e-08	104765341
574087	1	9.54514146047594e-09	104765341
574093	5	4.77257073023797e-08	104765341
574521	4	3.81805658419038e-08	104765341
575540	1	9.54514146047594e-09	104765341
575614	91	8.68607872903311e-07	104765341
575788	1	9.54514146047594e-09	104765341
577650	1	9.54514146047594e-09	104765341
578455	8	7.63611316838075e-08	104765341
579112	1	9.54514146047594e-09	104765341
579138	2	1.90902829209519e-08	104765341
579405	3	2.86354243814278e-08	104765341
580050	3	2.86354243814278e-08	104765341
580327	5	4.77257073023797e-08	104765341
580331	1	9.54514146047594e-09	104765341
580332	9	8.59062731442835e-08	104765341
580340	2	1.90902829209519e-08	104765341
581103	1	9.54514146047594e-09	104765341
582744	5	4.77257073023797e-08	104765341
582899	5	4.77257073023797e-08	104765341
583345	12	1.14541697525711e-07	104765341
583346	7	6.68159902233316e-08	104765341
583355	5	4.77257073023797e-08	104765341
583358	1	9.54514146047594e-09	104765341
585034	2	1.90902829209519e-08	104765341
585035	1	9.54514146047594e-09	104765341
585054	6	5.72708487628556e-08	104765341
585055	1	9.54514146047594e-09	104765341
585056	8	7.63611316838075e-08	104765341
585057	15	1.43177121907139e-07	104765341
585394	448	4.27622337429322e-06	104765341
585395	3	2.86354243814278e-08	104765341
585396	13	1.24086838986187e-07	104765341
585397	3	2.86354243814278e-08	104765341
590409	3	2.86354243814278e-08	104765341
590998	11	1.04996556065235e-07	104765341
591001	31	2.95899385274754e-07	104765341
591020	2	1.90902829209519e-08	104765341
591167	3	2.86354243814278e-08	104765341
591365	3	2.86354243814278e-08	104765341
591946	1	9.54514146047594e-09	104765341
592029	2	1.90902829209519e-08	104765341
592316	2	1.90902829209519e-08	104765341
593588	2	1.90902829209519e-08	104765341
593750	1	9.54514146047594e-09	104765341
593907	6	5.72708487628556e-08	104765341
595494	16	1.52722263367615e-07	104765341
595495	16	1.52722263367615e-07	104765341
595496	3	2.86354243814278e-08	104765341
595499	1	9.54514146047594e-09	104765341
595528	7	6.68159902233316e-08	104765341
595537	155	1.47949692637377e-06	104765341
596153	191	1.8231220189509e-06	104765341
596154	165	1.57494834097853e-06	104765341
604162	1	9.54514146047594e-09	104765341
610130	74	7.0634046807522e-07	104765341
617121	204	1.94720885793709e-06	104765341
622759	4	3.81805658419038e-08	104765341
626418	8	7.63611316838075e-08	104765341
627192	8	7.63611316838075e-08	104765341
630626	3	2.86354243814278e-08	104765341
632772	25	2.38628536511899e-07	104765341
633147	12	1.14541697525711e-07	104765341
633149	24	2.29083395051423e-07	104765341
633699	8	7.63611316838075e-08	104765341
634177	2	1.90902829209519e-08	104765341
634498	2	1.90902829209519e-08	104765341
634499	3	2.86354243814278e-08	104765341
634500	12	1.14541697525711e-07	104765341
635013	4	3.81805658419038e-08	104765341
637379	27	2.5771881943285e-07	104765341
637387	1	9.54514146047594e-09	104765341
637887	4	3.81805658419038e-08	104765341
637909	4	3.81805658419038e-08	104765341
637910	2	1.90902829209519e-08	104765341
639282	1	9.54514146047594e-09	104765341
639283	10	9.54514146047594e-08	104765341
640081	22	2.09993112130471e-07	104765341
640131	23	2.19538253590947e-07	104765341
640132	5	4.77257073023797e-08	104765341
640510	12	1.14541697525711e-07	104765341
640511	5	4.77257073023797e-08	104765341
640512	6	5.72708487628556e-08	104765341
640513	1	9.54514146047594e-09	104765341
641491	6	5.72708487628556e-08	104765341
642492	24	2.29083395051423e-07	104765341
643561	108	1.0308752777314e-06	104765341
643562	2	1.90902829209519e-08	104765341
643867	1	9.54514146047594e-09	104765341
644042	2	1.90902829209519e-08	104765341
644223	9	8.59062731442835e-08	104765341
644282	3	2.86354243814278e-08	104765341
644283	2	1.90902829209519e-08	104765341
644651	1	9.54514146047594e-09	104765341
644801	13	1.24086838986187e-07	104765341
645127	6	5.72708487628556e-08	104765341
645462	3	2.86354243814278e-08	104765341
645463	50	4.77257073023797e-07	104765341
645464	3	2.86354243814278e-08	104765341
645657	4	3.81805658419038e-08	104765341
645991	5	4.77257073023797e-08	104765341
646529	4	3.81805658419038e-08	104765341
648757	5	4.77257073023797e-08	104765341
648999	2	1.90902829209519e-08	104765341
649349	7	6.68159902233316e-08	104765341
649638	4	3.81805658419038e-08	104765341
649639	1	9.54514146047594e-09	104765341
649831	6	5.72708487628556e-08	104765341
650150	1	9.54514146047594e-09	104765341
652103	22	2.09993112130471e-07	104765341
652620	1	9.54514146047594e-09	104765341
653045	7	6.68159902233316e-08	104765341
655815	11	1.04996556065235e-07	104765341
655816	1	9.54514146047594e-09	104765341
656024	3	2.86354243814278e-08	104765341
656519	1	9.54514146047594e-09	104765341
657308	16	1.52722263367615e-07	104765341
657309	304	2.90172300398469e-06	104765341
657313	421	4.01850455486037e-06	104765341
657314	276	2.63445904309136e-06	104765341
657315	200	1.90902829209519e-06	104765341
657316	51	4.86802214484273e-07	104765341
657317	434	4.14259139384656e-06	104765341
657318	462	4.40985535473988e-06	104765341
657319	67	6.39524477851888e-07	104765341
657321	383	3.65578917936229e-06	104765341
657322	358	3.41716064285039e-06	104765341
657323	372	3.55079262329705e-06	104765341
657324	13	1.24086838986187e-07	104765341
661367	5	4.77257073023797e-08	104765341
661410	4	3.81805658419038e-08	104765341
662598	1	9.54514146047594e-09	104765341
662755	2	1.90902829209519e-08	104765341
663278	10	9.54514146047594e-08	104765341
663917	1	9.54514146047594e-09	104765341
663951	2	1.90902829209519e-08	104765341
663954	5	4.77257073023797e-08	104765341
665029	2	1.90902829209519e-08	104765341
665571	2	1.90902829209519e-08	104765341
666681	40	3.81805658419038e-07	104765341
666685	10	9.54514146047594e-08	104765341
667015	83	7.92246741219503e-07	104765341
669502	1	9.54514146047594e-09	104765341
670307	2	1.90902829209519e-08	104765341
670487	5	4.77257073023797e-08	104765341
673862	1	9.54514146047594e-09	104765341
675635	5	4.77257073023797e-08	104765341
676032	1	9.54514146047594e-09	104765341
679935	66	6.29979336391412e-07	104765341
680198	8	7.63611316838075e-08	104765341
680646	9	8.59062731442835e-08	104765341
682634	3	2.86354243814278e-08	104765341
682795	1	9.54514146047594e-09	104765341
684738	1	9.54514146047594e-09	104765341
685038	1	9.54514146047594e-09	104765341
685727	7	6.68159902233316e-08	104765341
688245	78	7.44521033917123e-07	104765341
688270	8	7.63611316838075e-08	104765341
690566	11	1.04996556065235e-07	104765341
690850	3	2.86354243814278e-08	104765341
691437	2	1.90902829209519e-08	104765341
693216	1	9.54514146047594e-09	104765341
693444	3	2.86354243814278e-08	104765341
693746	4	3.81805658419038e-08	104765341
693970	2	1.90902829209519e-08	104765341
693974	2	1.90902829209519e-08	104765341
693977	1	9.54514146047594e-09	104765341
693978	15	1.43177121907139e-07	104765341
693979	31	2.95899385274754e-07	104765341
693982	3	2.86354243814278e-08	104765341
694427	17	1.62267404828091e-07	104765341
695560	5	4.77257073023797e-08	104765341
695562	2	1.90902829209519e-08	104765341
696127	2	1.90902829209519e-08	104765341
696216	62	5.91798770549508e-07	104765341
696281	7	6.68159902233316e-08	104765341
696748	1	9.54514146047594e-09	104765341
696749	12	1.14541697525711e-07	104765341
697281	6	5.72708487628556e-08	104765341
697329	26	2.48173677972374e-07	104765341
698758	1	9.54514146047594e-09	104765341
698761	4	3.81805658419038e-08	104765341
698936	1	9.54514146047594e-09	104765341
698948	1	9.54514146047594e-09	104765341
698962	1	9.54514146047594e-09	104765341
698963	2	1.90902829209519e-08	104765341
698964	1	9.54514146047594e-09	104765341
698965	2	1.90902829209519e-08	104765341
698971	1	9.54514146047594e-09	104765341
698972	1	9.54514146047594e-09	104765341
698973	1	9.54514146047594e-09	104765341
699032	19	1.81357687749043e-07	104765341
699033	24	2.29083395051423e-07	104765341
699037	21	2.00447970669995e-07	104765341
699246	452	4.31440394013513e-06	104765341
700015	6	5.72708487628556e-08	104765341
700508	4	3.81805658419038e-08	104765341
700598	22	2.09993112130471e-07	104765341
701347	3	2.86354243814278e-08	104765341
701521	1	9.54514146047594e-09	104765341
702113	12	1.14541697525711e-07	104765341
702459	27	2.5771881943285e-07	104765341
703613	2	1.90902829209519e-08	104765341
706191	1	9.54514146047594e-09	104765341
707241	5	4.77257073023797e-08	104765341
708616	3	2.86354243814278e-08	104765341
709986	1	9.54514146047594e-09	104765341
709991	84	8.01791882679979e-07	104765341
710128	1	9.54514146047594e-09	104765341
710421	5	4.77257073023797e-08	104765341
710685	4	3.81805658419038e-08	104765341
710686	4	3.81805658419038e-08	104765341
710696	15	1.43177121907139e-07	104765341
712898	2	1.90902829209519e-08	104765341
712938	2	1.90902829209519e-08	104765341
712961	4	3.81805658419038e-08	104765341
713604	4	3.81805658419038e-08	104765341
714313	3	2.86354243814278e-08	104765341
716540	2	1.90902829209519e-08	104765341
716541	49	4.67711931563321e-07	104765341
716544	3	2.86354243814278e-08	104765341
717605	1	9.54514146047594e-09	104765341
717608	60	5.72708487628556e-07	104765341
717774	5	4.77257073023797e-08	104765341
717785	6	5.72708487628556e-08	104765341
717959	80	7.63611316838075e-07	104765341
717960	108	1.0308752777314e-06	104765341
717961	76	7.25430750996172e-07	104765341
717962	262	2.5008270626447e-06	104765341
718252	346	3.30261894532468e-06	104765341
718254	7	6.68159902233316e-08	104765341
718255	198	1.88993800917424e-06	104765341
718271	4	3.81805658419038e-08	104765341
718274	3	2.86354243814278e-08	104765341
720554	18	1.71812546288567e-07	104765341
722911	20	1.90902829209519e-07	104765341
741091	5	4.77257073023797e-08	104765341
742013	173	1.65130947266234e-06	104765341
743525	526	5.02074440821034e-06	104765341
743718	8	7.63611316838075e-08	104765341
743720	31	2.95899385274754e-07	104765341
743721	19	1.81357687749043e-07	104765341
743722	4	3.81805658419038e-08	104765341
744533	6	5.72708487628556e-08	104765341
744985	1	9.54514146047594e-09	104765341
745277	3	2.86354243814278e-08	104765341
745310	20	1.90902829209519e-07	104765341
745776	8	7.63611316838075e-08	104765341
746361	3	2.86354243814278e-08	104765341
746697	10	9.54514146047594e-08	104765341
748247	17	1.62267404828091e-07	104765341
748280	25	2.38628536511899e-07	104765341
748449	2	1.90902829209519e-08	104765341
748671	11	1.04996556065235e-07	104765341
748727	4	3.81805658419038e-08	104765341
749219	8	7.63611316838075e-08	104765341
749414	6	5.72708487628556e-08	104765341
749927	7	6.68159902233316e-08	104765341
751585	96	9.1633358020569e-07	104765341
751945	35	3.34079951116658e-07	104765341
754035	9	8.59062731442835e-08	104765341
754252	11	1.04996556065235e-07	104765341
754477	11	1.04996556065235e-07	104765341
755178	2	1.90902829209519e-08	104765341
755732	30	2.86354243814278e-07	104765341
757424	67	6.39524477851888e-07	104765341
757425	4	3.81805658419038e-08	104765341
758793	4	3.81805658419038e-08	104765341
759350	99	9.44969004587118e-07	104765341
759362	11	1.04996556065235e-07	104765341
760142	1	9.54514146047594e-09	104765341
760154	2	1.90902829209519e-08	104765341
760192	11	1.04996556065235e-07	104765341
760568	2	1.90902829209519e-08	104765341
760570	2	1.90902829209519e-08	104765341
761193	5	4.77257073023797e-08	104765341
761659	1	9.54514146047594e-09	104765341
762051	4	3.81805658419038e-08	104765341
762376	41	3.91350799879514e-07	104765341
762570	2	1.90902829209519e-08	104765341
762633	80	7.63611316838075e-07	104765341
762903	27	2.5771881943285e-07	104765341
762948	5	4.77257073023797e-08	104765341
765698	13	1.24086838986187e-07	104765341
765874	2	1.90902829209519e-08	104765341
765911	8	7.63611316838075e-08	104765341
765912	3	2.86354243814278e-08	104765341
765952	2	1.90902829209519e-08	104765341
765962	1	9.54514146047594e-09	104765341
767031	87	8.30427307061407e-07	104765341
767434	1	9.54514146047594e-09	104765341
767453	3	2.86354243814278e-08	104765341
767455	3	2.86354243814278e-08	104765341
767462	1	9.54514146047594e-09	104765341
767463	75	7.15885609535696e-07	104765341
767468	1	9.54514146047594e-09	104765341
767817	3	2.86354243814278e-08	104765341
768066	3	2.86354243814278e-08	104765341
768486	2	1.90902829209519e-08	104765341
768490	4	3.81805658419038e-08	104765341
768492	4	3.81805658419038e-08	104765341
768706	5	4.77257073023797e-08	104765341
795359	2	1.90902829209519e-08	104765341
798128	71	6.77705043693792e-07	104765341
856793	4	3.81805658419038e-08	104765341
857087	1	9.54514146047594e-09	104765341
858619	11	1.04996556065235e-07	104765341
859653	1	9.54514146047594e-09	104765341
859655	12	1.14541697525711e-07	104765341
859656	25	2.38628536511899e-07	104765341
859657	37	3.5317023403761e-07	104765341
860228	5	4.77257073023797e-08	104765341
861208	1	9.54514146047594e-09	104765341
861360	24	2.29083395051423e-07	104765341
862719	9	8.59062731442835e-08	104765341
862751	6	5.72708487628556e-08	104765341
862962	71	6.77705043693792e-07	104765341
862966	5	4.77257073023797e-08	104765341
862967	6	5.72708487628556e-08	104765341
862968	10	9.54514146047594e-08	104765341
862969	14	1.33631980446663e-07	104765341
862970	2	1.90902829209519e-08	104765341
862971	24	2.29083395051423e-07	104765341
865938	7	6.68159902233316e-08	104765341
866536	2	1.90902829209519e-08	104765341
866629	1	9.54514146047594e-09	104765341
866630	1	9.54514146047594e-09	104765341
866768	27	2.5771881943285e-07	104765341
866775	50	4.77257073023797e-07	104765341
866777	10	9.54514146047594e-08	104765341
866895	1	9.54514146047594e-09	104765341
867900	6	5.72708487628556e-08	104765341
867902	1	9.54514146047594e-09	104765341
867904	1	9.54514146047594e-09	104765341
868131	1	9.54514146047594e-09	104765341
868132	2	1.90902829209519e-08	104765341
868597	14	1.33631980446663e-07	104765341
869209	16	1.52722263367615e-07	104765341
869210	4	3.81805658419038e-08	104765341
869211	1	9.54514146047594e-09	104765341
869212	2	1.90902829209519e-08	104765341
869309	14	1.33631980446663e-07	104765341
869729	7	6.68159902233316e-08	104765341
871585	27	2.5771881943285e-07	104765341
871963	1	9.54514146047594e-09	104765341
875328	3	2.86354243814278e-08	104765341
877468	1	9.54514146047594e-09	104765341
879088	1	9.54514146047594e-09	104765341
879243	7	6.68159902233316e-08	104765341
880070	4	3.81805658419038e-08	104765341
880071	16	1.52722263367615e-07	104765341
880447	1	9.54514146047594e-09	104765341
880591	11	1.04996556065235e-07	104765341
880758	40	3.81805658419038e-07	104765341
882095	1	9.54514146047594e-09	104765341
882102	3	2.86354243814278e-08	104765341
882378	7	6.68159902233316e-08	104765341
882884	3	2.86354243814278e-08	104765341
882944	3	2.86354243814278e-08	104765341
883062	19	1.81357687749043e-07	104765341
884204	4	3.81805658419038e-08	104765341
886293	3	2.86354243814278e-08	104765341
886377	2	1.90902829209519e-08	104765341
887061	5	4.77257073023797e-08	104765341
889738	24	2.29083395051423e-07	104765341
890402	118	1.12632669233616e-06	104765341
891391	7	6.68159902233316e-08	104765341
891398	3	2.86354243814278e-08	104765341
903814	8	7.63611316838075e-08	104765341
905079	10	9.54514146047594e-08	104765341
908937	35	3.34079951116658e-07	104765341
909952	46	4.39076507181893e-07	104765341
909954	1	9.54514146047594e-09	104765341
910348	3	2.86354243814278e-08	104765341
911045	1	9.54514146047594e-09	104765341
926556	1	9.54514146047594e-09	104765341
926562	1	9.54514146047594e-09	104765341
926566	4	3.81805658419038e-08	104765341
926569	1	9.54514146047594e-09	104765341
926570	3	2.86354243814278e-08	104765341
927666	15	1.43177121907139e-07	104765341
927704	3	2.86354243814278e-08	104765341
929102	4	3.81805658419038e-08	104765341
929439	4	3.81805658419038e-08	104765341
929506	2	1.90902829209519e-08	104765341
929556	18	1.71812546288567e-07	104765341
929562	12	1.14541697525711e-07	104765341
930169	5	4.77257073023797e-08	104765341
930171	5	4.77257073023797e-08	104765341
930781	1	9.54514146047594e-09	104765341
930944	10	9.54514146047594e-08	104765341
931276	18	1.71812546288567e-07	104765341
931281	7	6.68159902233316e-08	104765341
931626	1	9.54514146047594e-09	104765341
931890	2	1.90902829209519e-08	104765341
935296	6	5.72708487628556e-08	104765341
935588	1	9.54514146047594e-09	104765341
935591	2	1.90902829209519e-08	104765341
935897	2	1.90902829209519e-08	104765341
936153	9	8.59062731442835e-08	104765341
936154	2	1.90902829209519e-08	104765341
936156	3	2.86354243814278e-08	104765341
937773	3	2.86354243814278e-08	104765341
937774	2	1.90902829209519e-08	104765341
937777	2	1.90902829209519e-08	104765341
940190	1	9.54514146047594e-09	104765341
940296	1	9.54514146047594e-09	104765341
941193	3	2.86354243814278e-08	104765341
941639	1	9.54514146047594e-09	104765341
943945	1	9.54514146047594e-09	104765341
944546	31	2.95899385274754e-07	104765341
944547	59	5.63163346168081e-07	104765341
945021	1	9.54514146047594e-09	104765341
945556	3	2.86354243814278e-08	104765341
945704	30	2.86354243814278e-07	104765341
946362	3	2.86354243814278e-08	104765341
946483	13	1.24086838986187e-07	104765341
953739	4	3.81805658419038e-08	104765341
977880	33	3.14989668195706e-07	104765341
979556	30	2.86354243814278e-07	104765341
979982	1	9.54514146047594e-09	104765341
980514	3	2.86354243814278e-08	104765341
981222	2	1.90902829209519e-08	104765341
981368	6	5.72708487628556e-08	104765341
981539	3	2.86354243814278e-08	104765341
981540	9	8.59062731442835e-08	104765341
983544	9	8.59062731442835e-08	104765341
983545	1	9.54514146047594e-09	104765341
983548	7	6.68159902233316e-08	104765341
983917	115	1.09769126795473e-06	104765341
984129	1	9.54514146047594e-09	104765341
984262	2	1.90902829209519e-08	104765341
984892	1	9.54514146047594e-09	104765341
985002	1	9.54514146047594e-09	104765341
985665	1	9.54514146047594e-09	104765341
990315	18	1.71812546288567e-07	104765341
990316	17	1.62267404828091e-07	104765341
990317	5	4.77257073023797e-08	104765341
991791	1	9.54514146047594e-09	104765341
991905	18	1.71812546288567e-07	104765341
992406	4	3.81805658419038e-08	104765341
994476	9	8.59062731442835e-08	104765341
994484	41	3.91350799879514e-07	104765341
996285	12	1.14541697525711e-07	104765341
998088	19	1.81357687749043e-07	104765341
998820	1	9.54514146047594e-09	104765341
999541	14	1.33631980446663e-07	104765341
999552	4	3.81805658419038e-08	104765341
999953	2	1.90902829209519e-08	104765341
1001583	7	6.68159902233316e-08	104765341
1001585	22	2.09993112130471e-07	104765341
1002804	1	9.54514146047594e-09	104765341
1002809	21	2.00447970669995e-07	104765341
1003195	12	1.14541697525711e-07	104765341
1004951	5	4.77257073023797e-08	104765341
1005041	4	3.81805658419038e-08	104765341
1005042	3	2.86354243814278e-08	104765341
1005048	50	4.77257073023797e-07	104765341
1005057	1	9.54514146047594e-09	104765341
1005058	1	9.54514146047594e-09	104765341
1005090	1	9.54514146047594e-09	104765341
1006543	1	9.54514146047594e-09	104765341
1006551	10	9.54514146047594e-08	104765341
1007105	15	1.43177121907139e-07	104765341
1008297	1	9.54514146047594e-09	104765341
1008459	1	9.54514146047594e-09	104765341
1009464	6304	6.01725717668403e-05	104765341
1009846	5	4.77257073023797e-08	104765341
1016998	2	1.90902829209519e-08	104765341
1017264	1	9.54514146047594e-09	104765341
1028307	6	5.72708487628556e-08	104765341
1029718	5	4.77257073023797e-08	104765341
1029756	6	5.72708487628556e-08	104765341
1030843	4	3.81805658419038e-08	104765341
1031709	18	1.71812546288567e-07	104765341
1031710	5	4.77257073023797e-08	104765341
1031711	13	1.24086838986187e-07	104765341
1032480	7	6.68159902233316e-08	104765341
1032845	1	9.54514146047594e-09	104765341
1033813	2	1.90902829209519e-08	104765341
1033837	2	1.90902829209519e-08	104765341
1034807	85	8.11337024140455e-07	104765341
1034836	1	9.54514146047594e-09	104765341
1035817	30	2.86354243814278e-07	104765341
1036172	17	1.62267404828091e-07	104765341
1036672	6	5.72708487628556e-08	104765341
1036743	3	2.86354243814278e-08	104765341
1037409	27	2.5771881943285e-07	104765341
1037911	162	1.5463129165971e-06	104765341
1041504	3	2.86354243814278e-08	104765341
1041809	1	9.54514146047594e-09	104765341
1041826	41	3.91350799879514e-07	104765341
1042156	124	1.18359754109902e-06	104765341
1042876	17	1.62267404828091e-07	104765341
1042878	24	2.29083395051423e-07	104765341
1045855	18	1.71812546288567e-07	104765341
1045856	4	3.81805658419038e-08	104765341
1045858	1	9.54514146047594e-09	104765341
1046629	39	3.72260516958562e-07	104765341
1046632	1	9.54514146047594e-09	104765341
1048332	29	2.76809102353802e-07	104765341
1048689	2	1.90902829209519e-08	104765341
1048834	1	9.54514146047594e-09	104765341
1049565	11	1.04996556065235e-07	104765341
1051074	16	1.52722263367615e-07	104765341
1052588	1	9.54514146047594e-09	104765341
1053648	2	1.90902829209519e-08	104765341
1054460	2	1.90902829209519e-08	104765341
1064535	319	3.04490012589183e-06	104765341
1064539	7	6.68159902233316e-08	104765341
1064592	6	5.72708487628556e-08	104765341
1069533	11	1.04996556065235e-07	104765341
1069534	8	7.63611316838075e-08	104765341
1069642	1	9.54514146047594e-09	104765341
1071378	7	6.68159902233316e-08	104765341
1071381	3	2.86354243814278e-08	104765341
1071382	5	4.77257073023797e-08	104765341
1071400	4	3.81805658419038e-08	104765341
1072459	4	3.81805658419038e-08	104765341
1072467	1	9.54514146047594e-09	104765341
1074889	1	9.54514146047594e-09	104765341
1075089	4	3.81805658419038e-08	104765341
1075399	1	9.54514146047594e-09	104765341
1076934	7	6.68159902233316e-08	104765341
1082931	6	5.72708487628556e-08	104765341
1085623	1	9.54514146047594e-09	104765341
1087448	2	1.90902829209519e-08	104765341
1089456	21	2.00447970669995e-07	104765341
1089553	4	3.81805658419038e-08	104765341
1090974	3	2.86354243814278e-08	104765341
1091045	207	1.97584428231852e-06	104765341
1091494	1	9.54514146047594e-09	104765341
1091497	1	9.54514146047594e-09	104765341
1093141	32	3.0544452673523e-07	104765341
1093787	6	5.72708487628556e-08	104765341
1094466	50	4.77257073023797e-07	104765341
1096995	2	1.90902829209519e-08	104765341
1096996	23	2.19538253590947e-07	104765341
1096997	1	9.54514146047594e-09	104765341
1097668	17	1.62267404828091e-07	104765341
1097677	15	1.43177121907139e-07	104765341
1100841	2	1.90902829209519e-08	104765341
1104320	1	9.54514146047594e-09	104765341
1104322	14	1.33631980446663e-07	104765341
1104325	7	6.68159902233316e-08	104765341
1104326	19	1.81357687749043e-07	104765341
1105111	1	9.54514146047594e-09	104765341
1107880	2	1.90902829209519e-08	104765341
1110502	14	1.33631980446663e-07	104765341
1110509	1	9.54514146047594e-09	104765341
1111068	1	9.54514146047594e-09	104765341
1111069	54	5.15437638865701e-07	104765341
1111678	1	9.54514146047594e-09	104765341
1112204	3	2.86354243814278e-08	104765341
1114965	1	9.54514146047594e-09	104765341
1114966	9	8.59062731442835e-08	104765341
1114967	42	4.0089594133999e-07	104765341
1114969	507	4.8393867204613e-06	104765341
1114970	46	4.39076507181893e-07	104765341
1116231	4	3.81805658419038e-08	104765341
1117647	3	2.86354243814278e-08	104765341
1117943	5	4.77257073023797e-08	104765341
1118959	2	1.90902829209519e-08	104765341
1118963	10	9.54514146047594e-08	104765341
1121335	4	3.81805658419038e-08	104765341
1121353	17	1.62267404828091e-07	104765341
1121362	7	6.68159902233316e-08	104765341
1121448	2	1.90902829209519e-08	104765341
1121451	1	9.54514146047594e-09	104765341
1123519	12	1.14541697525711e-07	104765341
1123523	2	1.90902829209519e-08	104765341
1124936	1	9.54514146047594e-09	104765341
1124983	44	4.19986224260941e-07	104765341
1125630	14	1.33631980446663e-07	104765341
1127134	13	1.24086838986187e-07	104765341
1128398	7	6.68159902233316e-08	104765341
1129794	1	9.54514146047594e-09	104765341
1130804	1	9.54514146047594e-09	104765341
1131462	1	9.54514146047594e-09	104765341
1133568	1	9.54514146047594e-09	104765341
1133849	10	9.54514146047594e-08	104765341
1133850	2	1.90902829209519e-08	104765341
1133853	3	2.86354243814278e-08	104765341
1134454	279	2.66309446747279e-06	104765341
1136179	1757	1.67708135460562e-05	104765341
1137651	7	6.68159902233316e-08	104765341
1138308	2	1.90902829209519e-08	104765341
1138382	1	9.54514146047594e-09	104765341
1138383	8	7.63611316838075e-08	104765341
1138871	1	9.54514146047594e-09	104765341
1142394	2	1.90902829209519e-08	104765341
1144275	2	1.90902829209519e-08	104765341
1146883	5	4.77257073023797e-08	104765341
1147128	19	1.81357687749043e-07	104765341
1147129	1	9.54514146047594e-09	104765341
1150469	6	5.72708487628556e-08	104765341
1151116	4	3.81805658419038e-08	104765341
1155071	1	9.54514146047594e-09	104765341
1155084	1	9.54514146047594e-09	104765341
1155766	7	6.68159902233316e-08	104765341
1156431	6	5.72708487628556e-08	104765341
1156433	4	3.81805658419038e-08	104765341
1156913	5	4.77257073023797e-08	104765341
1157951	2	1.90902829209519e-08	104765341
1163399	12	1.14541697525711e-07	104765341
1163617	19	1.81357687749043e-07	104765341
1163748	2	1.90902829209519e-08	104765341
1166018	3	2.86354243814278e-08	104765341
1167634	36	3.43625092577134e-07	104765341
1170318	18	1.71812546288567e-07	104765341
1170562	1	9.54514146047594e-09	104765341
1171373	2	1.90902829209519e-08	104765341
1171376	4	3.81805658419038e-08	104765341
1171377	3	2.86354243814278e-08	104765341
1172562	1	9.54514146047594e-09	104765341
1173020	35	3.34079951116658e-07	104765341
1173022	3	2.86354243814278e-08	104765341
1173026	2	1.90902829209519e-08	104765341
1173027	2	1.90902829209519e-08	104765341
1173263	4	3.81805658419038e-08	104765341
1179773	6	5.72708487628556e-08	104765341
1183438	2	1.90902829209519e-08	104765341
1184267	2	1.90902829209519e-08	104765341
1185652	6	5.72708487628556e-08	104765341
1186051	1	9.54514146047594e-09	104765341
1187956	16	1.52722263367615e-07	104765341
1191061	19	1.81357687749043e-07	104765341
1192196	4	3.81805658419038e-08	104765341
1193292	36	3.43625092577134e-07	104765341
1194526	2	1.90902829209519e-08	104765341
1196325	10	9.54514146047594e-08	104765341
1196835	5	4.77257073023797e-08	104765341
1198114	3	2.86354243814278e-08	104765341
1198232	1	9.54514146047594e-09	104765341
1198627	4	3.81805658419038e-08	104765341
1198676	1	9.54514146047594e-09	104765341
1199187	4	3.81805658419038e-08	104765341
1200352	1	9.54514146047594e-09	104765341
1201032	1	9.54514146047594e-09	104765341
1201294	1	9.54514146047594e-09	104765341
1202772	2	1.90902829209519e-08	104765341
1203460	2	1.90902829209519e-08	104765341
1204414	21	2.00447970669995e-07	104765341
1205674	1	9.54514146047594e-09	104765341
1205910	4	3.81805658419038e-08	104765341
1206105	6	5.72708487628556e-08	104765341
1206745	1	9.54514146047594e-09	104765341
1207075	54	5.15437638865701e-07	104765341
1208658	5	4.77257073023797e-08	104765341
1208660	7	6.68159902233316e-08	104765341
1208919	7	6.68159902233316e-08	104765341
1208920	2	1.90902829209519e-08	104765341
1208921	1	9.54514146047594e-09	104765341
1208923	5	4.77257073023797e-08	104765341
1211025	4	3.81805658419038e-08	104765341
1211579	12	1.14541697525711e-07	104765341
1211705	1	9.54514146047594e-09	104765341
1214101	4	3.81805658419038e-08	104765341
1214242	5	4.77257073023797e-08	104765341
1215088	29	2.76809102353802e-07	104765341
1215914	1	9.54514146047594e-09	104765341
1216976	23	2.19538253590947e-07	104765341
1217984	3	2.86354243814278e-08	104765341
1218175	1	9.54514146047594e-09	104765341
1218933	3	2.86354243814278e-08	104765341
1220533	1	9.54514146047594e-09	104765341
1224163	4	3.81805658419038e-08	104765341
1224746	2	1.90902829209519e-08	104765341
1228997	3	2.86354243814278e-08	104765341
1229205	8	7.63611316838075e-08	104765341
1229512	2	1.90902829209519e-08	104765341
1229758	5	4.77257073023797e-08	104765341
1229908	2	1.90902829209519e-08	104765341
1229909	3	2.86354243814278e-08	104765341
1230587	1	9.54514146047594e-09	104765341
1231072	3	2.86354243814278e-08	104765341
1231389	1	9.54514146047594e-09	104765341
1232381	6	5.72708487628556e-08	104765341
1232724	1	9.54514146047594e-09	104765341
1234380	3	2.86354243814278e-08	104765341
1234679	23	2.19538253590947e-07	104765341
1235461	1	9.54514146047594e-09	104765341
1235990	4	3.81805658419038e-08	104765341
1236689	3	2.86354243814278e-08	104765341
1236903	5	4.77257073023797e-08	104765341
1244085	4	3.81805658419038e-08	104765341
1245469	19	1.81357687749043e-07	104765341
1245471	52	4.96347355944749e-07	104765341
1246301	151	1.44131636053187e-06	104765341
1246955	3	2.86354243814278e-08	104765341
1246995	4	3.81805658419038e-08	104765341
1249480	2	1.90902829209519e-08	104765341
1249526	2	1.90902829209519e-08	104765341
1249531	2	1.90902829209519e-08	104765341
1249661	6	5.72708487628556e-08	104765341
1254432	5	4.77257073023797e-08	104765341
1254439	41	3.91350799879514e-07	104765341
1255043	8	7.63611316838075e-08	104765341
1257118	4	3.81805658419038e-08	104765341
1260251	2	1.90902829209519e-08	104765341
1260292	1	9.54514146047594e-09	104765341
1261131	1	9.54514146047594e-09	104765341
1261557	3	2.86354243814278e-08	104765341
1262161	1	9.54514146047594e-09	104765341
1262456	17	1.62267404828091e-07	104765341
1265601	4	3.81805658419038e-08	104765341
1266738	1	9.54514146047594e-09	104765341
1266845	14	1.33631980446663e-07	104765341
1267577	9	8.59062731442835e-08	104765341
1267754	2	1.90902829209519e-08	104765341
1271862	1	9.54514146047594e-09	104765341
1271863	2	1.90902829209519e-08	104765341
1273173	3	2.86354243814278e-08	104765341
1276227	1	9.54514146047594e-09	104765341
1276282	3	2.86354243814278e-08	104765341
1278073	4	3.81805658419038e-08	104765341
1280938	1	9.54514146047594e-09	104765341
1282356	77	7.34975892456647e-07	104765341
1283330	1	9.54514146047594e-09	104765341
1283331	2	1.90902829209519e-08	104765341
1286170	6	5.72708487628556e-08	104765341
1286640	3	2.86354243814278e-08	104765341
1288394	31	2.95899385274754e-07	104765341
1291379	7	6.68159902233316e-08	104765341
1294143	12	1.14541697525711e-07	104765341
1297582	1	9.54514146047594e-09	104765341
1298593	3	2.86354243814278e-08	104765341
1300150	2	1.90902829209519e-08	104765341
1302863	2	1.90902829209519e-08	104765341
1303024	1	9.54514146047594e-09	104765341
1303518	1	9.54514146047594e-09	104765341
1303692	3	2.86354243814278e-08	104765341
1304892	3	2.86354243814278e-08	104765341
1305849	3	2.86354243814278e-08	104765341
1310161	8	7.63611316838075e-08	104765341
1313172	11	1.04996556065235e-07	104765341
1314884	1	9.54514146047594e-09	104765341
1316444	1	9.54514146047594e-09	104765341
1316932	2	1.90902829209519e-08	104765341
1318615	25	2.38628536511899e-07	104765341
1318633	1	9.54514146047594e-09	104765341
1322346	2	1.90902829209519e-08	104765341
1327988	2	1.90902829209519e-08	104765341
1328306	4	3.81805658419038e-08	104765341
1331671	20	1.90902829209519e-07	104765341
1332188	4	3.81805658419038e-08	104765341
1338034	1	9.54514146047594e-09	104765341
1340495	5	4.77257073023797e-08	104765341
1340851	3	2.86354243814278e-08	104765341
1341692	3	2.86354243814278e-08	104765341
1343077	1	9.54514146047594e-09	104765341
1343740	3	2.86354243814278e-08	104765341
1345695	14	1.33631980446663e-07	104765341
1346614	3	2.86354243814278e-08	104765341
1348660	1	9.54514146047594e-09	104765341
1348662	6	5.72708487628556e-08	104765341
1367477	1	9.54514146047594e-09	104765341
1367847	6	5.72708487628556e-08	104765341
1379702	36	3.43625092577134e-07	104765341
1380774	14	1.33631980446663e-07	104765341
1380908	30	2.86354243814278e-07	104765341
1382700	1	9.54514146047594e-09	104765341
1383068	1	9.54514146047594e-09	104765341
1384484	14	1.33631980446663e-07	104765341
1389489	12	1.14541697525711e-07	104765341
1392476	1	9.54514146047594e-09	104765341
1394709	2	1.90902829209519e-08	104765341
1394711	3	2.86354243814278e-08	104765341
1400867	13	1.24086838986187e-07	104765341
1401659	6	5.72708487628556e-08	104765341
1406864	1	9.54514146047594e-09	104765341
1408206	1	9.54514146047594e-09	104765341
1408272	2	1.90902829209519e-08	104765341
1415630	205	1.95675399939757e-06	104765341
1416914	17	1.62267404828091e-07	104765341
1423144	2	1.90902829209519e-08	104765341
1427342	8	7.63611316838075e-08	104765341
1430440	3	2.86354243814278e-08	104765341
1435044	6	5.72708487628556e-08	104765341
1435356	11	1.04996556065235e-07	104765341
1436140	49	4.67711931563321e-07	104765341
