Tax.ID	Frequency	Proportion	Total
394	8	1.61609736404823e-07	49501968
2762	9	1.81810953455426e-07	49501968
2769	3	6.06036511518087e-08	49501968
2787	3	6.06036511518087e-08	49501968
2829	2	4.04024341012058e-08	49501968
2839	14	2.82817038708441e-07	49501968
2850	13	2.62615821657838e-07	49501968
2986	1	2.02012170506029e-08	49501968
3037	1	2.02012170506029e-08	49501968
4950	1	2.02012170506029e-08	49501968
5518	7	1.4140851935422e-07	49501968
5749	1	2.02012170506029e-08	49501968
5762	1	2.02012170506029e-08	49501968
5786	3	6.06036511518087e-08	49501968
5851	1	2.02012170506029e-08	49501968
5911	3	6.06036511518087e-08	49501968
5932	2	4.04024341012058e-08	49501968
10693	1	2.02012170506029e-08	49501968
10870	1	2.02012170506029e-08	49501968
31271	4	8.08048682024117e-08	49501968
31964	8	1.61609736404823e-07	49501968
32051	1	2.02012170506029e-08	49501968
35128	31	6.2623772856869e-07	49501968
36809	2	4.04024341012058e-08	49501968
43926	1	2.02012170506029e-08	49501968
44058	1	2.02012170506029e-08	49501968
47573	1	2.02012170506029e-08	49501968
48942	2	4.04024341012058e-08	49501968
49266	1	2.02012170506029e-08	49501968
52970	3	6.06036511518087e-08	49501968
55529	4	8.08048682024117e-08	49501968
56107	1	2.02012170506029e-08	49501968
56780	1	2.02012170506029e-08	49501968
59922	2	4.04024341012058e-08	49501968
60481	8	1.61609736404823e-07	49501968
62928	24	4.8482920921447e-07	49501968
62977	6	1.21207302303617e-07	49501968
65071	2	4.04024341012058e-08	49501968
67593	3	6.06036511518087e-08	49501968
69328	11	2.22213387556632e-07	49501968
72520	1	2.02012170506029e-08	49501968
75379	25	5.05030426265073e-07	49501968
76114	11	2.22213387556632e-07	49501968
76869	10	2.02012170506029e-07	49501968
78245	16	3.23219472809647e-07	49501968
83406	3	6.06036511518087e-08	49501968
84588	1	2.02012170506029e-08	49501968
85643	26	5.25231643315676e-07	49501968
94122	9	1.81810953455426e-07	49501968
96563	15	3.03018255759044e-07	49501968
100226	4	8.08048682024117e-08	49501968
101510	35	7.07042596771102e-07	49501968
105559	2	4.04024341012058e-08	49501968
106370	1	2.02012170506029e-08	49501968
109269	3	6.06036511518087e-08	49501968
111780	1	2.02012170506029e-08	49501968
114615	21	4.24225558062661e-07	49501968
120807	3	6.06036511518087e-08	49501968
126793	3	6.06036511518087e-08	49501968
134676	3	6.06036511518087e-08	49501968
137722	10	2.02012170506029e-07	49501968
150340	17	3.4342068986025e-07	49501968
153948	2	4.04024341012058e-08	49501968
155864	8	1.61609736404823e-07	49501968
156889	3	6.06036511518087e-08	49501968
158189	1	2.02012170506029e-08	49501968
159087	17	3.4342068986025e-07	49501968
160488	6	1.21207302303617e-07	49501968
160492	1	2.02012170506029e-08	49501968
160619	20	4.04024341012058e-07	49501968
164328	3	6.06036511518087e-08	49501968
164756	20	4.04024341012058e-07	49501968
171101	1	2.02012170506029e-08	49501968
176279	8	1.61609736404823e-07	49501968
176280	12	2.42414604607235e-07	49501968
176299	4	8.08048682024117e-08	49501968
179408	34	6.86841379720499e-07	49501968
187272	7	1.4140851935422e-07	49501968
187303	5	1.01006085253015e-07	49501968
189918	5	1.01006085253015e-07	49501968
190485	8	1.61609736404823e-07	49501968
190486	4	8.08048682024117e-08	49501968
190650	7	1.4140851935422e-07	49501968
192952	1	2.02012170506029e-08	49501968
194699	1	2.02012170506029e-08	49501968
195103	5	1.01006085253015e-07	49501968
196162	10	2.02012170506029e-07	49501968
196164	7	1.4140851935422e-07	49501968
196600	2	4.04024341012058e-08	49501968
197310	1	2.02012170506029e-08	49501968
198628	1	2.02012170506029e-08	49501968
199310	1	2.02012170506029e-08	49501968
203119	1	2.02012170506029e-08	49501968
203120	2	4.04024341012058e-08	49501968
203122	1	2.02012170506029e-08	49501968
203124	2	4.04024341012058e-08	49501968
204669	3	6.06036511518087e-08	49501968
204773	42	8.48451116125323e-07	49501968
205913	12	2.42414604607235e-07	49501968
205918	11	2.22213387556632e-07	49501968
205922	32	6.46438945619293e-07	49501968
207559	3	6.06036511518087e-08	49501968
208963	13	2.62615821657838e-07	49501968
208964	13	2.62615821657838e-07	49501968
210007	1	2.02012170506029e-08	49501968
212717	1	2.02012170506029e-08	49501968
213810	2	4.04024341012058e-08	49501968
216591	13	2.62615821657838e-07	49501968
216592	1	2.02012170506029e-08	49501968
216594	2	4.04024341012058e-08	49501968
216595	193	3.89883489076636e-06	49501968
216596	12	2.42414604607235e-07	49501968
218493	1	2.02012170506029e-08	49501968
220341	498	1.00602060912003e-05	49501968
220664	15	3.03018255759044e-07	49501968
221109	1	2.02012170506029e-08	49501968
223283	7	1.4140851935422e-07	49501968
223926	8	1.61609736404823e-07	49501968
224911	30	6.06036511518087e-07	49501968
226185	1	2.02012170506029e-08	49501968
226186	13	2.62615821657838e-07	49501968
227321	1	2.02012170506029e-08	49501968
227882	8	1.61609736404823e-07	49501968
228405	3	6.06036511518087e-08	49501968
228410	2	4.04024341012058e-08	49501968
231023	9	1.81810953455426e-07	49501968
232721	415	8.38350507600021e-06	49501968
234267	3	6.06036511518087e-08	49501968
234621	1793	3.6220782171731e-05	49501968
235909	1	2.02012170506029e-08	49501968
240015	3	6.06036511518087e-08	49501968
242507	1	2.02012170506029e-08	49501968
243090	3	6.06036511518087e-08	49501968
243159	1	2.02012170506029e-08	49501968
243230	1	2.02012170506029e-08	49501968
243233	3	6.06036511518087e-08	49501968
243243	2	4.04024341012058e-08	49501968
243365	6	1.21207302303617e-07	49501968
245014	13	2.62615821657838e-07	49501968
245018	16	3.23219472809647e-07	49501968
246196	10	2.02012170506029e-07	49501968
246197	1	2.02012170506029e-08	49501968
246198	3	6.06036511518087e-08	49501968
246200	3	6.06036511518087e-08	49501968
251229	1	2.02012170506029e-08	49501968
257310	18	3.63621906910853e-07	49501968
257311	1	2.02012170506029e-08	49501968
257313	7	1.4140851935422e-07	49501968
258594	9	1.81810953455426e-07	49501968
261292	25	5.05030426265073e-07	49501968
262724	6	1.21207302303617e-07	49501968
263358	2	4.04024341012058e-08	49501968
263374	1	2.02012170506029e-08	49501968
264198	14	2.82817038708441e-07	49501968
264203	1	2.02012170506029e-08	49501968
264462	4	8.08048682024117e-08	49501968
264729	1	2.02012170506029e-08	49501968
264730	7	1.4140851935422e-07	49501968
265072	3	6.06036511518087e-08	49501968
266117	3	6.06036511518087e-08	49501968
266264	73	1.47468884469401e-06	49501968
266265	11	2.22213387556632e-07	49501968
266779	12	2.42414604607235e-07	49501968
266834	3	6.06036511518087e-08	49501968
266835	8	1.61609736404823e-07	49501968
266940	5	1.01006085253015e-07	49501968
267608	29	5.85835294467485e-07	49501968
267747	10	2.02012170506029e-07	49501968
267748	2	4.04024341012058e-08	49501968
269084	1	2.02012170506029e-08	49501968
269482	22	4.44426775113264e-07	49501968
269796	2	4.04024341012058e-08	49501968
269797	1	2.02012170506029e-08	49501968
269798	5	1.01006085253015e-07	49501968
269799	2	4.04024341012058e-08	49501968
269800	1	2.02012170506029e-08	49501968
271848	3	6.06036511518087e-08	49501968
272562	1	2.02012170506029e-08	49501968
272563	1	2.02012170506029e-08	49501968
272568	4	8.08048682024117e-08	49501968
272620	19	3.83823123961455e-07	49501968
272622	5	1.01006085253015e-07	49501968
272623	2	4.04024341012058e-08	49501968
272626	2	4.04024341012058e-08	49501968
272630	15	3.03018255759044e-07	49501968
272831	1	2.02012170506029e-08	49501968
272942	9	1.81810953455426e-07	49501968
272943	4	8.08048682024117e-08	49501968
273036	1	2.02012170506029e-08	49501968
273121	1	2.02012170506029e-08	49501968
278137	7	1.4140851935422e-07	49501968
279010	1	2.02012170506029e-08	49501968
279238	15	3.03018255759044e-07	49501968
279808	6	1.21207302303617e-07	49501968
280463	5	1.01006085253015e-07	49501968
280699	2	4.04024341012058e-08	49501968
281090	7	1.4140851935422e-07	49501968
281310	2	4.04024341012058e-08	49501968
284591	4	8.08048682024117e-08	49501968
284593	1	2.02012170506029e-08	49501968
284811	2	4.04024341012058e-08	49501968
284812	2	4.04024341012058e-08	49501968
288000	27	5.45432860366279e-07	49501968
288705	13	2.62615821657838e-07	49501968
289380	1	2.02012170506029e-08	49501968
290318	1	2.02012170506029e-08	49501968
290338	2	4.04024341012058e-08	49501968
290339	3	6.06036511518087e-08	49501968
290340	81	1.63629858109884e-06	49501968
290397	2	4.04024341012058e-08	49501968
290398	1	2.02012170506029e-08	49501968
290399	18	3.63621906910853e-07	49501968
290400	1	2.02012170506029e-08	49501968
290402	1	2.02012170506029e-08	49501968
290512	1	2.02012170506029e-08	49501968
290633	1	2.02012170506029e-08	49501968
291331	1	2.02012170506029e-08	49501968
292415	10	2.02012170506029e-07	49501968
292459	1	2.02012170506029e-08	49501968
292564	3	6.06036511518087e-08	49501968
293613	1	2.02012170506029e-08	49501968
293826	1	2.02012170506029e-08	49501968
294381	1	2.02012170506029e-08	49501968
295405	5	1.01006085253015e-07	49501968
296543	21	4.24225558062661e-07	49501968
296591	41	8.2824989907472e-07	49501968
298386	1	2.02012170506029e-08	49501968
298653	5	1.01006085253015e-07	49501968
298654	4	8.08048682024117e-08	49501968
300852	6	1.21207302303617e-07	49501968
304863	2	4.04024341012058e-08	49501968
306537	1	2.02012170506029e-08	49501968
311402	2	4.04024341012058e-08	49501968
311403	7	1.4140851935422e-07	49501968
312153	19	3.83823123961455e-07	49501968
313595	1	2.02012170506029e-08	49501968
313598	1	2.02012170506029e-08	49501968
314225	10	2.02012170506029e-07	49501968
314565	1	2.02012170506029e-08	49501968
315730	2	4.04024341012058e-08	49501968
316055	15	3.03018255759044e-07	49501968
316056	17	3.4342068986025e-07	49501968
316057	10	2.02012170506029e-07	49501968
316058	18	3.63621906910853e-07	49501968
316273	1	2.02012170506029e-08	49501968
316275	2	4.04024341012058e-08	49501968
316278	1	2.02012170506029e-08	49501968
316385	108	2.18173144146511e-06	49501968
317655	29	5.85835294467485e-07	49501968
318167	6	1.21207302303617e-07	49501968
318586	3	6.06036511518087e-08	49501968
319224	2	4.04024341012058e-08	49501968
319225	2	4.04024341012058e-08	49501968
320373	1	2.02012170506029e-08	49501968
320388	6	1.21207302303617e-07	49501968
321967	2	4.04024341012058e-08	49501968
322159	5	1.01006085253015e-07	49501968
322710	7	1.4140851935422e-07	49501968
323097	11	2.22213387556632e-07	49501968
323098	8	1.61609736404823e-07	49501968
323850	1	2.02012170506029e-08	49501968
324831	2	4.04024341012058e-08	49501968
325240	1	2.02012170506029e-08	49501968
326297	1	2.02012170506029e-08	49501968
326423	3	6.06036511518087e-08	49501968
326424	5	1.01006085253015e-07	49501968
326442	1	2.02012170506029e-08	49501968
330214	2	4.04024341012058e-08	49501968
330879	2	4.04024341012058e-08	49501968
331111	128	2.58575578247717e-06	49501968
331112	97	1.95951805390848e-06	49501968
331271	34	6.86841379720499e-07	49501968
331272	29	5.85835294467485e-07	49501968
333849	2	4.04024341012058e-08	49501968
334390	5	1.01006085253015e-07	49501968
335283	3	6.06036511518087e-08	49501968
335284	3	6.06036511518087e-08	49501968
335541	4	8.08048682024117e-08	49501968
335543	1	2.02012170506029e-08	49501968
335659	28	5.65634077416882e-07	49501968
335992	1	2.02012170506029e-08	49501968
337191	2	4.04024341012058e-08	49501968
338187	696	1.40600470672196e-05	49501968
338963	1	2.02012170506029e-08	49501968
338966	3	6.06036511518087e-08	49501968
338969	37	7.47445030872308e-07	49501968
339670	110	2.22213387556632e-06	49501968
340100	32	6.46438945619293e-07	49501968
340322	5	1.01006085253015e-07	49501968
342108	7	1.4140851935422e-07	49501968
342451	2	4.04024341012058e-08	49501968
344609	3	6.06036511518087e-08	49501968
345073	3	6.06036511518087e-08	49501968
345219	4	8.08048682024117e-08	49501968
347515	3	6.06036511518087e-08	49501968
349101	7	1.4140851935422e-07	49501968
349102	6	1.21207302303617e-07	49501968
349106	3	6.06036511518087e-08	49501968
349161	2	4.04024341012058e-08	49501968
349163	4	8.08048682024117e-08	49501968
349519	2	4.04024341012058e-08	49501968
349521	1	2.02012170506029e-08	49501968
349741	8	1.61609736404823e-07	49501968
350054	8	1.61609736404823e-07	49501968
350058	8	1.61609736404823e-07	49501968
351348	3	6.06036511518087e-08	49501968
351605	3	6.06036511518087e-08	49501968
351607	1	2.02012170506029e-08	49501968
351627	1	2.02012170506029e-08	49501968
351745	4	8.08048682024117e-08	49501968
351746	12	2.42414604607235e-07	49501968
352914	7	1.4140851935422e-07	49501968
355278	1	2.02012170506029e-08	49501968
357348	3	6.06036511518087e-08	49501968
357804	1	2.02012170506029e-08	49501968
357808	1	2.02012170506029e-08	49501968
358220	803	1.62215772916341e-05	49501968
360094	2	4.04024341012058e-08	49501968
360095	2	4.04024341012058e-08	49501968
360910	5	1.01006085253015e-07	49501968
362242	2	4.04024341012058e-08	49501968
362663	117	2.36354239492054e-06	49501968
362948	2	4.04024341012058e-08	49501968
365044	103	2.0807253562121e-06	49501968
365046	88	1.77770710045306e-06	49501968
365659	5	1.01006085253015e-07	49501968
366394	2	4.04024341012058e-08	49501968
366602	13	2.62615821657838e-07	49501968
367737	3	6.06036511518087e-08	49501968
367928	12	2.42414604607235e-07	49501968
368407	1	2.02012170506029e-08	49501968
369723	2	4.04024341012058e-08	49501968
370438	1	2.02012170506029e-08	49501968
370553	2	4.04024341012058e-08	49501968
373153	2	4.04024341012058e-08	49501968
373384	182	3.67662150320973e-06	49501968
375286	11	2.22213387556632e-07	49501968
375451	2	4.04024341012058e-08	49501968
376686	23	4.64627992163867e-07	49501968
378753	1	2.02012170506029e-08	49501968
378806	2	4.04024341012058e-08	49501968
379066	1	2.02012170506029e-08	49501968
379731	23	4.64627992163867e-07	49501968
380358	3	6.06036511518087e-08	49501968
380394	1	2.02012170506029e-08	49501968
380703	15	3.03018255759044e-07	49501968
381666	40	8.08048682024117e-07	49501968
381754	25	5.05030426265073e-07	49501968
382245	33	6.66640162669896e-07	49501968
382640	2	4.04024341012058e-08	49501968
383372	1	2.02012170506029e-08	49501968
383407	1	2.02012170506029e-08	49501968
383629	2	4.04024341012058e-08	49501968
384676	21	4.24225558062661e-07	49501968
385025	1	2.02012170506029e-08	49501968
386043	1	2.02012170506029e-08	49501968
386585	27	5.45432860366279e-07	49501968
387344	19	3.83823123961455e-07	49501968
388919	1	2.02012170506029e-08	49501968
390235	5	1.01006085253015e-07	49501968
390333	6	1.21207302303617e-07	49501968
391008	56	1.13126815483376e-06	49501968
391038	3	6.06036511518087e-08	49501968
391165	3	6.06036511518087e-08	49501968
391595	1	2.02012170506029e-08	49501968
391616	1	2.02012170506029e-08	49501968
391735	67	1.3534815423904e-06	49501968
391774	2	4.04024341012058e-08	49501968
391904	9	1.81810953455426e-07	49501968
392499	21	4.24225558062661e-07	49501968
393011	6	1.21207302303617e-07	49501968
394221	1	2.02012170506029e-08	49501968
395019	36	7.27243813821705e-07	49501968
395491	2	4.04024341012058e-08	49501968
395492	8	1.61609736404823e-07	49501968
395494	3	6.06036511518087e-08	49501968
395495	126	2.54535334837597e-06	49501968
395960	22	4.44426775113264e-07	49501968
395963	1	2.02012170506029e-08	49501968
395965	6	1.21207302303617e-07	49501968
396513	1	2.02012170506029e-08	49501968
396588	6	1.21207302303617e-07	49501968
396595	4	8.08048682024117e-08	49501968
397945	111	2.24233509261692e-06	49501968
398527	11	2.22213387556632e-07	49501968
398577	11	2.22213387556632e-07	49501968
398578	206	4.1614507124242e-06	49501968
398580	4	8.08048682024117e-08	49501968
399726	1	2.02012170506029e-08	49501968
399739	26	5.25231643315676e-07	49501968
399741	3	6.06036511518087e-08	49501968
399742	2	4.04024341012058e-08	49501968
399781	1	2.02012170506029e-08	49501968
400667	16	3.23219472809647e-07	49501968
400668	2	4.04024341012058e-08	49501968
400673	2	4.04024341012058e-08	49501968
400756	13	2.62615821657838e-07	49501968
401473	2	4.04024341012058e-08	49501968
402612	12	2.42414604607235e-07	49501968
402626	50	1.01006085253015e-06	49501968
402881	9	1.81810953455426e-07	49501968
402882	1	2.02012170506029e-08	49501968
403677	17	3.4342068986025e-07	49501968
404380	3	6.06036511518087e-08	49501968
404589	4	8.08048682024117e-08	49501968
405416	9	1.81810953455426e-07	49501968
405440	6	1.21207302303617e-07	49501968
405441	1	2.02012170506029e-08	49501968
405948	6	1.21207302303617e-07	49501968
405955	55	1.11106693778316e-06	49501968
406425	6	1.21207302303617e-07	49501968
409438	5	1.01006085253015e-07	49501968
410289	6	1.21207302303617e-07	49501968
410358	1	2.02012170506029e-08	49501968
412022	1	2.02012170506029e-08	49501968
412030	3	6.06036511518087e-08	49501968
412694	3	6.06036511518087e-08	49501968
412965	1	2.02012170506029e-08	49501968
413404	1	2.02012170506029e-08	49501968
414684	3	6.06036511518087e-08	49501968
416269	3	6.06036511518087e-08	49501968
416344	3	6.06036511518087e-08	49501968
416870	2	4.04024341012058e-08	49501968
419610	24	4.8482920921447e-07	49501968
419947	4	8.08048682024117e-08	49501968
420245	2	4.04024341012058e-08	49501968
420246	1	2.02012170506029e-08	49501968
420247	1	2.02012170506029e-08	49501968
420662	115	2.32313996081934e-06	49501968
423368	18	3.63621906910853e-07	49501968
423536	2	4.04024341012058e-08	49501968
424182	4	8.08048682024117e-08	49501968
425011	16	3.23219472809647e-07	49501968
426114	15	3.03018255759044e-07	49501968
426117	13	2.62615821657838e-07	49501968
426355	43	8.68652333175925e-07	49501968
426430	1	2.02012170506029e-08	49501968
428406	36	7.27243813821705e-07	49501968
431895	3	6.06036511518087e-08	49501968
434271	1	2.02012170506029e-08	49501968
435590	49	9.89859635479543e-07	49501968
435591	11	2.22213387556632e-07	49501968
435998	4	8.08048682024117e-08	49501968
436717	7	1.4140851935422e-07	49501968
438753	13	2.62615821657838e-07	49501968
439375	5	1.01006085253015e-07	49501968
439855	7	1.4140851935422e-07	49501968
440085	16	3.23219472809647e-07	49501968
441375	3	6.06036511518087e-08	49501968
441620	19	3.83823123961455e-07	49501968
443143	2	4.04024341012058e-08	49501968
443906	18	3.63621906910853e-07	49501968
444177	1	2.02012170506029e-08	49501968
444178	1	2.02012170506029e-08	49501968
446462	5	1.01006085253015e-07	49501968
446465	3	6.06036511518087e-08	49501968
446466	6	1.21207302303617e-07	49501968
446468	1	2.02012170506029e-08	49501968
446469	8	1.61609736404823e-07	49501968
446470	5	1.01006085253015e-07	49501968
446471	3	6.06036511518087e-08	49501968
447217	5	1.01006085253015e-07	49501968
448385	9	1.81810953455426e-07	49501968
450851	12	2.42414604607235e-07	49501968
452637	6	1.21207302303617e-07	49501968
452638	7	1.4140851935422e-07	49501968
452652	5	1.01006085253015e-07	49501968
452662	20	4.04024341012058e-07	49501968
452863	11	2.22213387556632e-07	49501968
454169	497	1.00400048741496e-05	49501968
455488	4	8.08048682024117e-08	49501968
455632	7	1.4140851935422e-07	49501968
456481	1	2.02012170506029e-08	49501968
457425	2	4.04024341012058e-08	49501968
460265	10	2.02012170506029e-07	49501968
464988	2	4.04024341012058e-08	49501968
465515	24	4.8482920921447e-07	49501968
469371	8	1.61609736404823e-07	49501968
469383	4	8.08048682024117e-08	49501968
471223	4	8.08048682024117e-08	49501968
471852	2	4.04024341012058e-08	49501968
471853	3	6.06036511518087e-08	49501968
471855	2	4.04024341012058e-08	49501968
471856	2	4.04024341012058e-08	49501968
471857	1	2.02012170506029e-08	49501968
477641	7	1.4140851935422e-07	49501968
477974	3	6.06036511518087e-08	49501968
478801	4	8.08048682024117e-08	49501968
479431	6	1.21207302303617e-07	49501968
479432	9	1.81810953455426e-07	49501968
479433	5	1.01006085253015e-07	49501968
479435	4	8.08048682024117e-08	49501968
479436	2	4.04024341012058e-08	49501968
479437	2	4.04024341012058e-08	49501968
480119	7	1.4140851935422e-07	49501968
481805	11	2.22213387556632e-07	49501968
481877	1	2.02012170506029e-08	49501968
482957	17	3.4342068986025e-07	49501968
483219	2	4.04024341012058e-08	49501968
484021	4	8.08048682024117e-08	49501968
485917	2	4.04024341012058e-08	49501968
485918	8	1.61609736404823e-07	49501968
487521	2	4.04024341012058e-08	49501968
488222	2	4.04024341012058e-08	49501968
488223	1	2.02012170506029e-08	49501968
491077	2	4.04024341012058e-08	49501968
491915	3	6.06036511518087e-08	49501968
491916	13	2.62615821657838e-07	49501968
497978	5	1.01006085253015e-07	49501968
498211	7	1.4140851935422e-07	49501968
498216	1	2.02012170506029e-08	49501968
498217	3	6.06036511518087e-08	49501968
502025	11	2.22213387556632e-07	49501968
502558	1	2.02012170506029e-08	49501968
504472	2	4.04024341012058e-08	49501968
504728	15	3.03018255759044e-07	49501968
504832	25	5.05030426265073e-07	49501968
507522	9	1.81810953455426e-07	49501968
509169	9	1.81810953455426e-07	49501968
509170	1	2.02012170506029e-08	49501968
509173	19	3.83823123961455e-07	49501968
509190	9	1.81810953455426e-07	49501968
511691	1	2.02012170506029e-08	49501968
512565	3	6.06036511518087e-08	49501968
515619	27	5.45432860366279e-07	49501968
515620	3	6.06036511518087e-08	49501968
518766	1	2.02012170506029e-08	49501968
521011	2	4.04024341012058e-08	49501968
521095	3	6.06036511518087e-08	49501968
521096	5	1.01006085253015e-07	49501968
521097	1	2.02012170506029e-08	49501968
521674	3	6.06036511518087e-08	49501968
522306	12	2.42414604607235e-07	49501968
522373	64	1.29287789123859e-06	49501968
525146	1	2.02012170506029e-08	49501968
525897	1	2.02012170506029e-08	49501968
525904	2	4.04024341012058e-08	49501968
525909	1	2.02012170506029e-08	49501968
526225	9	1.81810953455426e-07	49501968
526226	17	3.4342068986025e-07	49501968
526227	3	6.06036511518087e-08	49501968
530564	2	4.04024341012058e-08	49501968
531844	2	4.04024341012058e-08	49501968
535289	123	2.48474969722416e-06	49501968
536019	8	1.61609736404823e-07	49501968
536056	2	4.04024341012058e-08	49501968
536230	1	2.02012170506029e-08	49501968
543728	345	6.96941988245801e-06	49501968
543734	3	6.06036511518087e-08	49501968
543891	16	3.23219472809647e-07	49501968
543913	74	1.49489006174462e-06	49501968
544556	4	8.08048682024117e-08	49501968
546271	1	2.02012170506029e-08	49501968
548476	9	1.81810953455426e-07	49501968
550540	1	2.02012170506029e-08	49501968
550542	1	2.02012170506029e-08	49501968
551895	1	2.02012170506029e-08	49501968
553174	1	2.02012170506029e-08	49501968
553199	289	5.83815172762424e-06	49501968
555778	1	2.02012170506029e-08	49501968
556484	7	1.4140851935422e-07	49501968
557433	1	2.02012170506029e-08	49501968
557436	1	2.02012170506029e-08	49501968
557598	4	8.08048682024117e-08	49501968
557599	1	2.02012170506029e-08	49501968
557722	16	3.23219472809647e-07	49501968
557760	7	1.4140851935422e-07	49501968
559292	89	1.79790831750366e-06	49501968
559295	10	2.02012170506029e-07	49501968
559307	1	2.02012170506029e-08	49501968
561229	4	8.08048682024117e-08	49501968
565040	8	1.61609736404823e-07	49501968
565042	2	4.04024341012058e-08	49501968
565050	3	6.06036511518087e-08	49501968
565655	1	2.02012170506029e-08	49501968
568816	1	2.02012170506029e-08	49501968
571800	2	4.04024341012058e-08	49501968
572477	2	4.04024341012058e-08	49501968
572480	1	2.02012170506029e-08	49501968
573062	1	2.02012170506029e-08	49501968
573065	1	2.02012170506029e-08	49501968
573234	1	2.02012170506029e-08	49501968
573729	10	2.02012170506029e-07	49501968
574521	1	2.02012170506029e-08	49501968
575788	2	4.04024341012058e-08	49501968
578455	9	1.81810953455426e-07	49501968
579405	1	2.02012170506029e-08	49501968
580327	3	6.06036511518087e-08	49501968
580332	8	1.61609736404823e-07	49501968
581103	4	8.08048682024117e-08	49501968
582744	1	2.02012170506029e-08	49501968
582899	10	2.02012170506029e-07	49501968
583345	5	1.01006085253015e-07	49501968
585034	1	2.02012170506029e-08	49501968
585035	2	4.04024341012058e-08	49501968
585054	3	6.06036511518087e-08	49501968
585055	2	4.04024341012058e-08	49501968
585056	4	8.08048682024117e-08	49501968
585057	4	8.08048682024117e-08	49501968
585394	10	2.02012170506029e-07	49501968
589865	2	4.04024341012058e-08	49501968
590998	5	1.01006085253015e-07	49501968
592029	1	2.02012170506029e-08	49501968
592316	2	4.04024341012058e-08	49501968
593907	1	2.02012170506029e-08	49501968
595494	3	6.06036511518087e-08	49501968
595496	27	5.45432860366279e-07	49501968
595528	2	4.04024341012058e-08	49501968
595537	306	6.18157241748449e-06	49501968
596153	158	3.19179229399526e-06	49501968
596154	112	2.26253630966753e-06	49501968
610130	4	8.08048682024117e-08	49501968
622759	1	2.02012170506029e-08	49501968
626418	13	2.62615821657838e-07	49501968
627192	11	2.22213387556632e-07	49501968
632772	20	4.04024341012058e-07	49501968
633149	8	1.61609736404823e-07	49501968
634452	1	2.02012170506029e-08	49501968
634456	1	2.02012170506029e-08	49501968
634498	1	2.02012170506029e-08	49501968
634500	1	2.02012170506029e-08	49501968
634956	4	8.08048682024117e-08	49501968
635013	1	2.02012170506029e-08	49501968
637379	8	1.61609736404823e-07	49501968
637905	1	2.02012170506029e-08	49501968
639283	8	1.61609736404823e-07	49501968
640081	19	3.83823123961455e-07	49501968
640131	6	1.21207302303617e-07	49501968
640510	3	6.06036511518087e-08	49501968
640511	9	1.81810953455426e-07	49501968
640512	10	2.02012170506029e-07	49501968
641491	1	2.02012170506029e-08	49501968
642492	1	2.02012170506029e-08	49501968
643561	81	1.63629858109884e-06	49501968
643562	3	6.06036511518087e-08	49501968
644042	1	2.02012170506029e-08	49501968
644283	4	8.08048682024117e-08	49501968
644801	3	6.06036511518087e-08	49501968
644966	2	4.04024341012058e-08	49501968
645127	12	2.42414604607235e-07	49501968
646529	3	6.06036511518087e-08	49501968
648757	2	4.04024341012058e-08	49501968
648999	2	4.04024341012058e-08	49501968
649349	2	4.04024341012058e-08	49501968
649638	1	2.02012170506029e-08	49501968
649831	1	2.02012170506029e-08	49501968
650150	1	2.02012170506029e-08	49501968
652103	17	3.4342068986025e-07	49501968
653045	2	4.04024341012058e-08	49501968
656024	4	8.08048682024117e-08	49501968
657309	17	3.4342068986025e-07	49501968
657313	5	1.01006085253015e-07	49501968
657314	7	1.4140851935422e-07	49501968
657315	5	1.01006085253015e-07	49501968
657316	13	2.62615821657838e-07	49501968
657317	9	1.81810953455426e-07	49501968
657318	17	3.4342068986025e-07	49501968
657319	3	6.06036511518087e-08	49501968
657321	17	3.4342068986025e-07	49501968
657322	12	2.42414604607235e-07	49501968
657323	18	3.63621906910853e-07	49501968
661367	2	4.04024341012058e-08	49501968
661410	13	2.62615821657838e-07	49501968
665571	2	4.04024341012058e-08	49501968
666681	4	8.08048682024117e-08	49501968
666685	5	1.01006085253015e-07	49501968
667015	1	2.02012170506029e-08	49501968
669502	1	2.02012170506029e-08	49501968
670307	3	6.06036511518087e-08	49501968
675635	6	1.21207302303617e-07	49501968
679935	5	1.01006085253015e-07	49501968
680198	1	2.02012170506029e-08	49501968
680646	2	4.04024341012058e-08	49501968
682795	1	2.02012170506029e-08	49501968
684738	2	4.04024341012058e-08	49501968
685727	12	2.42414604607235e-07	49501968
688245	78	1.57569492994703e-06	49501968
690566	8	1.61609736404823e-07	49501968
690850	2	4.04024341012058e-08	49501968
691437	2	4.04024341012058e-08	49501968
693444	1	2.02012170506029e-08	49501968
693746	3	6.06036511518087e-08	49501968
693978	3	6.06036511518087e-08	49501968
693979	3	6.06036511518087e-08	49501968
693982	2	4.04024341012058e-08	49501968
694427	1	2.02012170506029e-08	49501968
696406	2	4.04024341012058e-08	49501968
696749	1	2.02012170506029e-08	49501968
697329	1	2.02012170506029e-08	49501968
698761	2	4.04024341012058e-08	49501968
698948	1	2.02012170506029e-08	49501968
698970	2	4.04024341012058e-08	49501968
700508	5	1.01006085253015e-07	49501968
700598	3	6.06036511518087e-08	49501968
701521	1	2.02012170506029e-08	49501968
702113	16	3.23219472809647e-07	49501968
706191	1	2.02012170506029e-08	49501968
706587	1	2.02012170506029e-08	49501968
707241	1	2.02012170506029e-08	49501968
708248	1	2.02012170506029e-08	49501968
709032	1	2.02012170506029e-08	49501968
709991	4	8.08048682024117e-08	49501968
710421	5	1.01006085253015e-07	49501968
710685	2	4.04024341012058e-08	49501968
710686	2	4.04024341012058e-08	49501968
710696	8	1.61609736404823e-07	49501968
712898	4	8.08048682024117e-08	49501968
712938	1	2.02012170506029e-08	49501968
712961	2	4.04024341012058e-08	49501968
713604	4	8.08048682024117e-08	49501968
715451	2	4.04024341012058e-08	49501968
716541	5	1.01006085253015e-07	49501968
716544	2	4.04024341012058e-08	49501968
717231	2	4.04024341012058e-08	49501968
717608	3	6.06036511518087e-08	49501968
717785	7	1.4140851935422e-07	49501968
717959	1	2.02012170506029e-08	49501968
717960	1	2.02012170506029e-08	49501968
717961	1	2.02012170506029e-08	49501968
717962	13	2.62615821657838e-07	49501968
718251	3	6.06036511518087e-08	49501968
718252	11	2.22213387556632e-07	49501968
718254	3	6.06036511518087e-08	49501968
718255	6	1.21207302303617e-07	49501968
718274	1	2.02012170506029e-08	49501968
720554	2	4.04024341012058e-08	49501968
741091	4	8.08048682024117e-08	49501968
742013	112	2.26253630966753e-06	49501968
743299	2	4.04024341012058e-08	49501968
743525	164	3.31299959629888e-06	49501968
743718	6	1.21207302303617e-07	49501968
743720	7	1.4140851935422e-07	49501968
743721	13	2.62615821657838e-07	49501968
743965	1	2.02012170506029e-08	49501968
743973	1	2.02012170506029e-08	49501968
744533	6	1.21207302303617e-07	49501968
745310	23	4.64627992163867e-07	49501968
745776	1	2.02012170506029e-08	49501968
748247	14	2.82817038708441e-07	49501968
748280	9	1.81810953455426e-07	49501968
749222	1	2.02012170506029e-08	49501968
749414	3	6.06036511518087e-08	49501968
749927	5	1.01006085253015e-07	49501968
751585	4	8.08048682024117e-08	49501968
751945	13	2.62615821657838e-07	49501968
754035	5	1.01006085253015e-07	49501968
754252	2	4.04024341012058e-08	49501968
754477	2	4.04024341012058e-08	49501968
755178	2	4.04024341012058e-08	49501968
755732	8	1.61609736404823e-07	49501968
757424	47	9.49457201378337e-07	49501968
758793	4	8.08048682024117e-08	49501968
759350	3	6.06036511518087e-08	49501968
759362	2	4.04024341012058e-08	49501968
760192	7	1.4140851935422e-07	49501968
761193	2	4.04024341012058e-08	49501968
762051	2	4.04024341012058e-08	49501968
762376	37	7.47445030872308e-07	49501968
762633	35	7.07042596771102e-07	49501968
762903	2	4.04024341012058e-08	49501968
765698	14	2.82817038708441e-07	49501968
765911	1	2.02012170506029e-08	49501968
765912	3	6.06036511518087e-08	49501968
767029	2	4.04024341012058e-08	49501968
767434	1	2.02012170506029e-08	49501968
767463	4	8.08048682024117e-08	49501968
768066	2	4.04024341012058e-08	49501968
768490	1	2.02012170506029e-08	49501968
771875	1	2.02012170506029e-08	49501968
798128	14	2.82817038708441e-07	49501968
856793	1	2.02012170506029e-08	49501968
857087	3	6.06036511518087e-08	49501968
859655	5	1.01006085253015e-07	49501968
859656	15	3.03018255759044e-07	49501968
859657	17	3.4342068986025e-07	49501968
860228	2	4.04024341012058e-08	49501968
861208	4	8.08048682024117e-08	49501968
861360	13	2.62615821657838e-07	49501968
862719	9	1.81810953455426e-07	49501968
862751	3	6.06036511518087e-08	49501968
862908	2	4.04024341012058e-08	49501968
862962	5	1.01006085253015e-07	49501968
865938	3	6.06036511518087e-08	49501968
866536	3	6.06036511518087e-08	49501968
866768	11	2.22213387556632e-07	49501968
866777	1	2.02012170506029e-08	49501968
868132	14	2.82817038708441e-07	49501968
868597	76	1.53529249584582e-06	49501968
869209	2	4.04024341012058e-08	49501968
871585	4	8.08048682024117e-08	49501968
875328	3	6.06036511518087e-08	49501968
879243	1	2.02012170506029e-08	49501968
880071	1	2.02012170506029e-08	49501968
880591	2	4.04024341012058e-08	49501968
880758	13	2.62615821657838e-07	49501968
882102	1	2.02012170506029e-08	49501968
882378	2	4.04024341012058e-08	49501968
882944	1	2.02012170506029e-08	49501968
886293	9	1.81810953455426e-07	49501968
886377	1	2.02012170506029e-08	49501968
887061	1	2.02012170506029e-08	49501968
889932	3	6.06036511518087e-08	49501968
890402	5	1.01006085253015e-07	49501968
903510	2	4.04024341012058e-08	49501968
905079	4	8.08048682024117e-08	49501968
907265	1	2.02012170506029e-08	49501968
907269	1	2.02012170506029e-08	49501968
909952	30	6.06036511518087e-07	49501968
911045	1	2.02012170506029e-08	49501968
914127	2	4.04024341012058e-08	49501968
926550	1	2.02012170506029e-08	49501968
926562	4	8.08048682024117e-08	49501968
926566	2	4.04024341012058e-08	49501968
926570	3	6.06036511518087e-08	49501968
929556	2	4.04024341012058e-08	49501968
929562	2	4.04024341012058e-08	49501968
930169	3	6.06036511518087e-08	49501968
930171	10	2.02012170506029e-07	49501968
931276	3	6.06036511518087e-08	49501968
931281	4	8.08048682024117e-08	49501968
935791	1	2.02012170506029e-08	49501968
937774	1	2.02012170506029e-08	49501968
940296	1	2.02012170506029e-08	49501968
941193	1	2.02012170506029e-08	49501968
941639	7	1.4140851935422e-07	49501968
944018	1	2.02012170506029e-08	49501968
944546	2	4.04024341012058e-08	49501968
944547	1	2.02012170506029e-08	49501968
946362	4	8.08048682024117e-08	49501968
946483	3	6.06036511518087e-08	49501968
953739	4	8.08048682024117e-08	49501968
956483	1	2.02012170506029e-08	49501968
977880	31	6.2623772856869e-07	49501968
979556	14	2.82817038708441e-07	49501968
980514	3	6.06036511518087e-08	49501968
981222	4	8.08048682024117e-08	49501968
983544	2	4.04024341012058e-08	49501968
983548	1	2.02012170506029e-08	49501968
983917	102	2.0605241391615e-06	49501968
984262	2	4.04024341012058e-08	49501968
990315	5	1.01006085253015e-07	49501968
990316	1	2.02012170506029e-08	49501968
991791	1	2.02012170506029e-08	49501968
991905	5	1.01006085253015e-07	49501968
994484	23	4.64627992163867e-07	49501968
996285	5	1.01006085253015e-07	49501968
998088	4	8.08048682024117e-08	49501968
999541	18	3.63621906910853e-07	49501968
999953	3	6.06036511518087e-08	49501968
1001583	18	3.63621906910853e-07	49501968
1001585	14	2.82817038708441e-07	49501968
1002672	1	2.02012170506029e-08	49501968
1002809	4	8.08048682024117e-08	49501968
1003195	10	2.02012170506029e-07	49501968
1004787	1	2.02012170506029e-08	49501968
1005048	96	1.93931683685788e-06	49501968
1006551	2	4.04024341012058e-08	49501968
1007105	8	1.61609736404823e-07	49501968
1009846	6	1.21207302303617e-07	49501968
1016998	1	2.02012170506029e-08	49501968
1029756	4	8.08048682024117e-08	49501968
1029825	2	4.04024341012058e-08	49501968
1031709	21	4.24225558062661e-07	49501968
1031711	9	1.81810953455426e-07	49501968
1032480	1	2.02012170506029e-08	49501968
1034807	15	3.03018255759044e-07	49501968
1035817	7	1.4140851935422e-07	49501968
1036172	2	4.04024341012058e-08	49501968
1036672	3	6.06036511518087e-08	49501968
1036673	1	2.02012170506029e-08	49501968
1036743	3	6.06036511518087e-08	49501968
1037409	30	6.06036511518087e-07	49501968
1037911	164	3.31299959629888e-06	49501968
1041826	3	6.06036511518087e-08	49501968
1042156	1	2.02012170506029e-08	49501968
1042876	14	2.82817038708441e-07	49501968
1042878	25	5.05030426265073e-07	49501968
1045855	2	4.04024341012058e-08	49501968
1045856	1	2.02012170506029e-08	49501968
1046629	2	4.04024341012058e-08	49501968
1048245	1	2.02012170506029e-08	49501968
1048332	3	6.06036511518087e-08	49501968
1054460	1	2.02012170506029e-08	49501968
1064535	3	6.06036511518087e-08	49501968
1064539	7	1.4140851935422e-07	49501968
1064592	4	8.08048682024117e-08	49501968
1069533	1	2.02012170506029e-08	49501968
1071378	1	2.02012170506029e-08	49501968
1076934	1	2.02012170506029e-08	49501968
1082931	2	4.04024341012058e-08	49501968
1085623	1	2.02012170506029e-08	49501968
1089456	3	6.06036511518087e-08	49501968
1089553	1	2.02012170506029e-08	49501968
1091045	28	5.65634077416882e-07	49501968
1093141	3	6.06036511518087e-08	49501968
1094466	12	2.42414604607235e-07	49501968
1097668	7	1.4140851935422e-07	49501968
1097677	2	4.04024341012058e-08	49501968
1104322	2	4.04024341012058e-08	49501968
1105107	2	4.04024341012058e-08	49501968
1107880	2	4.04024341012058e-08	49501968
1110502	7	1.4140851935422e-07	49501968
1111068	2	4.04024341012058e-08	49501968
1111069	10	2.02012170506029e-07	49501968
1112204	1	2.02012170506029e-08	49501968
1114967	26	5.25231643315676e-07	49501968
1114969	255	5.15131034790374e-06	49501968
1114970	27	5.45432860366279e-07	49501968
1116231	1	2.02012170506029e-08	49501968
1116375	1	2.02012170506029e-08	49501968
1116391	1	2.02012170506029e-08	49501968
1117647	1	2.02012170506029e-08	49501968
1117943	6	1.21207302303617e-07	49501968
1118963	62	1.25247545713738e-06	49501968
1121353	3	6.06036511518087e-08	49501968
1121448	1	2.02012170506029e-08	49501968
1123519	3	6.06036511518087e-08	49501968
1123863	1	2.02012170506029e-08	49501968
1124983	27	5.45432860366279e-07	49501968
1127134	3	6.06036511518087e-08	49501968
1133849	7	1.4140851935422e-07	49501968
1133850	2	4.04024341012058e-08	49501968
1133852	1	2.02012170506029e-08	49501968
1133853	1	2.02012170506029e-08	49501968
1134454	3	6.06036511518087e-08	49501968
1136179	1759	3.55339407920105e-05	49501968
1138383	2	4.04024341012058e-08	49501968
1144275	8	1.61609736404823e-07	49501968
1146883	6	1.21207302303617e-07	49501968
1150469	3	6.06036511518087e-08	49501968
1155766	4	8.08048682024117e-08	49501968
1156431	1	2.02012170506029e-08	49501968
1156433	1	2.02012170506029e-08	49501968
1156913	2	4.04024341012058e-08	49501968
1163399	64	1.29287789123859e-06	49501968
1163617	3	6.06036511518087e-08	49501968
1163748	1	2.02012170506029e-08	49501968
1167634	37	7.47445030872308e-07	49501968
1168287	2	4.04024341012058e-08	49501968
1170318	2	4.04024341012058e-08	49501968
1171373	2	4.04024341012058e-08	49501968
1173020	30	6.06036511518087e-07	49501968
1173263	1	2.02012170506029e-08	49501968
1179773	2	4.04024341012058e-08	49501968
1183438	1	2.02012170506029e-08	49501968
1185652	1	2.02012170506029e-08	49501968
1186051	1	2.02012170506029e-08	49501968
1191061	2	4.04024341012058e-08	49501968
1194526	2	4.04024341012058e-08	49501968
1196325	4	8.08048682024117e-08	49501968
1196835	9	1.81810953455426e-07	49501968
1197719	1	2.02012170506029e-08	49501968
1198114	2	4.04024341012058e-08	49501968
1198232	1	2.02012170506029e-08	49501968
1198627	3	6.06036511518087e-08	49501968
1200352	3	6.06036511518087e-08	49501968
1201294	1	2.02012170506029e-08	49501968
1204414	3	6.06036511518087e-08	49501968
1205675	1	2.02012170506029e-08	49501968
1205677	1	2.02012170506029e-08	49501968
1205910	1	2.02012170506029e-08	49501968
1206105	1	2.02012170506029e-08	49501968
1207075	23	4.64627992163867e-07	49501968
1208658	1	2.02012170506029e-08	49501968
1208660	4	8.08048682024117e-08	49501968
1211025	1	2.02012170506029e-08	49501968
1211579	3	6.06036511518087e-08	49501968
1211705	2	4.04024341012058e-08	49501968
1214101	2	4.04024341012058e-08	49501968
1214242	2	4.04024341012058e-08	49501968
1215088	21	4.24225558062661e-07	49501968
1216976	19	3.83823123961455e-07	49501968
1219076	9	1.81810953455426e-07	49501968
1224163	1	2.02012170506029e-08	49501968
1229205	4	8.08048682024117e-08	49501968
1231072	1	2.02012170506029e-08	49501968
1234380	1	2.02012170506029e-08	49501968
1234679	6	1.21207302303617e-07	49501968
1245469	13	2.62615821657838e-07	49501968
1245471	37	7.47445030872308e-07	49501968
1246301	245	4.94929817739771e-06	49501968
1246995	2	4.04024341012058e-08	49501968
1249634	1	2.02012170506029e-08	49501968
1249661	6	1.21207302303617e-07	49501968
1254432	10	2.02012170506029e-07	49501968
1254439	3	6.06036511518087e-08	49501968
1257118	2	4.04024341012058e-08	49501968
1262161	1	2.02012170506029e-08	49501968
1262456	8	1.61609736404823e-07	49501968
1266845	3	6.06036511518087e-08	49501968
1267577	1	2.02012170506029e-08	49501968
1276220	1	2.02012170506029e-08	49501968
1276221	1	2.02012170506029e-08	49501968
1276282	1	2.02012170506029e-08	49501968
1278073	4	8.08048682024117e-08	49501968
1282356	66	1.33328032533979e-06	49501968
1283331	4	8.08048682024117e-08	49501968
1288394	2	4.04024341012058e-08	49501968
1294143	16	3.23219472809647e-07	49501968
1298593	1	2.02012170506029e-08	49501968
1302863	1	2.02012170506029e-08	49501968
1303024	1	2.02012170506029e-08	49501968
1303692	4	8.08048682024117e-08	49501968
1304892	1	2.02012170506029e-08	49501968
1310161	1	2.02012170506029e-08	49501968
1313172	4	8.08048682024117e-08	49501968
1328306	2	4.04024341012058e-08	49501968
1331671	12	2.42414604607235e-07	49501968
1332188	17	3.4342068986025e-07	49501968
1338032	3	6.06036511518087e-08	49501968
1338034	2	4.04024341012058e-08	49501968
1340495	1	2.02012170506029e-08	49501968
1343740	2	4.04024341012058e-08	49501968
1345695	2	4.04024341012058e-08	49501968
1358027	1	2.02012170506029e-08	49501968
1367847	10	2.02012170506029e-07	49501968
1379702	2	4.04024341012058e-08	49501968
1380774	8	1.61609736404823e-07	49501968
1385727	1	2.02012170506029e-08	49501968
1389489	6	1.21207302303617e-07	49501968
1394711	1	2.02012170506029e-08	49501968
1400867	1	2.02012170506029e-08	49501968
1401659	1	2.02012170506029e-08	49501968
1412898	1	2.02012170506029e-08	49501968
1415165	1	2.02012170506029e-08	49501968
1415630	145	2.92917647233742e-06	49501968
1416914	7	1.4140851935422e-07	49501968
1427342	7	1.4140851935422e-07	49501968
1430440	2	4.04024341012058e-08	49501968
1435044	6	1.21207302303617e-07	49501968
1435058	1	2.02012170506029e-08	49501968
1435356	5	1.01006085253015e-07	49501968
1436140	4	8.08048682024117e-08	49501968
