Tax.ID	Frequency	Proportion	Total
1639	2	NA	NA
2769	2	NA	NA
2829	2	NA	NA
2850	3	NA	NA
5270	1	NA	NA
5762	2	NA	NA
5823	17	NA	NA
10629	119	NA	NA
10632	3	NA	NA
31271	1	NA	NA
35128	7	NA	NA
35688	1	NA	NA
44056	1	NA	NA
52970	1	NA	NA
55529	4	NA	NA
62928	1	NA	NA
63186	1	NA	NA
85643	2	NA	NA
94122	1	NA	NA
96563	1	NA	NA
101510	4	NA	NA
120807	1	NA	NA
122587	3	NA	NA
137722	1	NA	NA
155864	1	NA	NA
158879	1	NA	NA
160619	2	NA	NA
164756	3	NA	NA
170187	1	NA	NA
171101	3	NA	NA
176279	27	NA	NA
176280	30	NA	NA
178306	1	NA	NA
179408	1	NA	NA
190485	6	NA	NA
196162	1	NA	NA
196164	1	NA	NA
204773	1	NA	NA
205913	1	NA	NA
205918	1	NA	NA
205922	2	NA	NA
208963	1	NA	NA
208964	1	NA	NA
209261	1	NA	NA
210007	1	NA	NA
216432	2	NA	NA
216591	2	NA	NA
216594	1	NA	NA
216595	8	NA	NA
220341	46	NA	NA
223283	2	NA	NA
224308	1	NA	NA
226185	10	NA	NA
226186	1	NA	NA
228405	1	NA	NA
231023	1	NA	NA
232721	20	NA	NA
234621	15	NA	NA
240292	2	NA	NA
243243	2	NA	NA
246198	1	NA	NA
258594	1	NA	NA
262316	2	NA	NA
264198	2	NA	NA
264199	1	NA	NA
264203	2	NA	NA
266264	4	NA	NA
266265	1	NA	NA
266779	2	NA	NA
267608	2	NA	NA
267747	13	NA	NA
269800	1	NA	NA
272620	2	NA	NA
272621	1	NA	NA
272622	12	NA	NA
272623	5	NA	NA
272630	2	NA	NA
272831	10	NA	NA
272942	1	NA	NA
279238	2	NA	NA
279808	5	NA	NA
280463	4	NA	NA
282458	1	NA	NA
284812	3	NA	NA
288705	1	NA	NA
290338	2	NA	NA
290399	2	NA	NA
290402	2	NA	NA
292415	1	NA	NA
296543	4	NA	NA
296591	8	NA	NA
299768	1	NA	NA
306537	10	NA	NA
312153	10	NA	NA
313595	1	NA	NA
313596	2	NA	NA
313603	2	NA	NA
314565	5	NA	NA
315750	3	NA	NA
316055	3	NA	NA
316056	2	NA	NA
317655	2	NA	NA
318586	1	NA	NA
319795	1	NA	NA
321327	2	NA	NA
321967	4	NA	NA
322159	7	NA	NA
326297	1	NA	NA
326423	1	NA	NA
326425	4	NA	NA
326427	1	NA	NA
331112	1	NA	NA
331271	6	NA	NA
334413	5	NA	NA
335541	2	NA	NA
335659	1	NA	NA
338963	2	NA	NA
338969	1	NA	NA
339670	4	NA	NA
340100	1	NA	NA
340322	2	NA	NA
342108	1	NA	NA
344609	2	NA	NA
349102	1	NA	NA
350054	1	NA	NA
351746	5	NA	NA
352914	34	NA	NA
357808	2	NA	NA
358220	25	NA	NA
359786	2	NA	NA
360094	1	NA	NA
362242	3	NA	NA
362663	8	NA	NA
365044	12	NA	NA
365046	7	NA	NA
365659	4	NA	NA
366394	1	NA	NA
367928	1	NA	NA
373153	5	NA	NA
373384	7	NA	NA
374833	2	NA	NA
374930	4	NA	NA
374931	4	NA	NA
375286	2	NA	NA
376686	67	NA	NA
379731	1	NA	NA
381666	1	NA	NA
381754	1	NA	NA
382245	2	NA	NA
384676	4	NA	NA
386415	2	NA	NA
387092	3	NA	NA
388919	8	NA	NA
390235	3	NA	NA
391008	1	NA	NA
391735	3	NA	NA
391904	2	NA	NA
392499	1	NA	NA
393305	1	NA	NA
395019	9	NA	NA
395491	2	NA	NA
395495	4	NA	NA
395960	2	NA	NA
396513	1	NA	NA
396588	1	NA	NA
396595	1	NA	NA
397945	3	NA	NA
398527	3	NA	NA
398578	15	NA	NA
399739	1	NA	NA
399781	4	NA	NA
400667	10	NA	NA
400756	3	NA	NA
402612	24	NA	NA
402881	1	NA	NA
404589	1	NA	NA
405416	3	NA	NA
405566	4	NA	NA
405955	6	NA	NA
411154	1	NA	NA
412022	1	NA	NA
412030	2	NA	NA
414684	1	NA	NA
416870	13	NA	NA
419610	5	NA	NA
420662	7	NA	NA
423368	2	NA	NA
424182	1	NA	NA
425011	2	NA	NA
426117	3	NA	NA
426355	5	NA	NA
428406	1	NA	NA
435590	4	NA	NA
435591	4	NA	NA
435998	1	NA	NA
439375	1	NA	NA
439843	45	NA	NA
439855	1	NA	NA
440085	6	NA	NA
441375	2	NA	NA
441620	6	NA	NA
446466	1	NA	NA
446471	1	NA	NA
448385	1	NA	NA
451516	1	NA	NA
452638	3	NA	NA
452652	1	NA	NA
452662	4	NA	NA
454169	45	NA	NA
455632	1	NA	NA
459424	1	NA	NA
460265	4	NA	NA
465515	13	NA	NA
467705	4	NA	NA
471223	1	NA	NA
471852	1	NA	NA
474186	3	NA	NA
477641	3	NA	NA
478801	1	NA	NA
479431	1	NA	NA
479436	3	NA	NA
480119	3	NA	NA
481805	12	NA	NA
482957	2	NA	NA
483219	1	NA	NA
484021	1	NA	NA
487521	4	NA	NA
489653	3	NA	NA
491915	1	NA	NA
491916	1	NA	NA
504474	2	NA	NA
509169	5	NA	NA
509170	4	NA	NA
509173	7	NA	NA
510516	2	NA	NA
511691	1	NA	NA
512565	1	NA	NA
512566	3	NA	NA
516950	1	NA	NA
521097	3	NA	NA
521674	1	NA	NA
522373	9	NA	NA
523794	1	NA	NA
523796	2	NA	NA
525284	16	NA	NA
525919	1	NA	NA
526225	1	NA	NA
526226	1	NA	NA
530564	1	NA	NA
535289	13	NA	NA
536019	1	NA	NA
543728	18	NA	NA
543734	4	NA	NA
543891	2	NA	NA
543913	36	NA	NA
544556	4	NA	NA
546269	1	NA	NA
548476	5	NA	NA
550542	2	NA	NA
553174	1	NA	NA
553190	27	NA	NA
553199	255	NA	NA
557598	1	NA	NA
557722	1	NA	NA
559292	3	NA	NA
561276	1	NA	NA
565040	1	NA	NA
565655	1	NA	NA
568816	1	NA	NA
573061	3	NA	NA
574093	1	NA	NA
585035	1	NA	NA
585054	1	NA	NA
585143	2	NA	NA
585394	1	NA	NA
585396	45	NA	NA
585397	1	NA	NA
589865	2	NA	NA
591365	1	NA	NA
592029	1	NA	NA
595537	14	NA	NA
596153	9	NA	NA
596154	6	NA	NA
604162	2	NA	NA
617121	1	NA	NA
622759	2	NA	NA
627192	2	NA	NA
630588	3	NA	NA
632772	2	NA	NA
634176	1	NA	NA
634177	1	NA	NA
634452	3	NA	NA
634456	1	NA	NA
634498	1	NA	NA
637379	1	NA	NA
640081	2	NA	NA
640131	1	NA	NA
640511	2	NA	NA
640513	2	NA	NA
643561	6	NA	NA
644801	2	NA	NA
645127	4	NA	NA
652103	2	NA	NA
653045	1	NA	NA
653733	1	NA	NA
655815	1	NA	NA
656024	1	NA	NA
657309	1	NA	NA
657310	4	NA	NA
657318	1	NA	NA
657321	1	NA	NA
661410	1	NA	NA
662598	1	NA	NA
662755	5	NA	NA
663917	2	NA	NA
666685	1	NA	NA
667015	1	NA	NA
681288	1	NA	NA
684738	4	NA	NA
688245	7	NA	NA
688270	2	NA	NA
690566	2	NA	NA
691437	3	NA	NA
693444	1	NA	NA
693977	1	NA	NA
693978	1	NA	NA
696216	1	NA	NA
696747	1	NA	NA
697329	1	NA	NA
698737	1	NA	NA
698962	1	NA	NA
698965	1	NA	NA
698972	1	NA	NA
699246	2	NA	NA
700508	1	NA	NA
701521	1	NA	NA
706191	1	NA	NA
710421	1	NA	NA
710686	2	NA	NA
713604	1	NA	NA
714313	1	NA	NA
716541	1	NA	NA
717608	1	NA	NA
718252	1	NA	NA
718254	4	NA	NA
718255	1	NA	NA
741091	1	NA	NA
742013	6	NA	NA
743721	1	NA	NA
744533	6	NA	NA
745310	3	NA	NA
745776	1	NA	NA
746361	4	NA	NA
746697	4	NA	NA
749927	1	NA	NA
755732	3	NA	NA
756272	2	NA	NA
757424	2	NA	NA
759350	1	NA	NA
761659	1	NA	NA
762376	1	NA	NA
762948	3	NA	NA
765698	1	NA	NA
767029	1	NA	NA
767031	1	NA	NA
767462	3	NA	NA
767463	4	NA	NA
768704	1	NA	NA
768706	1	NA	NA
859656	3	NA	NA
859657	2	NA	NA
860228	1	NA	NA
861360	1	NA	NA
862719	1	NA	NA
862965	7	NA	NA
866536	1	NA	NA
866768	5	NA	NA
866775	1	NA	NA
867900	3	NA	NA
867902	2	NA	NA
868597	4	NA	NA
869216	1	NA	NA
869309	4	NA	NA
869729	1	NA	NA
871585	1	NA	NA
875328	1	NA	NA
879243	2	NA	NA
880591	2	NA	NA
880633	1	NA	NA
880758	1	NA	NA
889738	2	NA	NA
890402	1	NA	NA
909952	16	NA	NA
926562	2	NA	NA
927666	11	NA	NA
929562	1	NA	NA
930171	1	NA	NA
930944	2	NA	NA
931276	1	NA	NA
932677	1	NA	NA
935588	2	NA	NA
935589	1	NA	NA
935591	1	NA	NA
935593	1	NA	NA
935599	1	NA	NA
936153	12	NA	NA
936154	1	NA	NA
936156	1	NA	NA
937773	1	NA	NA
945021	1	NA	NA
946483	1	NA	NA
953739	3	NA	NA
977801	1	NA	NA
979556	1	NA	NA
983544	7	NA	NA
983917	4	NA	NA
984262	3	NA	NA
985002	1	NA	NA
990315	6	NA	NA
994476	1	NA	NA
994484	1	NA	NA
999541	2	NA	NA
999552	2	NA	NA
1001583	2	NA	NA
1001585	1	NA	NA
1005048	1	NA	NA
1006543	1	NA	NA
1006551	1	NA	NA
1009464	13	NA	NA
1029756	1	NA	NA
1031709	22	NA	NA
1031711	2	NA	NA
1034807	53	NA	NA
1034809	1	NA	NA
1036172	1	NA	NA
1037409	1	NA	NA
1037911	3	NA	NA
1041826	9	NA	NA
1042876	1	NA	NA
1042878	2	NA	NA
1045856	2	NA	NA
1046629	1	NA	NA
1051074	1	NA	NA
1054460	3	NA	NA
1074919	1	NA	NA
1089456	1	NA	NA
1091045	114	NA	NA
1093141	1	NA	NA
1093787	1	NA	NA
1094466	7	NA	NA
1095774	1	NA	NA
1096996	1	NA	NA
1097668	1	NA	NA
1104322	10	NA	NA
1104325	1	NA	NA
1104326	1	NA	NA
1111068	1	NA	NA
1111678	4	NA	NA
1114966	4	NA	NA
1114967	30	NA	NA
1114969	256	NA	NA
1114970	4	NA	NA
1118959	1	NA	NA
1118963	1	NA	NA
1121353	1	NA	NA
1123523	3	NA	NA
1123863	1	NA	NA
1127134	1	NA	NA
1134454	137	NA	NA
1136179	16	NA	NA
1138383	4	NA	NA
1146883	3	NA	NA
1155071	1	NA	NA
1156431	1	NA	NA
1156433	1	NA	NA
1156913	1	NA	NA
1163399	3	NA	NA
1167006	2	NA	NA
1167634	3	NA	NA
1170318	10	NA	NA
1171373	1	NA	NA
1171377	1	NA	NA
1173020	1	NA	NA
1185652	1	NA	NA
1187956	2	NA	NA
1191061	3	NA	NA
1192196	1	NA	NA
1193576	1	NA	NA
1194526	17	NA	NA
1196325	1	NA	NA
1198676	1	NA	NA
1199187	1	NA	NA
1206105	1	NA	NA
1207075	1	NA	NA
1211025	1	NA	NA
1211579	1	NA	NA
1215088	1	NA	NA
1216976	2	NA	NA
1229758	1	NA	NA
1234380	1	NA	NA
1234679	2	NA	NA
1245469	2	NA	NA
1245471	2	NA	NA
1246301	12	NA	NA
1249526	1	NA	NA
1254432	1	NA	NA
1260251	1	NA	NA
1261557	1	NA	NA
1262456	1	NA	NA
1276282	13	NA	NA
1282356	3	NA	NA
1284663	1	NA	NA
1294143	2	NA	NA
1295826	1	NA	NA
1302863	1	NA	NA
1305598	1	NA	NA
1316932	1	NA	NA
1318615	1	NA	NA
1331671	3	NA	NA
1335757	1	NA	NA
1340851	1	NA	NA
1367847	1	NA	NA
1380774	2	NA	NA
1415630	4	NA	NA
1416914	1	NA	NA
1430440	2	NA	NA
