Tax.ID	Frequency	Proportion	Total
2762	2	NA	NA
2769	1	NA	NA
2787	1	NA	NA
2880	2	NA	NA
5823	14	NA	NA
10629	8	NA	NA
31271	1	NA	NA
36809	1	NA	NA
48483	1	NA	NA
48942	1	NA	NA
49266	2	NA	NA
52970	7	NA	NA
55529	1	NA	NA
62928	1	NA	NA
63737	1	NA	NA
76869	2	NA	NA
78245	4	NA	NA
94122	1	NA	NA
101510	4	NA	NA
111598	1	NA	NA
114615	1	NA	NA
122587	1	NA	NA
159087	1	NA	NA
160619	1	NA	NA
164756	1	NA	NA
164757	5	NA	NA
176279	7	NA	NA
176280	9	NA	NA
176299	1	NA	NA
189918	1	NA	NA
190485	3	NA	NA
190486	3	NA	NA
190650	3	NA	NA
196162	1	NA	NA
203120	1	NA	NA
205913	13	NA	NA
205918	1	NA	NA
205922	1	NA	NA
208963	4	NA	NA
208964	6	NA	NA
209261	1	NA	NA
216432	1	NA	NA
216591	1	NA	NA
216595	20	NA	NA
220341	34	NA	NA
220664	1	NA	NA
223283	1	NA	NA
226186	1	NA	NA
232721	34	NA	NA
234621	15	NA	NA
242619	1	NA	NA
243230	1	NA	NA
243243	1	NA	NA
243365	1	NA	NA
245014	2	NA	NA
246197	1	NA	NA
246200	1	NA	NA
247156	1	NA	NA
257310	1	NA	NA
257313	1	NA	NA
261292	1	NA	NA
262728	1	NA	NA
264198	3	NA	NA
266264	3	NA	NA
267747	8	NA	NA
269798	3	NA	NA
269800	1	NA	NA
272620	109	NA	NA
272621	1	NA	NA
272622	2	NA	NA
272623	2	NA	NA
272630	3	NA	NA
272831	1	NA	NA
278137	1	NA	NA
279238	1	NA	NA
279808	1	NA	NA
280463	3	NA	NA
281310	1	NA	NA
288000	1	NA	NA
290338	1	NA	NA
290399	4	NA	NA
296591	2	NA	NA
298653	1	NA	NA
306537	1	NA	NA
311402	1	NA	NA
312153	6	NA	NA
313598	3	NA	NA
316055	1	NA	NA
316058	1	NA	NA
316401	1	NA	NA
317655	2	NA	NA
317936	1	NA	NA
320388	1	NA	NA
322159	1	NA	NA
323098	1	NA	NA
326425	2	NA	NA
326426	1	NA	NA
335659	2	NA	NA
338969	1	NA	NA
339670	7	NA	NA
340100	4	NA	NA
342108	1	NA	NA
342451	1	NA	NA
347253	1	NA	NA
349163	1	NA	NA
349519	1	NA	NA
350054	1	NA	NA
352914	7	NA	NA
357348	1	NA	NA
358220	19	NA	NA
360094	1	NA	NA
362663	2	NA	NA
365044	3	NA	NA
365046	2	NA	NA
365659	2	NA	NA
366602	2	NA	NA
373384	5	NA	NA
376686	35	NA	NA
378753	3	NA	NA
381754	1	NA	NA
387344	1	NA	NA
388919	1	NA	NA
391008	1	NA	NA
391038	1	NA	NA
391735	6	NA	NA
391904	8	NA	NA
394221	1	NA	NA
395019	2	NA	NA
395495	3	NA	NA
395960	1	NA	NA
396588	1	NA	NA
397945	8	NA	NA
398578	7	NA	NA
398580	1	NA	NA
399741	1	NA	NA
400667	2	NA	NA
402612	21	NA	NA
404589	2	NA	NA
405531	1	NA	NA
405566	2	NA	NA
405948	1	NA	NA
405955	1	NA	NA
411154	2	NA	NA
412022	1	NA	NA
413997	2	NA	NA
416870	2	NA	NA
419610	3	NA	NA
420247	1	NA	NA
420662	1	NA	NA
424182	1	NA	NA
426355	1	NA	NA
431895	2	NA	NA
431947	1	NA	NA
439843	31	NA	NA
439855	6	NA	NA
441620	2	NA	NA
444179	1	NA	NA
450851	1	NA	NA
452637	1	NA	NA
452638	2	NA	NA
452662	1	NA	NA
454169	32	NA	NA
455632	1	NA	NA
465515	7	NA	NA
469008	2	NA	NA
469607	1	NA	NA
471854	1	NA	NA
474186	1	NA	NA
477641	1	NA	NA
478801	1	NA	NA
479436	1	NA	NA
481805	2	NA	NA
481877	1	NA	NA
482957	1	NA	NA
484021	99	NA	NA
485917	2	NA	NA
502025	1	NA	NA
504832	2	NA	NA
507522	25	NA	NA
509169	4	NA	NA
509173	2	NA	NA
509190	2	NA	NA
511995	1	NA	NA
515620	1	NA	NA
521097	3	NA	NA
522373	6	NA	NA
523796	1	NA	NA
526225	1	NA	NA
535289	19	NA	NA
543728	12	NA	NA
543891	2	NA	NA
543913	22	NA	NA
548476	1	NA	NA
553199	203	NA	NA
557722	1	NA	NA
559292	1	NA	NA
559307	1	NA	NA
565040	12	NA	NA
565042	6	NA	NA
565050	3	NA	NA
572307	1	NA	NA
580332	1	NA	NA
582899	1	NA	NA
585055	1	NA	NA
585056	1	NA	NA
585396	32	NA	NA
595528	2	NA	NA
595537	4	NA	NA
596153	8	NA	NA
596154	5	NA	NA
610130	1	NA	NA
627192	1	NA	NA
630626	2	NA	NA
634176	1	NA	NA
634452	1	NA	NA
634459	1	NA	NA
640081	1	NA	NA
640131	14	NA	NA
640513	1	NA	NA
641892	1	NA	NA
643561	5	NA	NA
644042	1	NA	NA
645127	2	NA	NA
648757	1	NA	NA
649349	3	NA	NA
655815	3	NA	NA
657310	1	NA	NA
657322	1	NA	NA
661410	1	NA	NA
680646	1	NA	NA
681288	1	NA	NA
684738	2	NA	NA
688245	6	NA	NA
690566	1	NA	NA
693216	1	NA	NA
695560	1	NA	NA
696749	1	NA	NA
698962	1	NA	NA
698965	1	NA	NA
698972	1	NA	NA
702113	1	NA	NA
710696	2	NA	NA
714359	1	NA	NA
716541	3	NA	NA
718254	1	NA	NA
722911	1	NA	NA
742013	6	NA	NA
743720	1	NA	NA
744533	1	NA	NA
745310	2	NA	NA
754252	1	NA	NA
754477	1	NA	NA
755732	2	NA	NA
757424	1	NA	NA
759350	12	NA	NA
759362	1	NA	NA
762051	1	NA	NA
762903	1	NA	NA
765874	1	NA	NA
767463	3	NA	NA
768490	1	NA	NA
857087	1	NA	NA
859655	2	NA	NA
866777	1	NA	NA
868597	2	NA	NA
880591	1	NA	NA
880633	1	NA	NA
884204	1	NA	NA
889932	1	NA	NA
890402	12	NA	NA
891391	1	NA	NA
908937	1	NA	NA
909952	16	NA	NA
929102	1	NA	NA
929556	2	NA	NA
935296	2	NA	NA
935591	1	NA	NA
935593	1	NA	NA
936153	1	NA	NA
977880	1	NA	NA
979556	2	NA	NA
983544	1	NA	NA
983917	2	NA	NA
990315	2	NA	NA
994484	5	NA	NA
996285	1	NA	NA
999541	1	NA	NA
1001583	1	NA	NA
1001585	2	NA	NA
1005048	1	NA	NA
1006551	8	NA	NA
1009846	1	NA	NA
1028307	1	NA	NA
1030843	1	NA	NA
1031709	14	NA	NA
1031710	1	NA	NA
1033837	4	NA	NA
1034807	26	NA	NA
1035817	4	NA	NA
1037409	1	NA	NA
1037911	13	NA	NA
1041826	10	NA	NA
1045855	1	NA	NA
1045856	1	NA	NA
1046624	1	NA	NA
1049565	13	NA	NA
1054460	1	NA	NA
1064539	1	NA	NA
1069533	1	NA	NA
1071378	1	NA	NA
1071381	1	NA	NA
1076934	1	NA	NA
1089456	2	NA	NA
1091045	64	NA	NA
1094466	8	NA	NA
1104322	1	NA	NA
1104326	1	NA	NA
1114966	3	NA	NA
1114967	21	NA	NA
1114969	200	NA	NA
1114970	2	NA	NA
1121362	2	NA	NA
1123519	1	NA	NA
1125630	20	NA	NA
1127134	1	NA	NA
1132507	1	NA	NA
1133849	1	NA	NA
1133853	1	NA	NA
1134454	79	NA	NA
1136179	13	NA	NA
1163399	2	NA	NA
1170318	7	NA	NA
1170562	4	NA	NA
1173020	1	NA	NA
1179773	1	NA	NA
1187956	1	NA	NA
1193292	110	NA	NA
1194526	6	NA	NA
1196835	1	NA	NA
1207075	4	NA	NA
1214242	2	NA	NA
1215088	1	NA	NA
1218175	1	NA	NA
1234380	3	NA	NA
1244085	2	NA	NA
1245469	2	NA	NA
1245471	1	NA	NA
1246301	2	NA	NA
1246995	1	NA	NA
1255043	1	NA	NA
1276282	5	NA	NA
1279365	2	NA	NA
1282356	6	NA	NA
1304892	1	NA	NA
1313172	1	NA	NA
1314884	1	NA	NA
1380908	100	NA	NA
1389489	1	NA	NA
1401659	1	NA	NA
1408272	1	NA	NA
1415630	17	NA	NA
1427342	1	NA	NA
1435356	2	NA	NA
