Tax.ID	Frequency	Proportion	Total
394	2	NA	NA
882	1	NA	NA
883	1	NA	NA
1148	1	NA	NA
1639	1	NA	NA
2769	5	NA	NA
2787	4	NA	NA
2829	4	NA	NA
2839	16	NA	NA
2850	24	NA	NA
4770	1	NA	NA
4950	3	NA	NA
5061	2	NA	NA
5145	1	NA	NA
5518	2	NA	NA
5661	1	NA	NA
5786	7	NA	NA
5872	1	NA	NA
5911	7	NA	NA
5932	4	NA	NA
10629	35	NA	NA
10632	1	NA	NA
10678	6	NA	NA
13035	3	NA	NA
28072	2	NA	NA
31271	2	NA	NA
31964	22	NA	NA
32049	1	NA	NA
35128	19	NA	NA
36809	4	NA	NA
39717	2	NA	NA
43925	1	NA	NA
43989	3	NA	NA
49266	1	NA	NA
55529	2	NA	NA
59374	6	NA	NA
60481	43	NA	NA
62928	20	NA	NA
62977	14	NA	NA
63186	2	NA	NA
64471	2	NA	NA
65071	1	NA	NA
65093	3	NA	NA
66692	1	NA	NA
69328	6	NA	NA
71421	2	NA	NA
75379	13	NA	NA
76114	11	NA	NA
76869	12	NA	NA
78245	14	NA	NA
79929	2	NA	NA
83406	2	NA	NA
85569	1	NA	NA
85643	27	NA	NA
86416	1	NA	NA
93062	5	NA	NA
94122	9	NA	NA
96563	14	NA	NA
99287	3	NA	NA
100226	8	NA	NA
101510	65	NA	NA
106370	2	NA	NA
107806	1	NA	NA
114615	16	NA	NA
115711	1	NA	NA
122587	7	NA	NA
126793	2	NA	NA
129356	1	NA	NA
134676	8	NA	NA
137722	6	NA	NA
139871	1	NA	NA
151537	1	NA	NA
153948	1	NA	NA
155864	88	NA	NA
156889	1	NA	NA
158189	1	NA	NA
158878	12	NA	NA
158879	5	NA	NA
159087	15	NA	NA
160488	11	NA	NA
160490	2	NA	NA
160492	3	NA	NA
160619	18	NA	NA
164037	1	NA	NA
164756	16	NA	NA
164757	5	NA	NA
167879	1	NA	NA
170187	1	NA	NA
171101	4	NA	NA
172968	1	NA	NA
176279	513	NA	NA
176280	537	NA	NA
176299	1	NA	NA
179408	9	NA	NA
183190	2	NA	NA
187272	13	NA	NA
187303	5	NA	NA
187420	4	NA	NA
189423	2	NA	NA
189918	9	NA	NA
190304	7	NA	NA
190485	30	NA	NA
190486	12	NA	NA
190650	10	NA	NA
192952	1	NA	NA
194439	4	NA	NA
195102	1	NA	NA
195103	15	NA	NA
196162	11	NA	NA
196164	83	NA	NA
196620	3	NA	NA
198214	13	NA	NA
198215	85	NA	NA
199310	9	NA	NA
203119	2	NA	NA
203120	2	NA	NA
203122	1	NA	NA
203123	2	NA	NA
203124	3	NA	NA
203275	8	NA	NA
204536	1	NA	NA
204669	1	NA	NA
204773	32	NA	NA
205913	56	NA	NA
205914	5	NA	NA
205918	7	NA	NA
205922	25	NA	NA
206672	7	NA	NA
207559	4	NA	NA
208435	2	NA	NA
208596	5	NA	NA
208963	45	NA	NA
208964	61	NA	NA
209261	2	NA	NA
210007	2	NA	NA
212717	2	NA	NA
213810	5	NA	NA
214684	11	NA	NA
215689	1	NA	NA
216389	2	NA	NA
216432	4	NA	NA
216591	9	NA	NA
216592	18	NA	NA
216594	3	NA	NA
216595	105	NA	NA
216596	6	NA	NA
216597	36	NA	NA
216599	78	NA	NA
218491	1	NA	NA
220341	12	NA	NA
220664	9	NA	NA
221029	2	NA	NA
223283	10	NA	NA
224911	17	NA	NA
224914	2	NA	NA
226185	48	NA	NA
226186	86	NA	NA
227321	1	NA	NA
227882	11	NA	NA
228405	3	NA	NA
228410	3	NA	NA
229533	2	NA	NA
231023	3	NA	NA
232721	254	NA	NA
234621	992	NA	NA
242231	2	NA	NA
242507	1	NA	NA
242619	1	NA	NA
243230	2	NA	NA
243233	2	NA	NA
243243	6	NA	NA
243265	1	NA	NA
243275	1	NA	NA
243277	1	NA	NA
243365	6	NA	NA
245014	33	NA	NA
245018	81	NA	NA
246196	17	NA	NA
246197	3	NA	NA
246198	11	NA	NA
246200	2	NA	NA
247156	11	NA	NA
257309	7	NA	NA
257310	5	NA	NA
257311	3	NA	NA
257313	4	NA	NA
257314	15	NA	NA
258594	4	NA	NA
259536	57	NA	NA
261292	11	NA	NA
262316	5	NA	NA
262543	3	NA	NA
262724	25	NA	NA
262727	1	NA	NA
262728	2	NA	NA
263358	2	NA	NA
264198	12	NA	NA
264199	5	NA	NA
264203	1	NA	NA
264462	2	NA	NA
264730	11	NA	NA
264731	8	NA	NA
265072	2	NA	NA
265311	1	NA	NA
266117	2	NA	NA
266264	14	NA	NA
266265	8	NA	NA
266779	14	NA	NA
266834	3	NA	NA
266835	7	NA	NA
266940	9	NA	NA
267608	26	NA	NA
267747	5	NA	NA
269482	12	NA	NA
269796	1	NA	NA
269797	8	NA	NA
269798	14	NA	NA
269799	1	NA	NA
269800	7	NA	NA
271848	1	NA	NA
272558	1	NA	NA
272559	13	NA	NA
272561	1	NA	NA
272563	30	NA	NA
272564	1	NA	NA
272568	2	NA	NA
272620	75	NA	NA
272621	49	NA	NA
272622	7	NA	NA
272623	4	NA	NA
272626	1	NA	NA
272630	2	NA	NA
272631	1	NA	NA
272831	8	NA	NA
272942	3	NA	NA
272943	1	NA	NA
272947	1	NA	NA
273121	3	NA	NA
278137	6	NA	NA
278197	4	NA	NA
279238	6	NA	NA
279808	71	NA	NA
280463	4	NA	NA
281090	5	NA	NA
281310	3	NA	NA
284593	3	NA	NA
284811	3	NA	NA
284812	16	NA	NA
285951	1	NA	NA
288000	20	NA	NA
288705	4	NA	NA
289380	6	NA	NA
290317	2	NA	NA
290318	1	NA	NA
290338	9	NA	NA
290339	9	NA	NA
290340	41	NA	NA
290398	1	NA	NA
290399	33	NA	NA
290402	3	NA	NA
291331	6	NA	NA
292414	1	NA	NA
292415	11	NA	NA
292459	1	NA	NA
292564	1	NA	NA
293826	3	NA	NA
294381	1	NA	NA
295405	51	NA	NA
296543	8	NA	NA
296591	100	NA	NA
298386	2	NA	NA
298653	6	NA	NA
298654	2	NA	NA
299768	1	NA	NA
300267	25	NA	NA
300268	27	NA	NA
300269	26	NA	NA
300852	25	NA	NA
306263	4	NA	NA
306537	4302	NA	NA
309807	2	NA	NA
311402	2	NA	NA
311403	3	NA	NA
311424	2	NA	NA
312153	4	NA	NA
313595	1	NA	NA
313603	2	NA	NA
314225	4	NA	NA
314315	4	NA	NA
314565	25	NA	NA
315749	4	NA	NA
316055	21	NA	NA
316056	7	NA	NA
316057	9	NA	NA
316058	10	NA	NA
316067	1	NA	NA
316273	7	NA	NA
316385	187	NA	NA
316401	25	NA	NA
316407	4	NA	NA
317655	12	NA	NA
318167	4	NA	NA
318586	12	NA	NA
319224	3	NA	NA
319795	3	NA	NA
320388	8	NA	NA
320389	1	NA	NA
321314	3	NA	NA
321956	13	NA	NA
321967	4	NA	NA
322159	44	NA	NA
322710	6	NA	NA
323097	5	NA	NA
323098	2	NA	NA
323259	1	NA	NA
324831	199	NA	NA
324925	1	NA	NA
325240	2	NA	NA
326424	9	NA	NA
326425	17	NA	NA
326426	2	NA	NA
326442	2	NA	NA
330214	4	NA	NA
330879	2	NA	NA
331104	1	NA	NA
331111	1348	NA	NA
331112	687	NA	NA
331271	16	NA	NA
331272	13	NA	NA
333849	2	NA	NA
334413	118	NA	NA
335283	6	NA	NA
335284	75	NA	NA
335659	21	NA	NA
337191	16	NA	NA
338966	11	NA	NA
338969	53	NA	NA
339670	51	NA	NA
339860	1	NA	NA
340099	3	NA	NA
340100	35	NA	NA
340322	126	NA	NA
342108	4	NA	NA
342451	9	NA	NA
342610	1	NA	NA
344609	483	NA	NA
347253	20	NA	NA
347256	1	NA	NA
347515	2	NA	NA
347834	2	NA	NA
349101	6	NA	NA
349102	6	NA	NA
349106	29	NA	NA
349124	1	NA	NA
349161	3	NA	NA
349163	4	NA	NA
349215	1	NA	NA
349520	1	NA	NA
349741	10	NA	NA
349747	1	NA	NA
350054	12	NA	NA
350058	15	NA	NA
350688	4	NA	NA
351348	12	NA	NA
351605	3	NA	NA
351607	1	NA	NA
351745	14	NA	NA
351746	15	NA	NA
353151	5	NA	NA
353152	3	NA	NA
353153	4	NA	NA
353154	1	NA	NA
354242	3	NA	NA
355276	2	NA	NA
357348	4	NA	NA
357804	1	NA	NA
357809	9	NA	NA
358220	235	NA	NA
359786	55	NA	NA
359787	7	NA	NA
360094	8	NA	NA
360102	3	NA	NA
360105	1	NA	NA
360107	25	NA	NA
360910	6	NA	NA
360911	3	NA	NA
362242	6	NA	NA
362663	585	NA	NA
363555	2	NA	NA
364106	3	NA	NA
365044	329	NA	NA
365046	64	NA	NA
365659	8	NA	NA
366394	4	NA	NA
366602	8	NA	NA
367737	15	NA	NA
367775	20	NA	NA
367928	60	NA	NA
369723	6	NA	NA
370354	7	NA	NA
370438	1	NA	NA
370553	1	NA	NA
370554	2	NA	NA
373153	14	NA	NA
373384	1186	NA	NA
374833	3	NA	NA
374930	1	NA	NA
374931	1	NA	NA
375286	14	NA	NA
375451	1	NA	NA
376686	90	NA	NA
377628	1	NA	NA
377629	2	NA	NA
378753	78	NA	NA
378806	1	NA	NA
379066	1	NA	NA
379329	2	NA	NA
379731	6	NA	NA
380358	2	NA	NA
380703	18	NA	NA
381666	31	NA	NA
381754	37	NA	NA
382245	75	NA	NA
383407	1	NA	NA
383629	5	NA	NA
384676	31	NA	NA
385025	1	NA	NA
386043	3	NA	NA
386415	2	NA	NA
386585	209	NA	NA
386656	2	NA	NA
387344	3	NA	NA
388919	6	NA	NA
390235	13	NA	NA
390333	42	NA	NA
391008	14	NA	NA
391038	3	NA	NA
391295	2	NA	NA
391619	4	NA	NA
391626	1	NA	NA
391735	61	NA	NA
391774	1	NA	NA
391904	24	NA	NA
392499	20	NA	NA
393011	3	NA	NA
393305	1	NA	NA
393595	11	NA	NA
394503	2	NA	NA
395019	33	NA	NA
395491	3	NA	NA
395492	2	NA	NA
395494	6	NA	NA
395495	83	NA	NA
395960	5	NA	NA
395963	2	NA	NA
395965	3	NA	NA
396513	12	NA	NA
396588	3	NA	NA
396595	1	NA	NA
397945	84	NA	NA
398527	3	NA	NA
398577	2	NA	NA
398578	139	NA	NA
398580	1	NA	NA
398767	1	NA	NA
399183	1	NA	NA
399599	3	NA	NA
399739	16	NA	NA
399741	4	NA	NA
399742	4	NA	NA
399804	2	NA	NA
400667	33	NA	NA
400668	1	NA	NA
400756	15	NA	NA
401473	10	NA	NA
402612	68	NA	NA
402626	20	NA	NA
402881	4	NA	NA
402882	1	NA	NA
403677	13	NA	NA
404589	3	NA	NA
405416	16	NA	NA
405566	59	NA	NA
405948	14	NA	NA
405955	365	NA	NA
406425	9	NA	NA
406984	1	NA	NA
407976	2	NA	NA
409438	408	NA	NA
410289	4	NA	NA
410358	1	NA	NA
411154	2	NA	NA
412022	3	NA	NA
412030	3	NA	NA
412694	4	NA	NA
413997	17	NA	NA
413999	1	NA	NA
414684	2	NA	NA
414970	20	NA	NA
416269	1	NA	NA
416276	1	NA	NA
416344	4	NA	NA
416870	9	NA	NA
418127	2	NA	NA
419610	13	NA	NA
420246	1	NA	NA
420247	14	NA	NA
420662	59	NA	NA
423368	58	NA	NA
423536	7	NA	NA
424182	4	NA	NA
425011	40	NA	NA
425104	1	NA	NA
426114	10	NA	NA
426117	6	NA	NA
426355	32	NA	NA
426430	19	NA	NA
428406	18	NA	NA
431895	2	NA	NA
431943	2	NA	NA
431946	8	NA	NA
431947	1	NA	NA
434271	2	NA	NA
435590	734	NA	NA
435591	56	NA	NA
435998	2	NA	NA
436717	24	NA	NA
438753	4	NA	NA
439375	4	NA	NA
439843	26	NA	NA
439851	5	NA	NA
439855	235	NA	NA
440085	14	NA	NA
441375	6	NA	NA
441620	19	NA	NA
441768	12	NA	NA
441771	3	NA	NA
441772	2	NA	NA
442563	2	NA	NA
443143	2	NA	NA
443144	1	NA	NA
443906	30	NA	NA
444177	1	NA	NA
444178	1	NA	NA
444450	18	NA	NA
446462	16	NA	NA
446465	23	NA	NA
446466	12	NA	NA
446468	15	NA	NA
446469	20	NA	NA
446470	8	NA	NA
446471	15	NA	NA
447217	3	NA	NA
448385	7	NA	NA
449447	3	NA	NA
450851	6	NA	NA
451515	2	NA	NA
451516	11	NA	NA
452637	2	NA	NA
452638	2	NA	NA
452652	13	NA	NA
452662	14	NA	NA
452863	15	NA	NA
454169	61	NA	NA
455488	5	NA	NA
455632	8	NA	NA
457425	8	NA	NA
458233	3	NA	NA
459349	26	NA	NA
459424	1	NA	NA
460265	7	NA	NA
465515	596	NA	NA
465817	3	NA	NA
467705	6	NA	NA
469008	3	NA	NA
469371	4	NA	NA
469383	5	NA	NA
469604	7	NA	NA
469607	4	NA	NA
470137	1	NA	NA
471472	1	NA	NA
471852	10	NA	NA
471853	6	NA	NA
471854	4	NA	NA
471855	2	NA	NA
471856	16	NA	NA
471857	3	NA	NA
472759	4	NA	NA
474186	10	NA	NA
477641	11	NA	NA
478801	27	NA	NA
479431	14	NA	NA
479432	13	NA	NA
479433	13	NA	NA
479434	1	NA	NA
479435	10	NA	NA
479436	5	NA	NA
479437	2	NA	NA
480119	12	NA	NA
481743	4	NA	NA
481805	1368	NA	NA
481877	1	NA	NA
482957	21	NA	NA
483179	1	NA	NA
483219	1	NA	NA
484020	4	NA	NA
484021	33	NA	NA
485917	13	NA	NA
485918	11	NA	NA
487213	4	NA	NA
487214	5	NA	NA
487521	3	NA	NA
488223	2	NA	NA
489653	11	NA	NA
491077	5	NA	NA
491916	2	NA	NA
491952	1	NA	NA
497965	2	NA	NA
497978	7	NA	NA
498211	3	NA	NA
498217	1	NA	NA
498761	7	NA	NA
502025	3	NA	NA
502558	2	NA	NA
502800	1	NA	NA
504474	604	NA	NA
504728	31	NA	NA
504832	11	NA	NA
507522	27	NA	NA
509169	38	NA	NA
509170	13	NA	NA
509173	86	NA	NA
509190	7	NA	NA
510516	26	NA	NA
511062	4	NA	NA
511437	2	NA	NA
511691	1	NA	NA
512565	3	NA	NA
512566	1	NA	NA
515619	189	NA	NA
515620	34	NA	NA
515622	4	NA	NA
516950	3	NA	NA
517417	1	NA	NA
518766	1	NA	NA
521006	9	NA	NA
521095	1	NA	NA
521096	4	NA	NA
521097	11	NA	NA
521098	1	NA	NA
522306	16	NA	NA
522373	30	NA	NA
523794	5	NA	NA
523796	1	NA	NA
525284	1	NA	NA
525381	2	NA	NA
525909	1	NA	NA
525919	16	NA	NA
526225	13	NA	NA
526226	15	NA	NA
526227	20	NA	NA
529120	1	NA	NA
529122	1	NA	NA
530564	2	NA	NA
531844	8	NA	NA
535289	89	NA	NA
536019	7	NA	NA
536056	104	NA	NA
543728	131	NA	NA
543734	5	NA	NA
543891	19	NA	NA
543913	13	NA	NA
544404	3	NA	NA
546269	1	NA	NA
546342	5	NA	NA
546414	1	NA	NA
548473	11	NA	NA
548476	492	NA	NA
548479	9	NA	NA
550538	1	NA	NA
550540	1	NA	NA
552536	1	NA	NA
553174	28	NA	NA
553190	3	NA	NA
553199	230	NA	NA
553482	3	NA	NA
554290	1	NA	NA
555217	1	NA	NA
556484	3	NA	NA
557436	2	NA	NA
557598	8	NA	NA
557599	5	NA	NA
557600	11	NA	NA
557722	37	NA	NA
557760	5	NA	NA
559292	22	NA	NA
559295	7	NA	NA
559307	3	NA	NA
561230	1	NA	NA
561231	3	NA	NA
561276	2	NA	NA
561304	1	NA	NA
562019	1	NA	NA
563178	1	NA	NA
563769	2	NA	NA
565034	3	NA	NA
565040	48	NA	NA
565042	25	NA	NA
565050	8	NA	NA
565655	26	NA	NA
566546	50	NA	NA
567106	1	NA	NA
568703	1	NA	NA
568704	1	NA	NA
568706	1	NA	NA
568707	6	NA	NA
568814	1	NA	NA
568816	7	NA	NA
571800	98	NA	NA
572477	3	NA	NA
572480	5	NA	NA
572544	4	NA	NA
573059	1	NA	NA
573065	1	NA	NA
573235	109	NA	NA
573370	2	NA	NA
573729	8	NA	NA
573826	1	NA	NA
574093	4	NA	NA
574521	18	NA	NA
575540	1	NA	NA
575614	10	NA	NA
575788	1	NA	NA
577650	2	NA	NA
578234	50	NA	NA
578455	14	NA	NA
579112	1	NA	NA
579405	1	NA	NA
580327	2	NA	NA
580331	4	NA	NA
580332	5	NA	NA
580340	1	NA	NA
582744	3	NA	NA
582899	3	NA	NA
585034	127	NA	NA
585035	13	NA	NA
585054	57	NA	NA
585055	225	NA	NA
585056	56	NA	NA
585057	132	NA	NA
585394	75	NA	NA
585395	151	NA	NA
585396	68	NA	NA
585397	12	NA	NA
590998	4	NA	NA
591001	5	NA	NA
591020	3	NA	NA
591167	7	NA	NA
591365	2	NA	NA
591946	8	NA	NA
592029	1	NA	NA
592316	1	NA	NA
593588	1	NA	NA
593907	10	NA	NA
595494	2	NA	NA
595495	914	NA	NA
595496	14	NA	NA
595528	2	NA	NA
595537	98	NA	NA
596153	88	NA	NA
596154	61	NA	NA
600809	1	NA	NA
604162	8	NA	NA
610130	19	NA	NA
617121	2	NA	NA
622759	2	NA	NA
626418	8	NA	NA
627192	11	NA	NA
630588	6	NA	NA
630626	4	NA	NA
632772	14	NA	NA
633149	16	NA	NA
633699	43	NA	NA
634176	1	NA	NA
634177	1	NA	NA
634498	1	NA	NA
634500	5	NA	NA
637379	3	NA	NA
637887	1	NA	NA
637909	2	NA	NA
637910	4	NA	NA
639283	7	NA	NA
640081	16	NA	NA
640131	20	NA	NA
640132	5	NA	NA
640510	3	NA	NA
640511	8	NA	NA
640512	3	NA	NA
641491	3	NA	NA
642492	3	NA	NA
643561	55	NA	NA
643562	1	NA	NA
643867	4	NA	NA
644042	15	NA	NA
644223	2	NA	NA
644283	7	NA	NA
644284	15	NA	NA
644801	5	NA	NA
645127	53	NA	NA
645462	8	NA	NA
645463	9	NA	NA
645464	1	NA	NA
648757	5	NA	NA
648996	1	NA	NA
648999	4	NA	NA
649349	3	NA	NA
649831	5	NA	NA
652103	11	NA	NA
653045	8	NA	NA
653733	1	NA	NA
655815	1	NA	NA
656024	2	NA	NA
657308	5	NA	NA
657309	116	NA	NA
657310	9	NA	NA
657313	119	NA	NA
657314	90	NA	NA
657315	64	NA	NA
657316	30	NA	NA
657317	143	NA	NA
657318	164	NA	NA
657319	16	NA	NA
657321	103	NA	NA
657322	166	NA	NA
657323	126	NA	NA
657324	1	NA	NA
661367	3	NA	NA
661410	5	NA	NA
662598	5	NA	NA
662755	364	NA	NA
663278	5	NA	NA
663917	1	NA	NA
663951	1	NA	NA
665029	3	NA	NA
666681	11	NA	NA
666685	1	NA	NA
666686	1	NA	NA
667014	1	NA	NA
667015	28	NA	NA
669502	2	NA	NA
670307	3	NA	NA
670487	1	NA	NA
675635	4	NA	NA
679935	31	NA	NA
680198	8	NA	NA
680646	26	NA	NA
682634	5	NA	NA
682795	2	NA	NA
684738	3	NA	NA
685038	4	NA	NA
685039	2	NA	NA
685727	21	NA	NA
688245	65	NA	NA
688270	11	NA	NA
690566	9	NA	NA
690850	1	NA	NA
693216	2	NA	NA
693444	6	NA	NA
693746	3	NA	NA
693973	2	NA	NA
693974	2	NA	NA
693977	1	NA	NA
693978	14	NA	NA
693979	17	NA	NA
693982	2	NA	NA
694427	4	NA	NA
695560	24	NA	NA
696216	3	NA	NA
696406	26	NA	NA
696749	4	NA	NA
697281	2	NA	NA
698737	14	NA	NA
698758	4	NA	NA
698936	1	NA	NA
698962	64	NA	NA
698963	9	NA	NA
698964	63	NA	NA
698965	18	NA	NA
698966	4	NA	NA
698967	20	NA	NA
698968	7	NA	NA
698969	2	NA	NA
698970	23	NA	NA
698971	2	NA	NA
698972	43	NA	NA
698973	22	NA	NA
699032	3	NA	NA
699033	3	NA	NA
699037	6	NA	NA
699246	8	NA	NA
700508	6	NA	NA
700598	12	NA	NA
701177	5	NA	NA
701347	4	NA	NA
701521	1	NA	NA
702113	7	NA	NA
702459	4	NA	NA
709991	31	NA	NA
710421	8	NA	NA
710685	4	NA	NA
710686	4	NA	NA
710696	4	NA	NA
712898	1	NA	NA
712938	1	NA	NA
712961	18	NA	NA
713604	3	NA	NA
713887	2	NA	NA
714313	4	NA	NA
714962	3	NA	NA
716540	2	NA	NA
716541	11	NA	NA
717608	15	NA	NA
717773	1	NA	NA
717774	5	NA	NA
717785	2	NA	NA
717959	38	NA	NA
717960	30	NA	NA
717961	18	NA	NA
717962	68	NA	NA
718251	2	NA	NA
718252	125	NA	NA
718254	1	NA	NA
718255	77	NA	NA
718271	3	NA	NA
718274	4	NA	NA
720554	6	NA	NA
722911	7	NA	NA
741091	5	NA	NA
742013	107	NA	NA
743525	322	NA	NA
743718	15	NA	NA
743720	9	NA	NA
743721	11	NA	NA
743722	2	NA	NA
745277	7	NA	NA
745310	23	NA	NA
745776	1	NA	NA
746361	7	NA	NA
746697	1	NA	NA
747365	1	NA	NA
748247	9	NA	NA
748280	12	NA	NA
748671	50	NA	NA
748727	4	NA	NA
749219	1	NA	NA
749414	7	NA	NA
749927	6	NA	NA
751585	34	NA	NA
751945	30	NA	NA
754035	5	NA	NA
754252	10	NA	NA
754477	3	NA	NA
755732	7	NA	NA
756499	1	NA	NA
757424	31	NA	NA
757425	2	NA	NA
758793	1	NA	NA
759350	30	NA	NA
759362	3	NA	NA
759914	1	NA	NA
760154	1	NA	NA
760192	6	NA	NA
760570	11	NA	NA
761193	2	NA	NA
761659	2	NA	NA
762051	2	NA	NA
762376	14	NA	NA
762570	1	NA	NA
762633	51	NA	NA
762903	2	NA	NA
762948	27	NA	NA
765698	6	NA	NA
765874	31	NA	NA
765911	5	NA	NA
765912	2	NA	NA
767029	12	NA	NA
767031	13	NA	NA
767453	3	NA	NA
767455	8	NA	NA
767462	63	NA	NA
767463	28	NA	NA
768066	4	NA	NA
768490	1	NA	NA
768492	1	NA	NA
768706	2	NA	NA
798128	44	NA	NA
856793	1	NA	NA
858619	82	NA	NA
859655	16	NA	NA
859656	11	NA	NA
859657	24	NA	NA
860228	3	NA	NA
861360	19	NA	NA
862719	4	NA	NA
862751	11	NA	NA
862908	1	NA	NA
862962	28	NA	NA
862965	16	NA	NA
862969	2	NA	NA
862970	2	NA	NA
862971	1	NA	NA
865938	2	NA	NA
866536	3	NA	NA
866630	1	NA	NA
866768	748	NA	NA
866775	2	NA	NA
866777	8	NA	NA
867902	1	NA	NA
868131	3	NA	NA
868132	1	NA	NA
868595	1	NA	NA
868597	13	NA	NA
869209	2	NA	NA
869212	3	NA	NA
869309	6	NA	NA
869729	47	NA	NA
869816	2	NA	NA
871585	24	NA	NA
875328	5	NA	NA
879243	1	NA	NA
880070	2	NA	NA
880071	3	NA	NA
880591	3	NA	NA
880633	6	NA	NA
880758	6	NA	NA
882378	1	NA	NA
882884	10	NA	NA
883062	5	NA	NA
884204	3	NA	NA
885276	3	NA	NA
886293	2	NA	NA
886377	1	NA	NA
889738	6	NA	NA
889932	1	NA	NA
889933	2	NA	NA
890402	35	NA	NA
891391	17	NA	NA
903814	4	NA	NA
905079	1	NA	NA
908937	10	NA	NA
909946	45	NA	NA
909952	28	NA	NA
909954	13	NA	NA
910348	18	NA	NA
926562	1	NA	NA
926566	2	NA	NA
926570	3	NA	NA
927666	30	NA	NA
927704	4	NA	NA
929102	2	NA	NA
929556	4	NA	NA
929562	5	NA	NA
930169	1	NA	NA
930171	8	NA	NA
931276	1	NA	NA
931281	7	NA	NA
931626	4	NA	NA
931890	1	NA	NA
935296	2	NA	NA
935588	3	NA	NA
935591	6	NA	NA
935593	5	NA	NA
935599	2	NA	NA
935897	1	NA	NA
936153	25	NA	NA
936157	1	NA	NA
940190	4	NA	NA
940296	6	NA	NA
941193	23	NA	NA
942513	3	NA	NA
944546	9	NA	NA
944547	14	NA	NA
945021	2	NA	NA
945556	2	NA	NA
945704	4	NA	NA
945711	4	NA	NA
945712	7	NA	NA
945713	2	NA	NA
946362	6	NA	NA
946483	6	NA	NA
953739	9	NA	NA
977880	18	NA	NA
979556	20	NA	NA
981368	4	NA	NA
981540	5	NA	NA
983544	1	NA	NA
983545	1	NA	NA
983917	43	NA	NA
984262	1	NA	NA
984892	2	NA	NA
985002	5	NA	NA
985665	1	NA	NA
990315	24	NA	NA
990316	5	NA	NA
990317	5	NA	NA
991905	10	NA	NA
992406	2	NA	NA
994476	2	NA	NA
994484	13	NA	NA
996285	7	NA	NA
996634	1	NA	NA
998088	13	NA	NA
999378	2	NA	NA
999541	13	NA	NA
999552	3	NA	NA
999953	6	NA	NA
1001583	1	NA	NA
1001585	5	NA	NA
1002809	2	NA	NA
1003195	9	NA	NA
1003201	1	NA	NA
1003202	1	NA	NA
1005041	4	NA	NA
1005042	4	NA	NA
1005048	34	NA	NA
1006543	2	NA	NA
1006551	11	NA	NA
1008459	1	NA	NA
1009464	1	NA	NA
1009846	5	NA	NA
1016998	4	NA	NA
1017264	1	NA	NA
1028307	6	NA	NA
1028799	7	NA	NA
1029756	1	NA	NA
1030843	1	NA	NA
1031709	8	NA	NA
1031710	3	NA	NA
1031711	9	NA	NA
1032480	10	NA	NA
1033813	8	NA	NA
1033837	39	NA	NA
1034807	34	NA	NA
1034809	6	NA	NA
1035817	20	NA	NA
1036172	11	NA	NA
1036672	3	NA	NA
1036673	1	NA	NA
1036743	1	NA	NA
1037409	18	NA	NA
1037911	72	NA	NA
1041826	7	NA	NA
1042156	14	NA	NA
1042417	1	NA	NA
1042876	11	NA	NA
1042878	14	NA	NA
1045854	6	NA	NA
1045855	4	NA	NA
1045856	1	NA	NA
1046629	24	NA	NA
1048260	1	NA	NA
1048332	21	NA	NA
1048689	19	NA	NA
1049565	1	NA	NA
1051072	2	NA	NA
1051074	3	NA	NA
1054460	4	NA	NA
1064535	5	NA	NA
1064539	8	NA	NA
1064592	5	NA	NA
1069533	4	NA	NA
1069534	5	NA	NA
1071381	6	NA	NA
1071382	1	NA	NA
1071400	2	NA	NA
1072459	15	NA	NA
1074252	1	NA	NA
1074889	2	NA	NA
1074919	19	NA	NA
1075089	6	NA	NA
1075399	2	NA	NA
1076934	3	NA	NA
1085623	1	NA	NA
1087451	1	NA	NA
1087452	2	NA	NA
1089456	45	NA	NA
1089553	2	NA	NA
1091045	76	NA	NA
1091494	1	NA	NA
1091495	1	NA	NA
1093141	6	NA	NA
1093787	11	NA	NA
1094466	16	NA	NA
1096995	1	NA	NA
1096996	8	NA	NA
1097668	2	NA	NA
1097677	12	NA	NA
1100841	2	NA	NA
1104322	7	NA	NA
1104325	1	NA	NA
1104326	4	NA	NA
1105110	1	NA	NA
1107880	1	NA	NA
1110502	1	NA	NA
1111068	1	NA	NA
1111069	46	NA	NA
1112204	5	NA	NA
1114965	12	NA	NA
1114966	1	NA	NA
1114967	35	NA	NA
1114969	208	NA	NA
1114970	16	NA	NA
1116231	5	NA	NA
1117942	2	NA	NA
1117943	3	NA	NA
1118959	2	NA	NA
1118963	13	NA	NA
1121335	4	NA	NA
1121353	32	NA	NA
1121362	84	NA	NA
1121448	1	NA	NA
1123519	2	NA	NA
1123523	10	NA	NA
1124936	95	NA	NA
1124983	23	NA	NA
1125630	19	NA	NA
1127134	12	NA	NA
1130804	1	NA	NA
1133568	2	NA	NA
1133849	11	NA	NA
1133850	4	NA	NA
1133852	117	NA	NA
1133853	205	NA	NA
1134454	109	NA	NA
1134782	1	NA	NA
1136179	958	NA	NA
1137651	5	NA	NA
1138308	3	NA	NA
1138382	2	NA	NA
1138383	4	NA	NA
1138871	1	NA	NA
1142394	2	NA	NA
1144275	3	NA	NA
1146883	7	NA	NA
1151116	2	NA	NA
1155071	1	NA	NA
1155084	2	NA	NA
1155766	5	NA	NA
1156431	3	NA	NA
1156433	4	NA	NA
1156913	2	NA	NA
1160717	1	NA	NA
1163399	18	NA	NA
1163617	11	NA	NA
1166016	1	NA	NA
1166018	5	NA	NA
1166130	1	NA	NA
1167634	17	NA	NA
1168287	1	NA	NA
1170318	46	NA	NA
1170562	1	NA	NA
1171373	4	NA	NA
1171376	11	NA	NA
1173020	6	NA	NA
1173026	2	NA	NA
1179773	6	NA	NA
1184267	1	NA	NA
1185652	1	NA	NA
1187956	6	NA	NA
1191061	42	NA	NA
1193292	26	NA	NA
1193576	14	NA	NA
1194085	1	NA	NA
1194526	18	NA	NA
1196325	12	NA	NA
1196835	3	NA	NA
1198114	1	NA	NA
1198627	3	NA	NA
1198676	2	NA	NA
1199187	4	NA	NA
1200352	35	NA	NA
1203460	1	NA	NA
1204414	30	NA	NA
1205674	2	NA	NA
1205677	2	NA	NA
1205910	4	NA	NA
1206105	12	NA	NA
1207075	22	NA	NA
1208658	3	NA	NA
1208660	2	NA	NA
1211025	3	NA	NA
1211579	13	NA	NA
1211705	1	NA	NA
1214101	7	NA	NA
1214242	2	NA	NA
1215088	16	NA	NA
1216976	16	NA	NA
1224163	45	NA	NA
1229205	2	NA	NA
1232381	12	NA	NA
1232724	1	NA	NA
1233100	1	NA	NA
1234380	1	NA	NA
1234679	3	NA	NA
1236903	1	NA	NA
1241583	3	NA	NA
1244085	2	NA	NA
1245469	13	NA	NA
1245471	20	NA	NA
1246301	87	NA	NA
1246365	3	NA	NA
1246995	2	NA	NA
1249634	4	NA	NA
1249661	3	NA	NA
1254432	4	NA	NA
1255043	2	NA	NA
1257118	4	NA	NA
1260251	1	NA	NA
1261557	9	NA	NA
1262456	12	NA	NA
1265601	7	NA	NA
1266845	1	NA	NA
1267754	321	NA	NA
1271862	1	NA	NA
1271863	11	NA	NA
1271864	87	NA	NA
1274814	16	NA	NA
1276282	9	NA	NA
1278073	4	NA	NA
1279007	2	NA	NA
1279008	8	NA	NA
1280938	3	NA	NA
1282356	46	NA	NA
1283331	4	NA	NA
1284663	2	NA	NA
1286170	2	NA	NA
1288394	17	NA	NA
1290427	1	NA	NA
1290428	1	NA	NA
1294143	8	NA	NA
1298593	6	NA	NA
1302650	1	NA	NA
1302863	7	NA	NA
1303692	9	NA	NA
1304892	10	NA	NA
1305598	2	NA	NA
1305849	1	NA	NA
1310161	6	NA	NA
1313172	3	NA	NA
1314884	12	NA	NA
1316444	1	NA	NA
1316932	4	NA	NA
1318615	5	NA	NA
1318633	1	NA	NA
1321369	1	NA	NA
1321370	2	NA	NA
1322246	1	NA	NA
1328306	2	NA	NA
1331671	17	NA	NA
1340495	5	NA	NA
1340851	16	NA	NA
1343740	10	NA	NA
1346614	9	NA	NA
1348660	2	NA	NA
1348662	40	NA	NA
1355100	11	NA	NA
1358027	3	NA	NA
1367491	1	NA	NA
1367847	6	NA	NA
1379702	9	NA	NA
1380774	5	NA	NA
1380908	24	NA	NA
1382700	3	NA	NA
1384484	1	NA	NA
1389489	3	NA	NA
1400867	5	NA	NA
1401659	3	NA	NA
1408186	7	NA	NA
1408206	1	NA	NA
1415629	5	NA	NA
1415630	87	NA	NA
1416914	10	NA	NA
1423144	1	NA	NA
1427342	3	NA	NA
1430440	1	NA	NA
1435044	3	NA	NA
1435058	1	NA	NA
1435356	17	NA	NA
1436140	6	NA	NA
