Tax.ID	Frequency	Proportion	Total
2771	1	NA	NA
2787	1	NA	NA
2839	1	NA	NA
2898	3	NA	NA
5872	1	NA	NA
5885	1	NA	NA
5889	1	NA	NA
5911	2	NA	NA
5932	1	NA	NA
10629	64	NA	NA
10632	5	NA	NA
31964	3	NA	NA
32051	1	NA	NA
35128	2	NA	NA
36809	1	NA	NA
51369	7	NA	NA
55529	1	NA	NA
59374	2	NA	NA
60481	8	NA	NA
62928	3	NA	NA
63186	2	NA	NA
76869	1	NA	NA
78245	1	NA	NA
85643	1	NA	NA
94122	4	NA	NA
96563	1	NA	NA
99287	1	NA	NA
101510	4	NA	NA
109269	1	NA	NA
126793	1	NA	NA
146269	8	NA	NA
146891	1	NA	NA
155864	50	NA	NA
160488	2	NA	NA
160490	1	NA	NA
160491	1	NA	NA
160619	3	NA	NA
164756	8	NA	NA
167542	1	NA	NA
171101	2	NA	NA
176279	30	NA	NA
176280	30	NA	NA
176299	13	NA	NA
179408	2	NA	NA
189423	1	NA	NA
190485	1	NA	NA
190650	1	NA	NA
193567	1	NA	NA
195103	6	NA	NA
196162	1	NA	NA
198214	6	NA	NA
198215	35	NA	NA
199310	170	NA	NA
203120	2	NA	NA
203275	4	NA	NA
205913	12685	NA	NA
205922	2	NA	NA
206672	914	NA	NA
208596	1	NA	NA
208963	4	NA	NA
208964	6	NA	NA
209261	13	NA	NA
214092	1	NA	NA
216432	1	NA	NA
216592	16	NA	NA
216599	21	NA	NA
220341	33	NA	NA
220668	7	NA	NA
224326	1	NA	NA
226185	67	NA	NA
227882	1	NA	NA
227940	1	NA	NA
232721	14	NA	NA
234621	6	NA	NA
242619	1	NA	NA
243090	1	NA	NA
243230	1	NA	NA
243365	1	NA	NA
245014	1	NA	NA
246198	5	NA	NA
257314	12	NA	NA
261292	1	NA	NA
262724	1	NA	NA
266117	2	NA	NA
266264	2	NA	NA
266779	7	NA	NA
266940	3	NA	NA
267608	1	NA	NA
267747	11	NA	NA
269798	1	NA	NA
272563	1	NA	NA
272620	23	NA	NA
272621	727	NA	NA
272622	4	NA	NA
272623	2	NA	NA
272626	1	NA	NA
272630	3	NA	NA
278137	1	NA	NA
278197	6	NA	NA
279010	1	NA	NA
279238	1	NA	NA
279281	6	NA	NA
279808	2	NA	NA
281090	1	NA	NA
284812	2	NA	NA
288705	2	NA	NA
289380	2	NA	NA
290338	48	NA	NA
290339	3	NA	NA
290340	1	NA	NA
295319	1	NA	NA
295405	1	NA	NA
298654	1	NA	NA
300267	43	NA	NA
300268	19	NA	NA
300269	19	NA	NA
300852	1	NA	NA
306537	2	NA	NA
309800	1	NA	NA
312153	3	NA	NA
313598	1	NA	NA
314565	1	NA	NA
316056	1	NA	NA
316057	1	NA	NA
316385	37	NA	NA
316401	7	NA	NA
316407	2	NA	NA
317655	1	NA	NA
318167	1	NA	NA
318586	3	NA	NA
321314	1	NA	NA
321956	36	NA	NA
321967	67	NA	NA
322159	20	NA	NA
322710	1	NA	NA
323097	1	NA	NA
323098	1	NA	NA
324831	83	NA	NA
326423	2	NA	NA
326424	2	NA	NA
326425	910	NA	NA
326426	755	NA	NA
331111	114	NA	NA
331112	43	NA	NA
333849	3	NA	NA
334390	11	NA	NA
334413	5	NA	NA
335659	1	NA	NA
337191	1	NA	NA
338969	2	NA	NA
339670	4	NA	NA
340100	1	NA	NA
340322	1	NA	NA
344609	191	NA	NA
347253	1	NA	NA
349101	1	NA	NA
349124	1	NA	NA
349746	2	NA	NA
350054	1	NA	NA
351746	2	NA	NA
353151	1	NA	NA
353152	1	NA	NA
353496	1	NA	NA
357809	1	NA	NA
358220	8	NA	NA
360102	30	NA	NA
360106	1	NA	NA
362663	1643	NA	NA
362948	33	NA	NA
364106	9	NA	NA
365044	7	NA	NA
365046	3	NA	NA
365659	3	NA	NA
366394	1	NA	NA
367928	131	NA	NA
369723	1	NA	NA
370354	2	NA	NA
373153	2	NA	NA
373384	630	NA	NA
376686	34	NA	NA
376758	1	NA	NA
379731	1	NA	NA
381754	1	NA	NA
382245	8	NA	NA
384676	8	NA	NA
386043	7	NA	NA
386585	62	NA	NA
386656	1	NA	NA
387344	26	NA	NA
388919	1	NA	NA
390236	1	NA	NA
390333	109	NA	NA
391008	3	NA	NA
391038	2	NA	NA
391735	10	NA	NA
391904	8520	NA	NA
392499	2	NA	NA
393011	2	NA	NA
395019	1	NA	NA
395494	1	NA	NA
395495	3	NA	NA
397945	4	NA	NA
398578	6	NA	NA
399185	1	NA	NA
399741	2	NA	NA
399742	1	NA	NA
400667	3	NA	NA
400756	5	NA	NA
401473	27	NA	NA
402612	6	NA	NA
402626	1	NA	NA
405416	1	NA	NA
405440	2	NA	NA
405531	1	NA	NA
405532	1	NA	NA
405566	950	NA	NA
405948	2	NA	NA
405955	1342	NA	NA
409438	17	NA	NA
411154	1	NA	NA
412694	3	NA	NA
413997	1	NA	NA
416870	1	NA	NA
420662	2	NA	NA
423368	27	NA	NA
423536	4	NA	NA
424182	5	NA	NA
425011	1	NA	NA
426117	1	NA	NA
426355	4	NA	NA
428406	1	NA	NA
431946	37	NA	NA
431947	1	NA	NA
435590	8	NA	NA
439843	6	NA	NA
439855	302	NA	NA
440085	2	NA	NA
441375	2	NA	NA
441952	1	NA	NA
442563	10	NA	NA
443906	3	NA	NA
444450	10	NA	NA
446462	1	NA	NA
446465	1	NA	NA
446466	2	NA	NA
449447	1	NA	NA
450851	1	NA	NA
452638	6	NA	NA
452652	5	NA	NA
452662	3	NA	NA
454169	14	NA	NA
455632	1	NA	NA
458233	1	NA	NA
460265	1	NA	NA
464988	1	NA	NA
465515	7	NA	NA
474186	17	NA	NA
478801	2	NA	NA
479434	1	NA	NA
479436	3	NA	NA
481805	932	NA	NA
481877	1	NA	NA
484020	7	NA	NA
487213	1	NA	NA
489653	2	NA	NA
491077	5	NA	NA
491916	1	NA	NA
496874	43	NA	NA
498216	11	NA	NA
502801	1	NA	NA
504474	2	NA	NA
507522	7	NA	NA
509169	1	NA	NA
509173	3	NA	NA
511437	16	NA	NA
512566	1	NA	NA
515620	2	NA	NA
517417	1	NA	NA
522306	3	NA	NA
522373	8	NA	NA
525381	1	NA	NA
525919	2	NA	NA
530564	1	NA	NA
531844	1	NA	NA
535289	12	NA	NA
536056	85	NA	NA
537457	3	NA	NA
537973	19	NA	NA
543728	10	NA	NA
543734	14	NA	NA
543891	2	NA	NA
543913	13	NA	NA
544404	3	NA	NA
548473	1	NA	NA
550538	1	NA	NA
551895	1	NA	NA
552526	4	NA	NA
553174	22	NA	NA
553190	1	NA	NA
553199	242	NA	NA
554290	2	NA	NA
555079	3	NA	NA
557433	1	NA	NA
557436	7	NA	NA
557722	2	NA	NA
557760	1	NA	NA
561229	1	NA	NA
564886	1	NA	NA
565040	10286	NA	NA
565042	5803	NA	NA
565050	1	NA	NA
565655	2	NA	NA
566546	7	NA	NA
568703	184	NA	NA
568704	615	NA	NA
573235	28	NA	NA
573370	1	NA	NA
574521	179	NA	NA
575614	7	NA	NA
575788	1	NA	NA
580050	2	NA	NA
580332	2	NA	NA
582899	1	NA	NA
585034	2	NA	NA
585035	172	NA	NA
585054	102	NA	NA
585055	19	NA	NA
585056	78	NA	NA
585057	300	NA	NA
585394	2	NA	NA
585395	28	NA	NA
585396	24	NA	NA
585397	103	NA	NA
591020	10	NA	NA
591946	74	NA	NA
592029	1	NA	NA
593907	1	NA	NA
595495	182	NA	NA
595496	4	NA	NA
595537	5	NA	NA
596153	3	NA	NA
596154	2	NA	NA
627192	2	NA	NA
630626	1	NA	NA
632772	1	NA	NA
633699	34	NA	NA
637379	2	NA	NA
637910	6	NA	NA
640081	1	NA	NA
640131	1	NA	NA
640510	1	NA	NA
643561	4	NA	NA
643867	1	NA	NA
644042	3	NA	NA
645463	1	NA	NA
649831	1	NA	NA
653045	3	NA	NA
655815	2	NA	NA
655817	25	NA	NA
657310	21	NA	NA
657313	1	NA	NA
657315	1	NA	NA
657321	1	NA	NA
657322	1	NA	NA
661410	1	NA	NA
667015	1	NA	NA
670307	1	NA	NA
673832	1	NA	NA
673837	1	NA	NA
679935	1	NA	NA
680198	2	NA	NA
683837	1	NA	NA
684738	1	NA	NA
685038	19	NA	NA
688245	2	NA	NA
690566	2	NA	NA
693444	8	NA	NA
695560	1195	NA	NA
695562	414	NA	NA
696216	1	NA	NA
696406	11	NA	NA
697284	1	NA	NA
698737	1	NA	NA
698761	1	NA	NA
698964	1	NA	NA
698972	1	NA	NA
700598	3	NA	NA
701177	2	NA	NA
701347	4	NA	NA
701521	18	NA	NA
702459	42	NA	NA
703613	4	NA	NA
709991	4	NA	NA
710685	2	NA	NA
710696	1	NA	NA
712938	6	NA	NA
712961	57	NA	NA
714313	2	NA	NA
714962	6	NA	NA
717785	1	NA	NA
717959	1	NA	NA
718255	1	NA	NA
718274	21	NA	NA
722911	1643	NA	NA
742013	4	NA	NA
743718	1	NA	NA
743721	1	NA	NA
743722	1	NA	NA
745310	2	NA	NA
748671	458	NA	NA
748727	1	NA	NA
754252	4	NA	NA
755732	2	NA	NA
759350	9144	NA	NA
760570	1	NA	NA
762376	1	NA	NA
762903	1	NA	NA
767031	7	NA	NA
767455	8	NA	NA
767462	908	NA	NA
767463	3	NA	NA
768486	1	NA	NA
798128	1	NA	NA
857087	1	NA	NA
859657	2	NA	NA
861208	5	NA	NA
861360	1	NA	NA
862259	1	NA	NA
862965	1	NA	NA
862969	1	NA	NA
866768	437	NA	NA
866777	692	NA	NA
868597	2	NA	NA
869309	3	NA	NA
869729	719	NA	NA
875328	2	NA	NA
877468	2	NA	NA
880633	742	NA	NA
881621	1	NA	NA
882884	24	NA	NA
883062	80	NA	NA
885275	3	NA	NA
885276	46	NA	NA
886377	2	NA	NA
889738	1	NA	NA
889932	3	NA	NA
890402	9587	NA	NA
891391	1022	NA	NA
908937	7	NA	NA
909946	2	NA	NA
909952	15	NA	NA
909954	22	NA	NA
910348	10	NA	NA
927666	1	NA	NA
929102	1	NA	NA
929562	1	NA	NA
935296	3	NA	NA
936153	68	NA	NA
941193	1	NA	NA
981540	1	NA	NA
983544	1	NA	NA
983917	1	NA	NA
990315	1	NA	NA
994484	1	NA	NA
996285	1	NA	NA
998820	1	NA	NA
999378	4	NA	NA
999541	2	NA	NA
1001583	10	NA	NA
1001585	2	NA	NA
1002809	1	NA	NA
1005058	1	NA	NA
1016998	1	NA	NA
1030843	1	NA	NA
1031709	18	NA	NA
1032480	1	NA	NA
1033813	79	NA	NA
1033837	603	NA	NA
1034807	21	NA	NA
1034809	1	NA	NA
1035817	3430	NA	NA
1037911	4	NA	NA
1041826	3	NA	NA
1045854	1	NA	NA
1045855	1	NA	NA
1045856	2	NA	NA
1046629	1	NA	NA
1048332	1	NA	NA
1048689	1	NA	NA
1049565	1	NA	NA
1071400	4	NA	NA
1072459	41	NA	NA
1081093	3	NA	NA
1088720	357	NA	NA
1089456	2	NA	NA
1091045	86	NA	NA
1094466	5	NA	NA
1096995	1	NA	NA
1104325	2	NA	NA
1114966	4	NA	NA
1114967	19	NA	NA
1114969	223	NA	NA
1114970	1	NA	NA
1116231	2	NA	NA
1116391	1	NA	NA
1117943	1	NA	NA
1118959	1	NA	NA
1118963	1	NA	NA
1123519	2	NA	NA
1124936	2	NA	NA
1125630	1	NA	NA
1127134	1	NA	NA
1129794	1	NA	NA
1132507	12	NA	NA
1133850	1	NA	NA
1133852	25	NA	NA
1133853	72	NA	NA
1134454	116	NA	NA
1134782	1	NA	NA
1136179	7	NA	NA
1163399	4	NA	NA
1163617	1	NA	NA
1167634	3	NA	NA
1170318	6	NA	NA
1171373	1	NA	NA
1171376	3	NA	NA
1173022	1	NA	NA
1191061	1	NA	NA
1192196	1	NA	NA
1193292	1	NA	NA
1196325	1	NA	NA
1196835	1	NA	NA
1198627	1	NA	NA
1201010	1	NA	NA
1206105	20	NA	NA
1207075	2	NA	NA
1215088	1	NA	NA
1216976	2	NA	NA
1234679	1	NA	NA
1245471	2	NA	NA
1249661	1	NA	NA
1254439	4	NA	NA
1257118	1	NA	NA
1261557	5	NA	NA
1265601	1	NA	NA
1271863	1	NA	NA
1274814	2	NA	NA
1279008	2	NA	NA
1282356	3	NA	NA
1284663	9	NA	NA
1286170	1	NA	NA
1294143	1	NA	NA
1298917	1	NA	NA
1302863	1	NA	NA
1305849	1	NA	NA
1314884	288	NA	NA
1316933	5	NA	NA
1318634	194	NA	NA
1318635	10	NA	NA
1327988	20	NA	NA
1340495	3	NA	NA
1355100	33	NA	NA
1367847	1	NA	NA
1382700	4	NA	NA
1389489	1	NA	NA
1399115	1	NA	NA
1408186	37	NA	NA
1415630	4	NA	NA
1430440	1	NA	NA
